1 3.80154e-05 0.000113089 0.000191949 0.000285897 0.000359341 0.000413995 0.000510367 0.000598637 0.000671907 0.000623062 0.000677705 0.000724969 0.000756398 0.000785816
2 4.74692e-05 0.00015962 0.000342359 0.000429382 0.000898526 0.000849679 0.00110659 0.00133478 0.0015231 0.00143061 0.00170559 0.00178431 0.00225667 0.00209341
3 5.01024e-05 0.000179052 0.000448894 0.000546466 0.00156966 0.00140394 0.00196226 0.00258221 0.00317954 0.00291196 0.00360116 0.00388795 0.00476759 0.00465623
4 4.75225e-05 0.000174218 0.000479124 0.000600856 0.0021052 0.00193778 0.00289817 0.00419807 0.0055861 0.00477314 0.00626698 0.00740632 0.00891806 0.00936268
5 3.742e-05 0.000137064 0.000388945 0.00050981 0.00199553 0.00198745 0.00316938 0.005048 0.00785837 0.00676292 0.00931248 0.0116627 0.0135187 0.0155367
6 2.79341e-05 9.95187e-05 0.000270462 0.00035503 0.00147594 0.00155445 0.00270295 0.00503963 0.00925945 0.00788646 0.0112242 0.0158009 0.0177014 0.0221301
7 2.20624e-05 7.59109e-05 0.000189182 0.00023917 0.00103894 0.00111157 0.00208504 0.00445152 0.00949536 0.00807684 0.0122102 0.0191659 0.0207275 0.0282318
8 1.90586e-05 6.40702e-05 0.000150259 0.000183874 0.000737273 0.00076101 0.0015082 0.0037634 0.0092048 0.00781304 0.0124631 0.0214774 0.0222319 0.0329674
9 1.77485e-05 5.88046e-05 0.000130933 0.000161757 0.000570856 0.000543089 0.00109919 0.00309521 0.00858061 0.0072755 0.0122657 0.0230915 0.0225408 0.036429
10 1.7056e-05 5.61123e-05 0.000121348 0.000152342 0.000482259 0.000426028 0.000830113 0.00250189 0.00784208 0.00663643 0.0118457 0.0243899 0.0222041 0.0391635
11 1.66708e-05 5.46538e-05 0.000116323 0.000147866 0.000434443 0.000367571 0.00066241 0.00202295 0.00710657 0.00599037 0.0113318 0.0255948 0.0215625 0.0415284
12 1.64269e-05 5.3755e-05 0.000114345 0.000145284 0.000407878 0.000339286 0.000562211 0.00164373 0.00640868 0.00537985 0.0107777 0.026772 0.0207674 0.043649
13 1.62601e-05 5.31524e-05 0.000113231 0.000143604 0.00039224 0.000325204 0.000503955 0.00134797 0.00575751 0.00482014 0.0102109 0.027943 0.0198947 0.0455541
14 1.61675e-05 5.2783e-05 0.000112451 0.000142562 0.000382337 0.000317749 0.000470636 0.00112074 0.00515606 0.00431244 0.00964733 0.0291168 0.0191256 0.0472363
15 1.60914e-05 5.24906e-05 0.000111748 0.000141722 0.000375385 0.000313184 0.00045129 0.000949512 0.00460468 0.00385443 0.0090877 0.0302711 0.0184414 0.0486349
16 1.6044e-05 5.23158e-05 0.000111198 0.000141181 0.000370472 0.000310232 0.000439893 0.000823674 0.00410684 0.00344552 0.00854283 0.0313988 0.0178219 0.0497432
17 1.60269e-05 5.22477e-05 0.000110911 0.000140831 0.000367368 0.000308539 0.000433398 0.000733951 0.00366474 0.00308492 0.00802026 0.0324988 0.0172525 0.0505831
18 1.60473e-05 5.23084e-05 0.000110948 0.000140587 0.000365987 0.000308007 0.000430244 0.000672278 0.00327752 0.00277092 0.00752719 0.0335723 0.0167224 0.0511899
19 1.61036e-05 5.24936e-05 0.000111292 0.00014096 0.000366127 0.0003085 0.000429481 0.000631524 0.00294129 0.00249932 0.00706829 0.0346205 0.0162231 0.0516005
20 1.61873e-05 5.27757e-05 0.00011187 0.000141658 0.000367532 0.000309793 0.000430404 0.000605728 0.00265087 0.00226627 0.00664535 0.0356486 0.015748 0.0518502