1 6.07531e-05 0.000181732 0.000275762 0.000384595 0.000490544 0.000596298 0.000697666 0.000692416 0.000780645 0.000862966 0.000941103 0.000945713 0.00102194 0.00109213 0.00114055 0.00117889
2 7.65842e-05 0.000306251 0.000429916 0.000651226 0.00117733 0.0011701 0.00162327 0.00194316 0.00176377 0.00210537 0.00226393 0.00231725 0.00313851 0.00236466 0.00339214 0.00258212
3 7.21823e-05 0.000333449 0.000472681 0.000758098 0.0017107 0.0016057 0.00249302 0.00319123 0.00278417 0.00342138 0.00371028 0.00355523 0.00495306 0.00351426 0.00536578 0.00393067
4 6.31842e-05 0.000315446 0.000439351 0.000757009 0.00198767 0.00186521 0.00316415 0.00414387 0.00356385 0.00444559 0.00488291 0.00450818 0.00651337 0.00474361 0.00764228 0.00569311
5 5.56935e-05 0.000278263 0.000387966 0.000687317 0.00202492 0.00192962 0.0035458 0.00470659 0.00411515 0.00518457 0.00583838 0.00515506 0.00793197 0.00616399 0.0103031 0.00799
6 5.17935e-05 0.000250035 0.000346953 0.000615734 0.00192539 0.00189577 0.00372545 0.00498893 0.00454328 0.00576502 0.00656849 0.00556431 0.00907571 0.007646 0.0127311 0.0104345
7 4.86387e-05 0.000229265 0.00031845 0.000555058 0.00181231 0.0018143 0.00380801 0.00515695 0.00484533 0.00625873 0.00721545 0.00571759 0.00969427 0.00892064 0.0143657 0.0124926
8 4.73629e-05 0.000217012 0.00029905 0.000513115 0.00168325 0.00171457 0.00379844 0.00519022 0.00510923 0.00666872 0.00782303 0.00578083 0.00981065 0.00993308 0.0150664 0.0139668
9 4.66193e-05 0.000208989 0.000289741 0.000483938 0.00156344 0.00160968 0.00372566 0.0051378 0.00534868 0.00707039 0.00839076 0.00576828 0.00958397 0.0109502 0.0150311 0.0148879
10 4.61443e-05 0.00020389 0.000284782 0.000464678 0.00147859 0.00151301 0.00363398 0.00509251 0.00557625 0.00747649 0.00894106 0.00572411 0.00917426 0.0120073 0.0145746 0.0154365
11 4.58561e-05 0.000200743 0.000282085 0.000452448 0.00142005 0.00143019 0.0035559 0.00505772 0.00580065 0.00789575 0.00952316 0.00566472 0.00873578 0.0131398 0.0139393 0.0158778
12 4.56478e-05 0.000198582 0.000280501 0.000444346 0.0013801 0.00136044 0.00349053 0.0050323 0.00602068 0.00832626 0.0101345 0.00559115 0.00831566 0.0143627 0.0131768 0.0162259
13 4.54758e-05 0.000196905 0.000279466 0.000438563 0.00135301 0.00130767 0.00343629 0.0050141 0.00623379 0.00876427 0.0107722 0.00550415 0.00791818 0.0156867 0.0123513 0.0164832
14 4.53163e-05 0.000195439 0.000278683 0.000434 0.00133457 0.00126916 0.00339098 0.00500002 0.00643549 0.00920412 0.0114305 0.0054041 0.00754831 0.017119 0.0116098 0.0166424
15 4.5129e-05 0.000194419 0.000277832 0.000430287 0.00132089 0.00124081 0.00335027 0.00498367 0.00665042 0.00963952 0.0120987 0.00528942 0.00720128 0.0186525 0.0109717 0.0166739
16 4.49007e-05 0.000194213 0.000276742 0.000428928 0.00130909 0.00121907 0.0033101 0.00495911 0.00687722 0.0100995 0.0127617 0.00516186 0.00687243 0.0202727 0.0104256 0.0166665
17 4.46176e-05 0.000194127 0.000275289 0.000428326 0.00129697 0.00120105 0.00326628 0.00492035 0.00710805 0.0105745 0.0134037 0.00502569 0.00655954 0.0219545 0.0099621 0.0167208
18 4.45623e-05 0.00019385 0.000273384 0.000427591 0.00128286 0.0011844 0.0032148 0.00486174 0.00733382 0.0110532 0.014058 0.00488842 0.0062597 0.023661 0.00957284 0.0168413
19 4.45333e-05 0.000193257 0.000271018 0.00042626 0.00126585 0.00116736 0.0031528 0.00477946 0.00754528 0.0115236 0.014714 0.0047522 0.00596886 0.0253489 0.00924979 0.0170311
20 4.44542e-05 0.000192306 0.000269739 0.000424121 0.00124564 0.00114879 0.00307879 0.00467212 0.007733 0.0119733 0.0153607 0.00461614 0.00568518 0.0269692 0.0089852 0.0172909