1 4.02992e-05 0.000121839 0.000206717 0.000317374 0.000393302 0.000458964 0.000567681 0.000653335 0.000716262 0.000644472 0.000683967 0.000725632 0.00075067 0.000789638
2 5.13913e-05 0.000174173 0.000369787 0.000485297 0.00095292 0.000929971 0.00119992 0.00142504 0.00162949 0.00152313 0.00182861 0.00194484 0.00247753 0.00232671
3 4.75654e-05 0.000170053 0.000415184 0.000539352 0.00136449 0.00130139 0.00184645 0.00253206 0.00326985 0.00305981 0.0038885 0.00431643 0.00537356 0.00523554
4 3.57611e-05 0.000130296 0.00034961 0.000459687 0.00146342 0.00142795 0.00222544 0.0035047 0.00509884 0.00459416 0.00589914 0.00695542 0.00937318 0.0093576
5 2.67692e-05 9.49447e-05 0.000251025 0.000324823 0.00121953 0.00117658 0.00199285 0.00361588 0.00582065 0.0053778 0.00763539 0.00957383 0.0134337 0.01391
6 2.28559e-05 7.88232e-05 0.000201876 0.000245602 0.0010646 0.00101594 0.00186135 0.00383697 0.00683506 0.00611458 0.00890857 0.0119635 0.016595 0.0193419
7 2.25513e-05 7.6165e-05 0.000185045 0.000219599 0.000960485 0.000895117 0.00174127 0.00404865 0.00797441 0.00683542 0.0100253 0.0141483 0.0188355 0.0246127
8 2.2078e-05 7.41265e-05 0.000174846 0.000207205 0.000867713 0.000785547 0.0015916 0.00414188 0.00902122 0.00734983 0.0107174 0.0156919 0.0197113 0.028753
9 2.14821e-05 7.19152e-05 0.00016675 0.000198637 0.000786531 0.000690535 0.00142603 0.0041173 0.00992126 0.00765508 0.0110314 0.016616 0.0204177 0.0324243
10 2.09019e-05 6.9792e-05 0.000159758 0.000191609 0.000717554 0.000611992 0.00126086 0.00398921 0.0106517 0.007772 0.0110481 0.0170823 0.0210334 0.0365543
11 2.03233e-05 6.76938e-05 0.000153381 0.000185193 0.000658766 0.000548674 0.00110517 0.00377111 0.0111725 0.00771045 0.0108273 0.0173872 0.0215227 0.0412214
12 1.97558e-05 6.56459e-05 0.000147466 0.000179094 0.00060816 0.000498286 0.000965005 0.00347903 0.0114507 0.00748561 0.0104165 0.0175275 0.0218635 0.0465083
13 1.92083e-05 6.36737e-05 0.000141878 0.000173387 0.000563733 0.000457881 0.000843996 0.00313472 0.0114651 0.00711474 0.0098508 0.0174834 0.0222675 0.0524485
14 1.86622e-05 6.1718e-05 0.000136463 0.000167761 0.000524281 0.000424933 0.000742031 0.00275594 0.0111946 0.00661323 0.00914475 0.017213 0.0229246 0.0591074
15 1.80993e-05 5.97174e-05 0.000131015 0.000162085 0.000487787 0.000396504 0.000657222 0.00236093 0.0106258 0.0059942 0.00830438 0.0168523 0.0237962 0.0665873
16 1.74957e-05 5.7592e-05 0.000125255 0.000156077 0.000452764 0.000370497 0.000585625 0.00196675 0.00975626 0.0052723 0.00760723 0.0167372 0.0248632 0.0747715
17 1.67773e-05 5.50917e-05 0.00011882 0.000149146 0.000416726 0.000344306 0.000522644 0.00158551 0.00858664 0.00446408 0.0070321 0.0168118 0.0261098 0.0836671
18 1.5922e-05 5.21333e-05 0.000111338 0.000140974 0.000378409 0.000316675 0.00046449 0.00123132 0.00716629 0.00373141 0.00649945 0.0169679 0.0274701 0.0932099
19 1.49133e-05 4.86644e-05 0.0001027 0.000131428 0.000337472 0.000286978 0.000409188 0.000920926 0.00575691 0.0030784 0.00594098 0.0170437 0.028803 0.103305
20 1.37853e-05 4.48053e-05 9.3303e-05 0.000120875 0.000296847 0.000256236 0.000357057 0.000692465 0.00452976 0.00249155 0.00534251 0.0169044 0.0299127 0.113722