t(s)	a(g)
0	0.00002
0.01	0.00002
0.02	0.00003
0.03	0.00003
0.04	0.00003
0.05	0.00092
0.06	0.00091
0.07	0.00091
0.08	0.00091
0.09	0.00091
0.1	0.00091
0.11	0.00091
0.12	0.00091
0.13	0.00091
0.14	0.00091
0.15	0.00091
0.16	0.00091
0.17	0.00093
0.18	0.00093
0.19	0.00093
0.2	0.00093
0.21	0.00094
0.22	0.00094
0.23	0.00094
0.24	0.00094
0.25	0.00093
0.26	0.00094
0.27	0.00094
0.28	0.00094
0.29	0.00094
0.3	0.00093
0.31	0.00093
0.32	0.00093
0.33	0.00092
0.34	0.00093
0.35	0.00095
0.36	0.00095
0.37	0.00095
0.38	0.00097
0.39	0.00095
0.4	0.00095
0.41	0.00095
0.42	0.00094
0.43	0.00094
0.44	0.00093
0.45	0.00093
0.46	0.00092
0.47	0.00092
0.48	0.00093
0.49	0.00093
0.5	0.00097
0.51	0.00098
0.52	0.00100
0.53	0.00106
0.54	0.00107
0.55	0.00109
0.56	0.00107
0.57	0.00105
0.58	0.00100
0.59	0.00093
0.6	0.00089
0.61	0.00084
0.62	0.00086
0.63	0.00092
0.64	0.00105
0.65	0.00120
0.66	0.00131
0.67	0.00141
0.68	0.00147
0.69	0.00153
0.7	0.00158
0.71	0.00164
0.72	0.00175
0.73	0.00182
0.74	0.00190
0.75	0.00190
0.76	0.00181
0.77	0.00168
0.78	0.00152
0.79	0.00139
0.8	0.00128
0.81	0.00121
0.82	0.00113
0.83	0.00102
0.84	0.00086
0.85	0.00060
0.86	0.00024
0.87	-0.00028
0.88	-0.00080
0.89	-0.00139
0.9	-0.00198
0.91	-0.00247
0.92	-0.00290
0.93	-0.00330
0.94	-0.00373
0.95	-0.00421
0.96	-0.00482
0.97	-0.00550
0.98	-0.00619
0.99	-0.00667
1	-0.00694
1.01	-0.00694
1.02	-0.00673
1.03	-0.00632
1.04	-0.00584
1.05	-0.00538
1.06	-0.00505
1.07	-0.00500
1.08	-0.00525
1.09	-0.00582
1.1	-0.00659
1.11	-0.00748
1.12	-0.00845
1.13	-0.00942
1.14	-0.01037
1.15	-0.01131
1.16	-0.01209
1.17	-0.01259
1.18	-0.01273
1.19	-0.01239
1.2	-0.01164
1.21	-0.01043
1.22	-0.00892
1.23	-0.00730
1.24	-0.00573
1.25	-0.00385
1.26	-0.00120
1.27	0.00272
1.28	0.00812
1.29	0.01460
1.3	0.02092
1.31	0.02581
1.32	0.02831
1.33	0.02811
1.34	0.02559
1.35	0.02153
1.36	0.01677
1.37	0.01206
1.38	0.00781
1.39	0.00413
1.4	0.00079
1.41	-0.00247
1.42	-0.00602
1.43	-0.01006
1.44	-0.01465
1.45	-0.01987
1.46	-0.02567
1.47	-0.03207
1.48	-0.03898
1.49	-0.04626
1.5	-0.05389
1.51	-0.06175
1.52	-0.06944
1.53	-0.07606
1.54	-0.08040
1.55	-0.08162
1.56	-0.07950
1.57	-0.07463
1.58	-0.06833
1.59	-0.06235
1.6	-0.05821
1.61	-0.05662
1.62	-0.05728
1.63	-0.05930
1.64	-0.06152
1.65	-0.06326
1.66	-0.06442
1.67	-0.06550
1.68	-0.06712
1.69	-0.06970
1.7	-0.07194
1.71	-0.06940
1.72	-0.05654
1.73	-0.02931
1.74	0.01249
1.75	0.06298
1.76	0.11260
1.77	0.15206
1.78	0.17599
1.79	0.18383
1.8	0.17918
1.81	0.16767
1.82	0.15489
1.83	0.14515
1.84	0.14064
1.85	0.14153
1.86	0.14632
1.87	0.15284
1.88	0.15905
1.89	0.16364
1.9	0.16582
1.91	0.16497
1.92	0.16071
1.93	0.15300
1.94	0.14235
1.95	0.12949
1.96	0.11529
1.97	0.10032
1.98	0.08495
1.99	0.06890
2	0.05173
2.01	0.03300
2.02	0.01258
2.03	-0.00940
2.04	-0.03254
2.05	-0.05637
2.06	-0.08053
2.07	-0.10474
2.08	-0.12893
2.09	-0.15310
2.1	-0.17738
2.11	-0.20182
2.12	-0.22653
2.13	-0.25146
2.14	-0.27660
2.15	-0.30157
2.16	-0.32567
2.17	-0.34801
2.18	-0.36800
2.19	-0.38554
2.2	-0.40100
2.21	-0.41369
2.22	-0.42149
2.23	-0.42182
2.24	-0.41173
2.25	-0.38753
2.26	-0.34104
2.27	-0.25843
2.28	-0.13460
2.29	0.01427
2.3	0.15850
2.31	0.26949
2.32	0.33054
2.33	0.34042
2.34	0.31072
2.35	0.25935
2.36	0.20385
2.37	0.15645
2.38	0.12201
2.39	0.09952
2.4	0.08432
2.41	0.07088
2.42	0.05481
2.43	0.03403
2.44	0.00862
2.45	-0.01981
2.46	-0.04908
2.47	-0.07740
2.48	-0.10389
2.49	-0.12858
2.5	-0.15019
2.51	-0.15628
2.52	-0.12358
2.53	-0.03885
2.54	0.08496
2.55	0.21624
2.56	0.32131
2.57	0.37773
2.58	0.37996
2.59	0.33744
2.6	0.26827
2.61	0.19175
2.62	0.12226
2.63	0.06715
2.64	0.03063
2.65	0.01895
2.66	0.03793
2.67	0.08699
2.68	0.15430
2.69	0.22161
2.7	0.27204
2.71	0.29608
2.72	0.29326
2.73	0.26993
2.74	0.23604
2.75	0.20093
2.76	0.17101
2.77	0.14855
2.78	0.13246
2.79	0.11971
2.8	0.10688
2.81	0.09157
2.82	0.07282
2.83	0.05114
2.84	0.02788
2.85	0.00454
2.86	-0.01772
2.87	-0.03792
2.88	-0.05399
2.89	-0.06274
2.9	-0.06149
2.91	-0.04948
2.92	-0.02804
2.93	0.00001
2.94	0.03069
2.95	0.05835
2.96	0.07759
2.97	0.08509
2.98	0.08064
2.99	0.06664
3	0.04701
3.01	0.02564
3.02	0.00531
3.03	-0.01285
3.04	-0.02916
3.05	-0.04455
3.06	-0.06021
3.07	-0.07696
3.08	-0.09500
3.09	-0.11313
3.1	-0.12639
3.11	-0.12735
3.12	-0.11108
3.13	-0.08017
3.14	-0.04382
3.15	-0.01287
3.16	0.00458
3.17	0.00556
3.18	-0.00791
3.19	-0.03069
3.2	-0.05683
3.21	-0.08150
3.22	-0.10220
3.23	-0.11857
3.24	-0.13203
3.25	-0.14459
3.26	-0.15802
3.27	-0.17239
3.28	-0.18133
3.29	-0.17411
3.3	-0.14683
3.31	-0.10636
3.32	-0.06543
3.33	-0.03633
3.34	-0.02629
3.35	-0.03611
3.36	-0.06137
3.37	-0.09493
3.38	-0.12987
3.39	-0.16129
3.4	-0.18730
3.41	-0.20728
3.42	-0.21176
3.43	-0.17981
3.44	-0.10185
3.45	0.00760
3.46	0.11927
3.47	0.20423
3.48	0.24472
3.49	0.23801
3.5	0.19405
3.51	0.12940
3.52	0.06058
3.53	0.00070
3.54	-0.03631
3.55	-0.03456
3.56	0.01055
3.57	0.08584
3.58	0.16745
3.59	0.23249
3.6	0.26670
3.61	0.26753
3.62	0.24215
3.63	0.20266
3.64	0.16119
3.65	0.12623
3.66	0.10127
3.67	0.08511
3.68	0.07396
3.69	0.06528
3.7	0.06106
3.71	0.06345
3.72	0.07133
3.73	0.08081
3.74	0.08769
3.75	0.08887
3.76	0.08345
3.77	0.07235
3.78	0.05770
3.79	0.04172
3.8	0.02594
3.81	0.01096
3.82	-0.00329
3.83	-0.01729
3.84	-0.03139
3.85	-0.04430
3.86	-0.05289
3.87	-0.05368
3.88	-0.04476
3.89	-0.02633
3.9	-0.00078
3.91	0.02688
3.92	0.04995
3.93	0.06285
3.94	0.06303
3.95	0.05130
3.96	0.03103
3.97	0.00646
3.98	-0.01877
3.99	-0.04247
4	-0.06399
4.01	-0.08388
4.02	-0.10332
4.03	-0.12343
4.04	-0.14478
4.05	-0.16512
4.06	-0.17672
4.07	-0.16958
4.08	-0.13793
4.09	-0.08626
4.1	-0.02801
4.11	0.02130
4.12	0.05050
4.13	0.05620
4.14	0.04423
4.15	0.02634
4.16	0.01382
4.17	0.01181
4.18	0.01859
4.19	0.02828
4.2	0.03432
4.21	0.03217
4.22	0.02038
4.23	0.00046
4.24	-0.02433
4.25	-0.05052
4.26	-0.07543
4.27	-0.09793
4.28	-0.11820
4.29	-0.13730
4.3	-0.15652
4.31	-0.17680
4.32	-0.19862
4.33	-0.22195
4.34	-0.24637
4.35	-0.27086
4.36	-0.29351
4.37	-0.31242
4.38	-0.32640
4.39	-0.33544
4.4	-0.34016
4.41	-0.34072
4.42	-0.33643
4.43	-0.32419
4.44	-0.29247
4.45	-0.23057
4.46	-0.14432
4.47	-0.05361
4.48	0.01852
4.49	0.05604
4.5	0.05496
4.51	0.02556
4.52	-0.01196
4.53	-0.03661
4.54	-0.03438
4.55	-0.00136
4.56	0.05720
4.57	0.12927
4.58	0.19827
4.59	0.24851
4.6	0.27070
4.61	0.26403
4.62	0.23490
4.63	0.19338
4.64	0.14940
4.65	0.10994
4.66	0.07761
4.67	0.05106
4.68	0.02670
4.69	0.00070
4.7	-0.02949
4.71	-0.06456
4.72	-0.10350
4.73	-0.14440
4.74	-0.18517
4.75	-0.22118
4.76	-0.24073
4.77	-0.22939
4.78	-0.18204
4.79	-0.10960
4.8	-0.03326
4.81	0.02597
4.82	0.05499
4.83	0.05133
4.84	0.02161
4.85	-0.02275
4.86	-0.07017
4.87	-0.11231
4.88	-0.14567
4.89	-0.17101
4.9	-0.19191
4.91	-0.21260
4.92	-0.23456
4.93	-0.24742
4.94	-0.22918
4.95	-0.16181
4.96	-0.04935
4.97	0.08289
4.98	0.20249
4.99	0.28399
5	0.31658
5.01	0.30439
5.02	0.26179
5.03	0.20690
5.04	0.15846
5.05	0.13423
5.06	0.14516
5.07	0.18854
5.08	0.24857
5.09	0.30463
5.1	0.34020
5.11	0.34763
5.12	0.32866
5.13	0.29167
5.14	0.24734
5.15	0.20484
5.16	0.16960
5.17	0.14267
5.18	0.12188
5.19	0.10349
5.2	0.08466
5.21	0.06665
5.22	0.05422
5.23	0.05258
5.24	0.06316
5.25	0.08202
5.26	0.10216
5.27	0.11691
5.28	0.12221
5.29	0.11706
5.3	0.10254
5.31	0.08088
5.32	0.05476
5.33	0.02671
5.34	-0.00146
5.35	-0.02874
5.36	-0.05345
5.37	-0.06588
5.38	-0.05417
5.39	-0.01836
5.4	0.02986
5.41	0.07446
5.42	0.10236
5.43	0.10741
5.44	0.09103
5.45	0.06000
5.46	0.02298
5.47	-0.01238
5.48	-0.04163
5.49	-0.06364
5.5	-0.08004
5.51	-0.09377
5.52	-0.10749
5.53	-0.12096
5.54	-0.13049
5.55	-0.13134
5.56	-0.12010
5.57	-0.09609
5.58	-0.06175
5.59	-0.02297
5.6	0.01228
5.61	0.03704
5.62	0.04789
5.63	0.04529
5.64	0.03287
5.65	0.01545
5.66	-0.00252
5.67	-0.01819
5.68	-0.03056
5.69	-0.04024
5.7	-0.04867
5.71	-0.05747
5.72	-0.06780
5.73	-0.07928
5.74	-0.08787
5.75	-0.08701
5.76	-0.07105
5.77	-0.03808
5.78	0.00950
5.79	0.06456
5.8	0.11660
5.81	0.15596
5.82	0.17714
5.83	0.17993
5.84	0.16841
5.85	0.14929
5.86	0.13068
5.87	0.11965
5.88	0.12021
5.89	0.13250
5.9	0.15292
5.91	0.17503
5.92	0.19212
5.93	0.19984
5.94	0.19757
5.95	0.18790
5.96	0.17479
5.97	0.16188
5.98	0.15081
5.99	0.14120
6	0.13153
6.01	0.11997
6.02	0.10490
6.03	0.08529
6.04	0.06098
6.05	0.03271
6.06	0.00189
6.07	-0.02934
6.08	-0.05704
6.09	-0.07701
6.1	-0.08630
6.11	-0.08453
6.12	-0.07328
6.13	-0.05637
6.14	-0.04035
6.15	-0.03249
6.16	-0.03766
6.17	-0.05698
6.18	-0.08775
6.19	-0.12335
6.2	-0.15516
6.21	-0.17601
6.22	-0.18311
6.23	-0.17965
6.24	-0.17220
6.25	-0.16768
6.26	-0.17066
6.27	-0.18241
6.28	-0.20120
6.29	-0.22371
6.3	-0.24635
6.31	-0.26590
6.32	-0.27849
6.33	-0.28090
6.34	-0.27239
6.35	-0.25501
6.36	-0.23253
6.37	-0.21013
6.38	-0.19252
6.39	-0.18255
6.4	-0.18052
6.41	-0.18451
6.42	-0.19090
6.43	-0.19528
6.44	-0.19416
6.45	-0.18616
6.46	-0.17239
6.47	-0.15585
6.48	-0.13993
6.49	-0.12703
6.5	-0.11808
6.51	-0.11251
6.52	-0.10892
6.53	-0.10557
6.54	-0.10034
6.55	-0.09099
6.56	-0.07598
6.57	-0.05498
6.58	-0.02900
6.59	-0.00080
6.6	0.02532
6.61	0.04536
6.62	0.05758
6.63	0.06302
6.64	0.06429
6.65	0.06453
6.66	0.06611
6.67	0.07019
6.68	0.07659
6.69	0.08371
6.7	0.08886
6.71	0.09072
6.72	0.09080
6.73	0.09255
6.74	0.09878
6.75	0.10964
6.76	0.12294
6.77	0.13572
6.78	0.14596
6.79	0.15291
6.8	0.15705
6.81	0.15949
6.82	0.16132
6.83	0.16295
6.84	0.16403
6.85	0.16390
6.86	0.16189
6.87	0.15759
6.88	0.15083
6.89	0.14176
6.9	0.13074
6.91	0.11819
6.92	0.10391
6.93	0.08718
6.94	0.06766
6.95	0.04746
6.96	0.03202
6.97	0.02750
6.98	0.03772
6.99	0.06193
7	0.09353
7.01	0.12275
7.02	0.14108
7.03	0.14410
7.04	0.13214
7.05	0.10921
7.06	0.08196
7.07	0.05803
7.08	0.04359
7.09	0.04146
7.1	0.05082
7.11	0.06814
7.12	0.08779
7.13	0.10314
7.14	0.10903
7.15	0.10320
7.16	0.08673
7.17	0.06289
7.18	0.03597
7.19	0.00981
7.2	-0.01306
7.21	-0.03181
7.22	-0.04703
7.23	-0.05935
7.24	-0.06801
7.25	-0.07127
7.26	-0.06782
7.27	-0.05742
7.28	-0.04192
7.29	-0.02550
7.3	-0.01291
7.31	-0.00727
7.32	-0.00866
7.33	-0.01479
7.34	-0.02236
7.35	-0.02897
7.36	-0.03380
7.37	-0.03734
7.38	-0.04081
7.39	-0.04531
7.4	-0.05145
7.41	-0.05926
7.42	-0.06822
7.43	-0.07767
7.44	-0.08661
7.45	-0.09345
7.46	-0.09656
7.47	-0.09498
7.48	-0.08871
7.49	-0.07921
7.5	-0.06975
7.51	-0.06428
7.52	-0.06566
7.53	-0.07479
7.54	-0.09034
7.55	-0.10802
7.56	-0.12205
7.57	-0.12742
7.58	-0.12209
7.59	-0.10757
7.6	-0.08807
7.61	-0.06838
7.62	-0.05228
7.63	-0.04225
7.64	-0.03914
7.65	-0.04180
7.66	-0.04782
7.67	-0.05491
7.68	-0.06173
7.69	-0.06794
7.7	-0.07390
7.71	-0.08020
7.72	-0.08739
7.73	-0.09563
7.74	-0.10450
7.75	-0.11245
7.76	-0.11768
7.77	-0.11883
7.78	-0.11553
7.79	-0.10881
7.8	-0.10134
7.81	-0.09653
7.82	-0.09715
7.83	-0.10381
7.84	-0.11288
7.85	-0.11857
7.86	-0.11721
7.87	-0.10854
7.88	-0.09418
7.89	-0.07572
7.9	-0.05430
7.91	-0.03142
7.92	-0.00923
7.93	0.01036
7.94	0.02631
7.95	0.03857
7.96	0.04778
7.97	0.05481
7.98	0.06054
7.99	0.06568
8	0.07055
8.01	0.07510
8.02	0.07910
8.03	0.08224
8.04	0.08319
8.05	0.07942
8.06	0.06866
8.07	0.05213
8.08	0.03531
8.09	0.02512
8.1	0.02673
8.11	0.04172
8.12	0.06715
8.13	0.09604
8.14	0.12028
8.15	0.13444
8.16	0.13726
8.17	0.13129
8.18	0.12082
8.19	0.11039
8.2	0.10319
8.21	0.10038
8.22	0.10142
8.23	0.10459
8.24	0.10802
8.25	0.11023
8.26	0.11073
8.27	0.10996
8.28	0.10900
8.29	0.10884
8.3	0.11002
8.31	0.11196
8.32	0.11329
8.33	0.11253
8.34	0.10865
8.35	0.10129
8.36	0.09067
8.37	0.07740
8.38	0.06241
8.39	0.04661
8.4	0.03123
8.41	0.01757
8.42	0.00673
8.43	-0.00108
8.44	-0.00628
8.45	-0.00967
8.46	-0.01219
8.47	-0.01447
8.48	-0.01692
8.49	-0.01955
8.5	-0.02226
8.51	-0.02467
8.52	-0.02617
8.53	-0.02631
8.54	-0.02526
8.55	-0.02398
8.56	-0.02388
8.57	-0.02611
8.58	-0.03108
8.59	-0.03825
8.6	-0.04196
8.61	-0.03180
8.62	-0.00272
8.63	0.04202
8.64	0.09333
8.65	0.13968
8.66	0.17156
8.67	0.18441
8.68	0.17932
8.69	0.16141
8.7	0.13748
8.71	0.11344
8.72	0.09288
8.73	0.07675
8.74	0.06403
8.75	0.05269
8.76	0.04075
8.77	0.02693
8.78	0.01104
8.79	-0.00643
8.8	-0.02450
8.81	-0.04206
8.82	-0.05755
8.83	-0.06904
8.84	-0.07509
8.85	-0.07534
8.86	-0.07094
8.87	-0.06460
8.88	-0.05995
8.89	-0.06000
8.9	-0.06609
8.91	-0.07680
8.92	-0.08847
8.93	-0.09699
8.94	-0.10059
8.95	-0.10091
8.96	-0.10161
8.97	-0.10629
8.98	-0.11710
8.99	-0.13421
9	-0.15627
9.01	-0.18123
9.02	-0.20711
9.03	-0.23252
9.04	-0.25561
9.05	-0.26741
9.06	-0.25094
9.07	-0.19586
9.08	-0.11054
9.09	-0.01710
9.1	0.06045
9.11	0.10564
9.12	0.11395
9.13	0.09390
9.14	0.06387
9.15	0.04283
9.16	0.04083
9.17	0.05689
9.18	0.08254
9.19	0.10723
9.2	0.12341
9.21	0.12915
9.22	0.12673
9.23	0.11875
9.24	0.10661
9.25	0.09060
9.26	0.07063
9.27	0.04610
9.28	0.01627
9.29	-0.01921
9.3	-0.05991
9.31	-0.10384
9.32	-0.14383
9.33	-0.16796
9.34	-0.16673
9.35	-0.14014
9.36	-0.09777
9.37	-0.05305
9.38	-0.01639
9.39	0.00823
9.4	0.02284
9.41	0.03279
9.42	0.04390
9.43	0.06038
9.44	0.08365
9.45	0.11267
9.46	0.14454
9.47	0.17546
9.48	0.20193
9.49	0.22097
9.5	0.22954
9.51	0.22562
9.52	0.20926
9.53	0.18255
9.54	0.14896
9.55	0.11199
9.56	0.07464
9.57	0.03829
9.58	0.00246
9.59	-0.03451
9.6	-0.07441
9.61	-0.11452
9.62	-0.14191
9.63	-0.14115
9.64	-0.10854
9.65	-0.05442
9.66	0.00387
9.67	0.05000
9.68	0.07428
9.69	0.07532
9.7	0.05832
9.71	0.03190
9.72	0.00379
9.73	-0.02189
9.74	-0.04464
9.75	-0.06384
9.76	-0.07503
9.77	-0.07157
9.78	-0.04922
9.79	-0.01130
9.8	0.03115
9.81	0.06499
9.82	0.08104
9.83	0.07736
9.84	0.05846
9.85	0.03221
9.86	0.00638
9.87	-0.01390
9.88	-0.02757
9.89	-0.03693
9.9	-0.04574
9.91	-0.05688
9.92	-0.07137
9.93	-0.08867
9.94	-0.10704
9.95	-0.12365
9.96	-0.13507
9.97	-0.13867
9.98	-0.13337
9.99	-0.11971
10	-0.09927
10.01	-0.07528
10.02	-0.05266
10.03	-0.03508
10.04	-0.02260
10.05	-0.01251
10.06	-0.00162
10.07	0.01049
10.08	0.02073
10.09	0.02487
10.1	0.01966
10.11	0.00427
10.12	-0.01983
10.13	-0.04924
10.14	-0.07718
10.15	-0.09470
10.16	-0.09660
10.17	-0.08363
10.18	-0.06173
10.19	-0.03884
10.2	-0.02136
10.21	-0.01169
10.22	-0.00831
10.23	-0.00759
10.24	-0.00562
10.25	0.00000
10.26	0.00903
10.27	0.01879
10.28	0.02601
10.29	0.02818
10.3	0.02453
10.31	0.01553
10.32	0.00208
10.33	-0.01484
10.34	-0.03438
10.35	-0.05571
10.36	-0.07827
10.37	-0.10161
10.38	-0.12534
10.39	-0.14850
10.4	-0.16739
10.41	-0.17686
10.42	-0.17269
10.43	-0.15307
10.44	-0.11913
10.45	-0.07500
10.46	-0.02834
10.47	0.01113
10.48	0.03587
10.49	0.04444
10.5	0.04288
10.51	0.04109
10.52	0.04757
10.53	0.06419
10.54	0.08561
10.55	0.10323
10.56	0.10971
10.57	0.10148
10.58	0.07933
10.59	0.04754
10.6	0.01232
10.61	-0.02032
10.62	-0.04654
10.63	-0.06511
10.64	-0.07618
10.65	-0.07980
10.66	-0.07594
10.67	-0.06528
10.68	-0.04935
10.69	-0.03087
10.7	-0.01250
10.71	0.00379
10.72	0.01714
10.73	0.02743
10.74	0.03441
10.75	0.03810
10.76	0.03941
10.77	0.04033
10.78	0.04317
10.79	0.04947
10.8	0.05967
10.81	0.07322
10.82	0.08869
10.83	0.10344
10.84	0.11381
10.85	0.11678
10.86	0.11098
10.87	0.09716
10.88	0.07756
10.89	0.05490
10.9	0.03205
10.91	0.01230
10.92	-0.00125
10.93	-0.00725
10.94	-0.00645
10.95	-0.00094
10.96	0.00659
10.97	0.01419
10.98	0.02264
10.99	0.03232
11	0.04124
11.01	0.04625
11.02	0.04469
11.03	0.03553
11.04	0.01952
11.05	-0.00126
11.06	-0.02435
11.07	-0.04729
11.08	-0.06797
11.09	-0.08396
11.1	-0.09203
11.11	-0.08969
11.12	-0.07634
11.13	-0.05346
11.14	-0.02396
11.15	0.00836
11.16	0.03838
11.17	0.06077
11.18	0.07199
11.19	0.07137
11.2	0.06093
11.21	0.04430
11.22	0.02529
11.23	0.00689
11.24	-0.00935
11.25	-0.02318
11.26	-0.03457
11.27	-0.04173
11.28	-0.04171
11.29	-0.03215
11.3	-0.01319
11.31	0.01249
11.32	0.04078
11.33	0.06771
11.34	0.08975
11.35	0.10444
11.36	0.11090
11.37	0.11012
11.38	0.10422
11.39	0.09579
11.4	0.08696
11.41	0.07909
11.42	0.07259
11.43	0.06715
11.44	0.06220
11.45	0.05781
11.46	0.05550
11.47	0.05724
11.48	0.06404
11.49	0.07532
11.5	0.08956
11.51	0.10565
11.52	0.12321
11.53	0.14072
11.54	0.15508
11.55	0.16325
11.56	0.16340
11.57	0.15567
11.58	0.14187
11.59	0.12481
11.6	0.10742
11.61	0.09191
11.62	0.07918
11.63	0.06910
11.64	0.06061
11.65	0.05233
11.66	0.04275
11.67	0.03082
11.68	0.01630
11.69	-0.00034
11.7	-0.01836
11.71	-0.03683
11.72	-0.05496
11.73	-0.07213
11.74	-0.08799
11.75	-0.10254
11.76	-0.11595
11.77	-0.12866
11.78	-0.14103
11.79	-0.15320
11.8	-0.16474
11.81	-0.17512
11.82	-0.18384
11.83	-0.19071
11.84	-0.19601
11.85	-0.20014
11.86	-0.20377
11.87	-0.20782
11.88	-0.21365
11.89	-0.22239
11.9	-0.23451
11.91	-0.24975
11.92	-0.26726
11.93	-0.28509
11.94	-0.29776
11.95	-0.29713
11.96	-0.27648
11.97	-0.23453
11.98	-0.17602
11.99	-0.10905
12	-0.04211
12.01	0.01705
12.02	0.06216
12.03	0.09015
12.04	0.10198
12.05	0.10273
12.06	0.10000
12.07	0.10116
12.08	0.11081
12.09	0.12973
12.1	0.15431
12.11	0.17819
12.12	0.19535
12.13	0.20216
12.14	0.19839
12.15	0.18646
12.16	0.17015
12.17	0.15324
12.18	0.13929
12.19	0.13083
12.2	0.12878
12.21	0.13220
12.22	0.13885
12.23	0.14600
12.24	0.15150
12.25	0.15420
12.26	0.15403
12.27	0.15180
12.28	0.14868
12.29	0.14582
12.3	0.14378
12.31	0.14249
12.32	0.14037
12.33	0.13416
12.34	0.12017
12.35	0.09622
12.36	0.06343
12.37	0.02690
12.38	-0.00671
12.39	-0.03270
12.4	-0.04992
12.41	-0.06043
12.42	-0.06673
12.43	-0.06934
12.44	-0.06788
12.45	-0.06331
12.46	-0.05850
12.47	-0.05672
12.48	-0.06020
12.49	-0.06936
12.5	-0.08205
12.51	-0.09420
12.52	-0.10170
12.53	-0.10204
12.54	-0.09483
12.55	-0.08168
12.56	-0.06573
12.57	-0.05146
12.58	-0.04323
12.59	-0.04346
12.6	-0.05138
12.61	-0.06265
12.62	-0.07189
12.63	-0.07588
12.64	-0.07442
12.65	-0.06958
12.66	-0.06356
12.67	-0.05715
12.68	-0.04999
12.69	-0.04171
12.7	-0.03253
12.71	-0.02295
12.72	-0.01331
12.73	-0.00338
12.74	0.00653
12.75	0.01507
12.76	0.02083
12.77	0.02291
12.78	0.02128
12.79	0.01665
12.8	0.01044
12.81	0.00490
12.82	0.00259
12.83	0.00539
12.84	0.01382
12.85	0.02687
12.86	0.04185
12.87	0.05457
12.88	0.06112
12.89	0.05937
12.9	0.04931
12.91	0.03261
12.92	0.01177
12.93	-0.01003
12.94	-0.02963
12.95	-0.04476
12.96	-0.05452
12.97	-0.05932
12.98	-0.06056
12.99	-0.05980
13	-0.05850
13.01	-0.05739
13.02	-0.05585
13.03	-0.05207
13.04	-0.04537
13.05	-0.03702
13.06	-0.02932
13.07	-0.02460
13.08	-0.02436
13.09	-0.02906
13.1	-0.03788
13.11	-0.04928
13.12	-0.06133
13.13	-0.07210
13.14	-0.08023
13.15	-0.08552
13.16	-0.08929
13.17	-0.09348
13.18	-0.09920
13.19	-0.10631
13.2	-0.11432
13.21	-0.12218
13.22	-0.12653
13.23	-0.12254
13.24	-0.10712
13.25	-0.08143
13.26	-0.04985
13.27	-0.01795
13.28	0.00975
13.29	0.03079
13.3	0.04488
13.31	0.05345
13.32	0.05826
13.33	0.06053
13.34	0.06070
13.35	0.05889
13.36	0.05522
13.37	0.05010
13.38	0.04377
13.39	0.03473
13.4	0.02041
13.41	0.00123
13.42	-0.01719
13.43	-0.02710
13.44	-0.02265
13.45	-0.00428
13.46	0.02094
13.47	0.04303
13.48	0.05382
13.49	0.04937
13.5	0.03054
13.51	0.00214
13.52	-0.02695
13.53	-0.04582
13.54	-0.04580
13.55	-0.02356
13.56	0.01754
13.57	0.06630
13.58	0.10751
13.59	0.12857
13.6	0.12473
13.61	0.09985
13.62	0.06334
13.63	0.02601
13.64	-0.00246
13.65	-0.01608
13.66	-0.01387
13.67	0.00077
13.68	0.02181
13.69	0.04267
13.7	0.05799
13.71	0.06502
13.72	0.06420
13.73	0.05813
13.74	0.05009
13.75	0.04248
13.76	0.03609
13.77	0.03059
13.78	0.02556
13.79	0.02071
13.8	0.01569
13.81	0.00965
13.82	0.00175
13.83	-0.00798
13.84	-0.01894
13.85	-0.03044
13.86	-0.04339
13.87	-0.06004
13.88	-0.08153
13.89	-0.10378
13.9	-0.11874
13.91	-0.11857
13.92	-0.09928
13.93	-0.06156
13.94	-0.01006
13.95	0.04715
13.96	0.09963
13.97	0.13798
13.98	0.15706
13.99	0.15721
14	0.14299
14.01	0.12100
14.02	0.09747
14.03	0.07667
14.04	0.06021
14.05	0.04763
14.06	0.03743
14.07	0.02797
14.08	0.01815
14.09	0.00734
14.1	-0.00523
14.11	-0.01999
14.12	-0.03443
14.13	-0.04211
14.14	-0.03650
14.15	-0.01652
14.16	0.01306
14.17	0.04455
14.18	0.07130
14.19	0.08991
14.2	0.09973
14.21	0.10143
14.22	0.09635
14.23	0.08617
14.24	0.07219
14.25	0.05390
14.26	0.02982
14.27	-0.00001
14.28	-0.03361
14.29	-0.06783
14.3	-0.09997
14.31	-0.12855
14.32	-0.15334
14.33	-0.17376
14.34	-0.18793
14.35	-0.19385
14.36	-0.19014
14.37	-0.17576
14.38	-0.15049
14.39	-0.11645
14.4	-0.07792
14.41	-0.03942
14.42	-0.00512
14.43	0.02098
14.44	0.03580
14.45	0.03825
14.46	0.02971
14.47	0.01323
14.48	-0.00746
14.49	-0.02911
14.5	-0.04884
14.51	-0.06294
14.52	-0.06737
14.53	-0.06044
14.54	-0.04399
14.55	-0.02180
14.56	0.00156
14.57	0.02119
14.58	0.03334
14.59	0.03645
14.6	0.03147
14.61	0.02145
14.62	0.01089
14.63	0.00404
14.64	0.00341
14.65	0.00916
14.66	0.01948
14.67	0.03184
14.68	0.04437
14.69	0.05631
14.7	0.06781
14.71	0.07944
14.72	0.09063
14.73	0.09879
14.74	0.10068
14.75	0.09446
14.76	0.08088
14.77	0.06257
14.78	0.04288
14.79	0.02462
14.8	0.00953
14.81	-0.00143
14.82	-0.00839
14.83	-0.01220
14.84	-0.01419
14.85	-0.01607
14.86	-0.01984
14.87	-0.02683
14.88	-0.03534
14.89	-0.04030
14.9	-0.03601
14.91	-0.01875
14.92	0.01043
14.93	0.04457
14.94	0.07386
14.95	0.09007
14.96	0.08954
14.97	0.07372
14.98	0.04754
14.99	0.01720
15	-0.01201
15.01	-0.03587
15.02	-0.05099
15.03	-0.05545
15.04	-0.04949
15.05	-0.03517
15.06	-0.01561
15.07	0.00547
15.08	0.02337
15.09	0.03347
15.1	0.03292
15.11	0.02161
15.12	0.00193
15.13	-0.02250
15.14	-0.04802
15.15	-0.07187
15.16	-0.09131
15.17	-0.10315
15.18	-0.10509
15.19	-0.09664
15.2	-0.07898
15.21	-0.05447
15.22	-0.02675
15.23	-0.00021
15.24	0.02150
15.25	0.03638
15.26	0.04396
15.27	0.04508
15.28	0.04140
15.29	0.03471
15.3	0.02660
15.31	0.01767
15.32	0.00761
15.33	-0.00325
15.34	-0.01278
15.35	-0.01791
15.36	-0.01626
15.37	-0.00705
15.38	0.00874
15.39	0.02871
15.4	0.04878
15.41	0.06418
15.42	0.07128
15.43	0.06881
15.44	0.05792
15.45	0.04129
15.46	0.02219
15.47	0.00393
15.48	-0.00983
15.49	-0.01602
15.5	-0.01405
15.51	-0.00700
15.52	0.00014
15.53	0.00282
15.54	-0.00162
15.55	-0.01327
15.56	-0.03039
15.57	-0.04998
15.58	-0.06820
15.59	-0.08134
15.6	-0.08709
15.61	-0.08530
15.62	-0.07744
15.63	-0.06652
15.64	-0.05647
15.65	-0.05092
15.66	-0.05197
15.67	-0.05973
15.68	-0.07249
15.69	-0.08622
15.7	-0.09494
15.71	-0.09322
15.72	-0.07831
15.73	-0.05133
15.74	-0.01664
15.75	0.02028
15.76	0.05450
15.77	0.08151
15.78	0.09763
15.79	0.10106
15.8	0.09264
15.81	0.07564
15.82	0.05459
15.83	0.03354
15.84	0.01523
15.85	0.00122
15.86	-0.00702
15.87	-0.00823
15.88	-0.00212
15.89	0.01054
15.9	0.02791
15.91	0.04685
15.92	0.06304
15.93	0.07260
15.94	0.07359
15.95	0.06628
15.96	0.05275
15.97	0.03584
15.98	0.01829
15.99	0.00224
16	-0.01028
16.01	-0.01752
16.02	-0.01877
16.03	-0.01449
16.04	-0.00612
16.05	0.00423
16.06	0.01481
16.07	0.02496
16.08	0.03463
16.09	0.04284
16.1	0.04759
16.11	0.04698
16.12	0.04009
16.13	0.02747
16.14	0.01074
16.15	-0.00793
16.16	-0.02658
16.17	-0.04370
16.18	-0.05826
16.19	-0.06996
16.2	-0.07895
16.21	-0.08478
16.22	-0.08618
16.23	-0.08202
16.24	-0.07153
16.25	-0.05358
16.26	-0.02702
16.27	0.00785
16.28	0.04659
16.29	0.08135
16.3	0.10454
16.31	0.11192
16.32	0.10369
16.33	0.08376
16.34	0.05768
16.35	0.03065
16.36	0.00629
16.37	-0.01410
16.38	-0.03041
16.39	-0.04170
16.4	-0.04645
16.41	-0.04477
16.42	-0.03927
16.43	-0.03369
16.44	-0.03115
16.45	-0.03274
16.46	-0.03718
16.47	-0.04203
16.48	-0.04497
16.49	-0.04461
16.5	-0.04125
16.51	-0.03617
16.52	-0.03087
16.53	-0.02657
16.54	-0.02326
16.55	-0.01989
16.56	-0.01499
16.57	-0.00750
16.58	0.00295
16.59	0.01595
16.6	0.03000
16.61	0.04237
16.62	0.05008
16.63	0.05115
16.64	0.04524
16.65	0.03367
16.66	0.01864
16.67	0.00272
16.68	-0.01054
16.69	-0.01722
16.7	-0.01489
16.71	-0.00423
16.72	0.01149
16.73	0.02809
16.74	0.04214
16.75	0.05164
16.76	0.05577
16.77	0.05463
16.78	0.04933
16.79	0.04183
16.8	0.03427
16.81	0.02828
16.82	0.02460
16.83	0.02304
16.84	0.02263
16.85	0.02147
16.86	0.01828
16.87	0.01362
16.88	0.00932
16.89	0.00734
16.9	0.00881
16.91	0.01265
16.92	0.01605
16.93	0.01588
16.94	0.00993
16.95	-0.00279
16.96	-0.02174
16.97	-0.04537
16.98	-0.07128
16.99	-0.09654
17	-0.11786
17.01	-0.13223
17.02	-0.13829
17.03	-0.13630
17.04	-0.12768
17.05	-0.11390
17.06	-0.09643
17.07	-0.07651
17.08	-0.05562
17.09	-0.03530
17.1	-0.01671
17.11	-0.00049
17.12	0.01264
17.13	0.02171
17.14	0.02599
17.15	0.02549
17.16	0.02091
17.17	0.01358
17.18	0.00483
17.19	-0.00418
17.2	-0.01272
17.21	-0.02006
17.22	-0.02498
17.23	-0.02598
17.24	-0.02211
17.25	-0.01339
17.26	-0.00079
17.27	0.01427
17.28	0.03029
17.29	0.04623
17.3	0.06142
17.31	0.07541
17.32	0.08699
17.33	0.09439
17.34	0.09628
17.35	0.09238
17.36	0.08351
17.37	0.07137
17.38	0.05772
17.39	0.04401
17.4	0.03117
17.41	0.01991
17.42	0.01160
17.43	0.00780
17.44	0.00945
17.45	0.01646
17.46	0.02775
17.47	0.04123
17.48	0.05396
17.49	0.06318
17.5	0.06717
17.51	0.06587
17.52	0.06043
17.53	0.05331
17.54	0.04738
17.55	0.04491
17.56	0.04694
17.57	0.05294
17.58	0.06090
17.59	0.06827
17.6	0.07289
17.61	0.07381
17.62	0.07107
17.63	0.06544
17.64	0.05828
17.65	0.05102
17.66	0.04468
17.67	0.03971
17.68	0.03589
17.69	0.03258
17.7	0.02890
17.71	0.02390
17.72	0.01536
17.73	0.00033
17.74	-0.02224
17.75	-0.05014
17.76	-0.07923
17.77	-0.10515
17.78	-0.12425
17.79	-0.13416
17.8	-0.13488
17.81	-0.12859
17.82	-0.11799
17.83	-0.10424
17.84	-0.08712
17.85	-0.06718
17.86	-0.04615
17.87	-0.02605
17.88	-0.00875
17.89	0.00443
17.9	0.01250
17.91	0.01526
17.92	0.01337
17.93	0.00813
17.94	0.00113
17.95	-0.00602
17.96	-0.01201
17.97	-0.01622
17.98	-0.01874
17.99	-0.02038
18	-0.02225
18.01	-0.02460
18.02	-0.02655
18.03	-0.02664
18.04	-0.02382
18.05	-0.01776
18.06	-0.00892
18.07	0.00054
18.08	0.00774
18.09	0.01034
18.1	0.00783
18.11	0.00116
18.12	-0.00775
18.13	-0.01637
18.14	-0.02202
18.15	-0.02272
18.16	-0.01782
18.17	-0.00808
18.18	0.00462
18.19	0.01720
18.2	0.02605
18.21	0.02844
18.22	0.02352
18.23	0.01236
18.24	-0.00214
18.25	-0.01546
18.26	-0.02314
18.27	-0.02256
18.28	-0.01341
18.29	0.00243
18.3	0.02132
18.31	0.03826
18.32	0.04875
18.33	0.05027
18.34	0.04321
18.35	0.03043
18.36	0.01600
18.37	0.00355
18.38	-0.00466
18.39	-0.00827
18.4	-0.00827
18.41	-0.00642
18.42	-0.00454
18.43	-0.00378
18.44	-0.00464
18.45	-0.00702
18.46	-0.01044
18.47	-0.01427
18.48	-0.01798
18.49	-0.02132
18.5	-0.02422
18.51	-0.02682
18.52	-0.02934
18.53	-0.03196
18.54	-0.03482
18.55	-0.03792
18.56	-0.04117
18.57	-0.04448
18.58	-0.04779
18.59	-0.05099
18.6	-0.05436
18.61	-0.05812
18.62	-0.06193
18.63	-0.06457
18.64	-0.06450
18.65	-0.06076
18.66	-0.05329
18.67	-0.04273
18.68	-0.03025
18.69	-0.01696
18.7	-0.00392
18.71	0.00711
18.72	0.01419
18.73	0.01591
18.74	0.01220
18.75	0.00512
18.76	-0.00112
18.77	-0.00203
18.78	0.00523
18.79	0.02117
18.8	0.04336
18.81	0.06699
18.82	0.08665
18.83	0.09868
18.84	0.10154
18.85	0.09537
18.86	0.08139
18.87	0.06152
18.88	0.03796
18.89	0.01274
18.9	-0.01165
18.91	-0.03140
18.92	-0.04271
18.93	-0.04345
18.94	-0.03438
18.95	-0.01896
18.96	-0.00202
18.97	0.01223
18.98	0.02164
18.99	0.02664
19	0.02950
19.01	0.03301
19.02	0.03929
19.03	0.04840
19.04	0.05761
19.05	0.06264
19.06	0.05993
19.07	0.04851
19.08	0.03050
19.09	0.01012
19.1	-0.00814
19.11	-0.02113
19.12	-0.02787
19.13	-0.02941
19.14	-0.02817
19.15	-0.02689
19.16	-0.02760
19.17	-0.03119
19.18	-0.03740
19.19	-0.04501
19.2	-0.05146
19.21	-0.05351
19.22	-0.04856
19.23	-0.03586
19.24	-0.01649
19.25	0.00637
19.26	0.02808
19.27	0.04448
19.28	0.05331
19.29	0.05467
19.3	0.05069
19.31	0.04463
19.32	0.03958
19.33	0.03738
19.34	0.03807
19.35	0.03986
19.36	0.04041
19.37	0.03756
19.38	0.03000
19.39	0.01772
19.4	0.00166
19.41	-0.01664
19.42	-0.03499
19.43	-0.05051
19.44	-0.06039
19.45	-0.06313
19.46	-0.05883
19.47	-0.04912
19.48	-0.03620
19.49	-0.02220
19.5	-0.00873
19.51	0.00329
19.52	0.01351
19.53	0.02225
19.54	0.02994
19.55	0.03639
19.56	0.04029
19.57	0.03998
19.58	0.03430
19.59	0.02321
19.6	0.00762
19.61	-0.01098
19.62	-0.03092
19.63	-0.05060
19.64	-0.06763
19.65	-0.07861
19.66	-0.08095
19.67	-0.07371
19.68	-0.05830
19.69	-0.03810
19.7	-0.01722
19.71	0.00100
19.72	0.01487
19.73	0.02440
19.74	0.03079
19.75	0.03548
19.76	0.03939
19.77	0.04308
19.78	0.04667
19.79	0.04995
19.8	0.05277
19.81	0.05500
19.82	0.05686
19.83	0.05885
19.84	0.06139
19.85	0.06407
19.86	0.06604
19.87	0.06637
19.88	0.06497
19.89	0.06214
19.9	0.05862
19.91	0.05485
19.92	0.05060
19.93	0.04524
19.94	0.03815
19.95	0.02924
19.96	0.01898
19.97	0.00845
19.98	-0.00075
19.99	-0.00697
20	-0.00912
20.01	-0.00721
20.02	-0.00202
20.03	0.00509
20.04	0.01257
20.05	0.01808
20.06	0.01935
20.07	0.01473
20.08	0.00386
20.09	-0.01238
20.1	-0.03247
20.11	-0.05450
20.12	-0.07590
20.13	-0.09413
20.14	-0.10741
20.15	-0.11529
20.16	-0.11842
20.17	-0.11793
20.18	-0.11495
20.19	-0.11026
20.2	-0.10419
20.21	-0.09675
20.22	-0.08768
20.23	-0.07646
20.24	-0.06264
20.25	-0.04585
20.26	-0.02628
20.27	-0.00517
20.28	0.01544
20.29	0.03348
20.3	0.04774
20.31	0.05774
20.32	0.06351
20.33	0.06553
20.34	0.06463
20.35	0.06179
20.36	0.05774
20.37	0.05252
20.38	0.04561
20.39	0.03618
20.4	0.02347
20.41	0.00727
20.42	-0.01165
20.43	-0.03165
20.44	-0.05108
20.45	-0.06836
20.46	-0.08156
20.47	-0.08860
20.48	-0.08827
20.49	-0.08089
20.5	-0.06821
20.51	-0.05263
20.52	-0.03642
20.53	-0.02120
20.54	-0.00747
20.55	0.00512
20.56	0.01768
20.57	0.03011
20.58	0.04039
20.59	0.04571
20.6	0.04402
20.61	0.03488
20.62	0.01943
20.63	-0.00010
20.64	-0.02126
20.65	-0.04186
20.66	-0.06058
20.67	-0.07639
20.68	-0.08819
20.69	-0.09495
20.7	-0.09617
20.71	-0.09178
20.72	-0.08240
20.73	-0.06903
20.74	-0.05297
20.75	-0.03541
20.76	-0.01726
20.77	0.00092
20.78	0.01887
20.79	0.03639
20.8	0.05324
20.81	0.06927
20.82	0.08442
20.83	0.09876
20.84	0.11177
20.85	0.12155
20.86	0.12589
20.87	0.12325
20.88	0.11350
20.89	0.09721
20.9	0.07534
20.91	0.04921
20.92	0.02083
20.93	-0.00735
20.94	-0.03318
20.95	-0.05552
20.96	-0.07385
20.97	-0.08723
20.98	-0.09425
20.99	-0.09405
21	-0.08730
21.01	-0.07648
21.02	-0.06469
21.03	-0.05469
21.04	-0.04792
21.05	-0.04424
21.06	-0.04170
21.07	-0.03769
21.08	-0.03002
21.09	-0.01792
21.1	-0.00290
21.11	0.01153
21.12	0.02144
21.13	0.02437
21.14	0.01980
21.15	0.00912
21.16	-0.00525
21.17	-0.02076
21.18	-0.03546
21.19	-0.04818
21.2	-0.05877
21.21	-0.06767
21.22	-0.07532
21.23	-0.08117
21.24	-0.08368
21.25	-0.08147
21.26	-0.07404
21.27	-0.06210
21.28	-0.04718
21.29	-0.03111
21.3	-0.01536
21.31	-0.00100
21.32	0.01139
21.33	0.02159
21.34	0.02979
21.35	0.03650
21.36	0.04238
21.37	0.04801
21.38	0.05377
21.39	0.05974
21.4	0.06543
21.41	0.06964
21.42	0.07109
21.43	0.06915
21.44	0.06398
21.45	0.05643
21.46	0.04762
21.47	0.03880
21.48	0.03111
21.49	0.02532
21.5	0.02169
21.51	0.01991
21.52	0.01929
21.53	0.01877
21.54	0.01754
21.55	0.01506
21.56	0.01128
21.57	0.00650
21.58	0.00120
21.59	-0.00399
21.6	-0.00804
21.61	-0.00989
21.62	-0.00875
21.63	-0.00466
21.64	0.00193
21.65	0.01011
21.66	0.01886
21.67	0.02749
21.68	0.03563
21.69	0.04280
21.7	0.04839
21.71	0.05166
21.72	0.05224
21.73	0.05037
21.74	0.04692
21.75	0.04346
21.76	0.04169
21.77	0.04260
21.78	0.04646
21.79	0.05270
21.8	0.06033
21.81	0.06828
21.82	0.07571
21.83	0.08209
21.84	0.08680
21.85	0.08895
21.86	0.08798
21.87	0.08355
21.88	0.07479
21.89	0.06020
21.9	0.03960
21.91	0.01492
21.92	-0.01070
21.93	-0.03440
21.94	-0.05432
21.95	-0.07005
21.96	-0.08158
21.97	-0.08867
21.98	-0.09106
21.99	-0.08894
22	-0.08304
22.01	-0.07481
22.02	-0.06614
22.03	-0.05881
22.04	-0.05377
22.05	-0.05127
22.06	-0.05070
22.07	-0.05110
22.08	-0.05029
22.09	-0.04528
22.1	-0.03384
22.11	-0.01603
22.12	0.00610
22.13	0.02958
22.14	0.05110
22.15	0.06710
22.16	0.07474
22.17	0.07295
22.18	0.06272
22.19	0.04648
22.2	0.02736
22.21	0.00812
22.22	-0.00944
22.23	-0.02470
22.24	-0.03800
22.25	-0.04958
22.26	-0.05864
22.27	-0.06400
22.28	-0.06473
22.29	-0.06075
22.3	-0.05290
22.31	-0.04261
22.32	-0.03149
22.33	-0.02079
22.34	-0.01126
22.35	-0.00346
22.36	0.00200
22.37	0.00484
22.38	0.00512
22.39	0.00328
22.4	0.00005
22.41	-0.00384
22.42	-0.00780
22.43	-0.01136
22.44	-0.01403
22.45	-0.01522
22.46	-0.01474
22.47	-0.01275
22.48	-0.00965
22.49	-0.00597
22.5	-0.00215
22.51	0.00143
22.52	0.00461
22.53	0.00705
22.54	0.00844
22.55	0.00863
22.56	0.00782
22.57	0.00678
22.58	0.00658
22.59	0.00817
22.6	0.01212
22.61	0.01866
22.62	0.02751
22.63	0.03810
22.64	0.04967
22.65	0.06157
22.66	0.07331
22.67	0.08440
22.68	0.09279
22.69	0.09487
22.7	0.08783
22.71	0.07179
22.72	0.04959
22.73	0.02525
22.74	0.00231
22.75	-0.01699
22.76	-0.03207
22.77	-0.04357
22.78	-0.05261
22.79	-0.05946
22.8	-0.06360
22.81	-0.06431
22.82	-0.06152
22.83	-0.05607
22.84	-0.04948
22.85	-0.04330
22.86	-0.03858
22.87	-0.03568
22.88	-0.03436
22.89	-0.03393
22.9	-0.03334
22.91	-0.03149
22.92	-0.02727
22.93	-0.02005
22.94	-0.00963
22.95	0.00356
22.96	0.01866
22.97	0.03409
22.98	0.04767
22.99	0.05722
23	0.06173
23.01	0.06151
23.02	0.05798
23.03	0.05301
23.04	0.04828
23.05	0.04470
23.06	0.04273
23.07	0.04239
23.08	0.04356
23.09	0.04592
23.1	0.04913
23.11	0.05276
23.12	0.05640
23.13	0.05939
23.14	0.06106
23.15	0.06083
23.16	0.05858
23.17	0.05399
23.18	0.04677
23.19	0.03677
23.2	0.02432
23.21	0.01022
23.22	-0.00366
23.23	-0.01484
23.24	-0.02150
23.25	-0.02316
23.26	-0.02086
23.27	-0.01643
23.28	-0.01182
23.29	-0.00835
23.3	-0.00654
23.31	-0.00628
23.32	-0.00689
23.33	-0.00767
23.34	-0.00805
23.35	-0.00776
23.36	-0.00665
23.37	-0.00441
23.38	-0.00057
23.39	0.00520
23.4	0.01290
23.41	0.02227
23.42	0.03292
23.43	0.04426
23.44	0.05554
23.45	0.06510
23.46	0.07105
23.47	0.07209
23.48	0.06797
23.49	0.05959
23.5	0.04846
23.51	0.03622
23.52	0.02417
23.53	0.01306
23.54	0.00313
23.55	-0.00522
23.56	-0.01158
23.57	-0.01576
23.58	-0.01783
23.59	-0.01823
23.6	-0.01738
23.61	-0.01523
23.62	-0.01144
23.63	-0.00565
23.64	0.00222
23.65	0.01191
23.66	0.02267
23.67	0.03262
23.68	0.03861
23.69	0.03776
23.7	0.02896
23.71	0.01337
23.72	-0.00585
23.73	-0.02383
23.74	-0.03599
23.75	-0.03945
23.76	-0.03393
23.77	-0.02132
23.78	-0.00466
23.79	0.01259
23.8	0.02673
23.81	0.03472
23.82	0.03518
23.83	0.02859
23.84	0.01696
23.85	0.00284
23.86	-0.01132
23.87	-0.02409
23.88	-0.03493
23.89	-0.04425
23.9	-0.05258
23.91	-0.05919
23.92	-0.06220
23.93	-0.05952
23.94	-0.05010
23.95	-0.03433
23.96	-0.01375
23.97	0.00962
23.98	0.03316
23.99	0.05323
24	0.06632
24.01	0.07026
24.02	0.06507
24.03	0.05236
24.04	0.03464
24.05	0.01450
24.06	-0.00562
24.07	-0.02282
24.08	-0.03436
24.09	-0.03854
24.1	-0.03538
24.11	-0.02635
24.12	-0.01374
24.13	0.00041
24.14	0.01457
24.15	0.02821
24.16	0.04134
24.17	0.05438
24.18	0.06772
24.19	0.08142
24.2	0.09425
24.21	0.10314
24.22	0.10461
24.23	0.09653
24.24	0.07895
24.25	0.05378
24.26	0.02403
24.27	-0.00731
24.28	-0.03797
24.29	-0.06665
24.3	-0.09275
24.31	-0.11622
24.32	-0.13625
24.33	-0.14993
24.34	-0.15376
24.35	-0.14547
24.36	-0.12520
24.37	-0.09530
24.38	-0.05936
24.39	-0.02106
24.4	0.01682
24.41	0.05283
24.42	0.08664
24.43	0.11742
24.44	0.14201
24.45	0.15633
24.46	0.15762
24.47	0.14578
24.48	0.12316
24.49	0.09357
24.5	0.06115
24.51	0.02894
24.52	-0.00116
24.53	-0.02793
24.54	-0.04936
24.55	-0.06333
24.56	-0.06884
24.57	-0.06635
24.58	-0.05761
24.59	-0.04541
24.6	-0.03346
24.61	-0.02536
24.62	-0.02355
24.63	-0.02841
24.64	-0.03883
24.65	-0.05265
24.66	-0.06746
24.67	-0.08090
24.68	-0.09073
24.69	-0.09563
24.7	-0.09581
24.71	-0.09294
24.72	-0.08938
24.73	-0.08711
24.74	-0.08726
24.75	-0.08985
24.76	-0.09378
24.77	-0.09754
24.78	-0.09950
24.79	-0.09807
24.8	-0.09190
24.81	-0.08020
24.82	-0.06336
24.83	-0.04296
24.84	-0.02157
24.85	-0.00170
24.86	0.01467
24.87	0.02639
24.88	0.03346
24.89	0.03670
24.9	0.03753
24.91	0.03756
24.92	0.03845
24.93	0.04146
24.94	0.04747
24.95	0.05658
24.96	0.06773
24.97	0.07916
24.98	0.08927
24.99	0.09710
25	0.10253
25.01	0.10593
25.02	0.10675
25.03	0.10342
25.04	0.09417
25.05	0.07815
25.06	0.05577
25.07	0.02883
25.08	0.00010
25.09	-0.02749
25.1	-0.05150
25.11	-0.07007
25.12	-0.08159
25.13	-0.08556
25.14	-0.08260
25.15	-0.07447
25.16	-0.06330
25.17	-0.05183
25.18	-0.04333
25.19	-0.04077
25.2	-0.04557
25.21	-0.05744
25.22	-0.07416
25.23	-0.09146
25.24	-0.10411
25.25	-0.10812
25.26	-0.10221
25.27	-0.08783
25.28	-0.06833
25.29	-0.04783
25.3	-0.03013
25.31	-0.01772
25.32	-0.01106
25.33	-0.00865
25.34	-0.00740
25.35	-0.00414
25.36	0.00298
25.37	0.01383
25.38	0.02666
25.39	0.03916
25.4	0.04948
25.41	0.05691
25.42	0.06242
25.43	0.06798
25.44	0.07472
25.45	0.08088
25.46	0.08262
25.47	0.07621
25.48	0.05977
25.49	0.03388
25.5	0.00148
25.51	-0.03299
25.52	-0.06513
25.53	-0.09208
25.54	-0.11214
25.55	-0.12433
25.56	-0.12836
25.57	-0.12507
25.58	-0.11610
25.59	-0.10392
25.6	-0.09177
25.61	-0.08297
25.62	-0.07972
25.63	-0.08246
25.64	-0.09021
25.65	-0.10091
25.66	-0.11243
25.67	-0.12316
25.68	-0.13217
25.69	-0.13921
25.7	-0.14453
25.71	-0.14857
25.72	-0.15142
25.73	-0.15282
25.74	-0.15234
25.75	-0.14915
25.76	-0.14116
25.77	-0.12562
25.78	-0.10085
25.79	-0.06687
25.8	-0.02540
25.81	0.02081
25.82	0.06879
25.83	0.11427
25.84	0.15031
25.85	0.16998
25.86	0.16941
25.87	0.14916
25.88	0.11360
25.89	0.06899
25.9	0.02159
25.91	-0.02364
25.92	-0.06323
25.93	-0.09469
25.94	-0.11552
25.95	-0.12393
25.96	-0.11987
25.97	-0.10520
25.98	-0.08307
25.99	-0.05698
26	-0.02985
26.01	-0.00360
26.02	0.01991
26.03	0.03772
26.04	0.04672
26.05	0.04526
26.06	0.03367
26.07	0.01419
26.08	-0.01021
26.09	-0.03725
26.1	-0.06577
26.11	-0.09460
26.12	-0.12169
26.13	-0.14494
26.14	-0.16245
26.15	-0.17274
26.16	-0.17523
26.17	-0.17065
26.18	-0.16067
26.19	-0.14743
26.2	-0.13289
26.21	-0.11859
26.22	-0.10545
26.23	-0.09377
26.24	-0.08288
26.25	-0.07107
26.26	-0.05609
26.27	-0.03639
26.28	-0.01168
26.29	0.01729
26.3	0.04893
26.31	0.08172
26.32	0.11448
26.33	0.14517
26.34	0.17074
26.35	0.18835
26.36	0.19674
26.37	0.19653
26.38	0.18976
26.39	0.17857
26.4	0.16476
26.41	0.14957
26.42	0.13377
26.43	0.11789
26.44	0.10298
26.45	0.09007
26.46	0.08001
26.47	0.07275
26.48	0.06758
26.49	0.06314
26.5	0.05823
26.51	0.05206
26.52	0.04487
26.53	0.03749
26.54	0.03088
26.55	0.02578
26.56	0.02228
26.57	0.02006
26.58	0.01827
26.59	0.01615
26.6	0.01313
26.61	0.00915
26.62	0.00486
26.63	0.00154
26.64	0.00030
26.65	0.00175
26.66	0.00562
26.67	0.01097
26.68	0.01635
26.69	0.02040
26.7	0.02222
26.71	0.02169
26.72	0.01909
26.73	0.01487
26.74	0.00922
26.75	0.00244
26.76	-0.00529
26.77	-0.01374
26.78	-0.02261
26.79	-0.03171
26.8	-0.04079
26.81	-0.04971
26.82	-0.05796
26.83	-0.06435
26.84	-0.06776
26.85	-0.06744
26.86	-0.06296
26.87	-0.05452
26.88	-0.04284
26.89	-0.02897
26.9	-0.01431
26.91	-0.00037
26.92	0.01137
26.93	0.02000
26.94	0.02540
26.95	0.02816
26.96	0.02928
26.97	0.03005
26.98	0.03159
26.99	0.03473
27	0.03955
27.01	0.04482
27.02	0.04820
27.03	0.04753
27.04	0.04175
27.05	0.03147
27.06	0.01857
27.07	0.00536
27.08	-0.00610
27.09	-0.01427
27.1	-0.01853
27.11	-0.01928
27.12	-0.01731
27.13	-0.01299
27.14	-0.00648
27.15	0.00201
27.16	0.01185
27.17	0.02218
27.18	0.03225
27.19	0.04141
27.2	0.04897
27.21	0.05396
27.22	0.05592
27.23	0.05488
27.24	0.05138
27.25	0.04648
27.26	0.04169
27.27	0.03862
27.28	0.03824
27.29	0.04054
27.3	0.04474
27.31	0.04971
27.32	0.05454
27.33	0.05853
27.34	0.06151
27.35	0.06328
27.36	0.06369
27.37	0.06260
27.38	0.06005
27.39	0.05643
27.4	0.05263
27.41	0.05000
27.42	0.04969
27.43	0.05220
27.44	0.05726
27.45	0.06382
27.46	0.07053
27.47	0.07627
27.48	0.08064
27.49	0.08415
27.5	0.08732
27.51	0.09008
27.52	0.09169
27.53	0.09125
27.54	0.08829
27.55	0.08251
27.56	0.07409
27.57	0.06379
27.58	0.05274
27.59	0.04203
27.6	0.03289
27.61	0.02666
27.62	0.02443
27.63	0.02621
27.64	0.03094
27.65	0.03694
27.66	0.04272
27.67	0.04724
27.68	0.05023
27.69	0.05193
27.7	0.05305
27.71	0.05446
27.72	0.05700
27.73	0.06118
27.74	0.06691
27.75	0.07385
27.76	0.08133
27.77	0.08823
27.78	0.09329
27.79	0.09552
27.8	0.09469
27.81	0.09116
27.82	0.08569
27.83	0.07912
27.84	0.07221
27.85	0.06538
27.86	0.05855
27.87	0.05115
27.88	0.04259
27.89	0.03244
27.9	0.02079
27.91	0.00835
27.92	-0.00378
27.93	-0.01450
27.94	-0.02288
27.95	-0.02816
27.96	-0.03002
27.97	-0.02843
27.98	-0.02362
27.99	-0.01583
28	-0.00567
28.01	0.00589
28.02	0.01757
28.03	0.02828
28.04	0.03739
28.05	0.04484
28.06	0.05074
28.07	0.05477
28.08	0.05640
28.09	0.05524
28.1	0.05136
28.11	0.04533
28.12	0.03816
28.13	0.03071
28.14	0.02366
28.15	0.01725
28.16	0.01127
28.17	0.00537
28.18	-0.00086
28.19	-0.00763
28.2	-0.01484
28.21	-0.02202
28.22	-0.02840
28.23	-0.03277
28.24	-0.03399
28.25	-0.03131
28.26	-0.02480
28.27	-0.01500
28.28	-0.00295
28.29	0.01027
28.3	0.02379
28.31	0.03674
28.32	0.04759
28.33	0.05458
28.34	0.05638
28.35	0.05282
28.36	0.04477
28.37	0.03373
28.38	0.02143
28.39	0.00913
28.4	-0.00236
28.41	-0.01284
28.42	-0.02182
28.43	-0.02821
28.44	-0.03097
28.45	-0.02970
28.46	-0.02504
28.47	-0.01841
28.48	-0.01128
28.49	-0.00490
28.5	0.00016
28.51	0.00371
28.52	0.00592
28.53	0.00707
28.54	0.00759
28.55	0.00785
28.56	0.00811
28.57	0.00848
28.58	0.00913
28.59	0.01029
28.6	0.01209
28.61	0.01469
28.62	0.01780
28.63	0.02078
28.64	0.02256
28.65	0.02225
28.66	0.01950
28.67	0.01452
28.68	0.00828
28.69	0.00252
28.7	-0.00090
28.71	-0.00066
28.72	0.00343
28.73	0.01072
28.74	0.01998
28.75	0.02992
28.76	0.03925
28.77	0.04640
28.78	0.04997
28.79	0.04921
28.8	0.04428
28.81	0.03616
28.82	0.02613
28.83	0.01525
28.84	0.00413
28.85	-0.00702
28.86	-0.01825
28.87	-0.02960
28.88	-0.04083
28.89	-0.05145
28.9	-0.06072
28.91	-0.06786
28.92	-0.07233
28.93	-0.07404
28.94	-0.07344
28.95	-0.07096
28.96	-0.06672
28.97	-0.06090
28.98	-0.05385
28.99	-0.04638
29	-0.03933
29.01	-0.03333
29.02	-0.02858
29.03	-0.02480
29.04	-0.02148
29.05	-0.01807
29.06	-0.01421
29.07	-0.00992
29.08	-0.00556
29.09	-0.00187
29.1	0.00052
29.11	0.00125
29.12	0.00047
29.13	-0.00144
29.14	-0.00387
29.15	-0.00633
29.16	-0.00811
29.17	-0.00854
29.18	-0.00723
29.19	-0.00423
29.2	0.00013
29.21	0.00531
29.22	0.01081
29.23	0.01620
29.24	0.02117
29.25	0.02513
29.26	0.02741
29.27	0.02752
29.28	0.02542
29.29	0.02105
29.3	0.01419
29.31	0.00454
29.32	-0.00742
29.33	-0.02042
29.34	-0.03293
29.35	-0.04383
29.36	-0.05256
29.37	-0.05895
29.38	-0.06284
29.39	-0.06426
29.4	-0.06345
29.41	-0.06091
29.42	-0.05720
29.43	-0.05311
29.44	-0.04959
29.45	-0.04754
29.46	-0.04755
29.47	-0.04966
29.48	-0.05346
29.49	-0.05806
29.5	-0.06206
29.51	-0.06391
29.52	-0.06264
29.53	-0.05807
29.54	-0.05081
29.55	-0.04188
29.56	-0.03256
29.57	-0.02441
29.58	-0.01895
29.59	-0.01703
29.6	-0.01868
29.61	-0.02317
29.62	-0.02927
29.63	-0.03593
29.64	-0.04199
29.65	-0.04652
29.66	-0.04874
29.67	-0.04845
29.68	-0.04599
29.69	-0.04204
29.7	-0.03733
29.71	-0.03257
29.72	-0.02812
29.73	-0.02433
29.74	-0.02136
29.75	-0.01930
29.76	-0.01804
29.77	-0.01741
29.78	-0.01708
29.79	-0.01682
29.8	-0.01619
29.81	-0.01495
29.82	-0.01300
29.83	-0.01054
29.84	-0.00834
29.85	-0.00765
29.86	-0.00937
29.87	-0.01382
29.88	-0.02048
29.89	-0.02824
29.9	-0.03604
29.91	-0.04303
29.92	-0.04886
29.93	-0.05365
29.94	-0.05753
29.95	-0.06041
29.96	-0.06210
29.97	-0.06245
29.98	-0.06150
29.99	-0.05953
30	-0.05686
30.01	-0.05391
30.02	-0.05128
30.03	-0.04943
30.04	-0.04876
30.05	-0.04936
30.06	-0.05078
30.07	-0.05236
30.08	-0.05336
30.09	-0.05335
30.1	-0.05225
30.11	-0.05024
30.12	-0.04771
30.13	-0.04493
30.14	-0.04181
30.15	-0.03817
30.16	-0.03403
30.17	-0.02971
30.18	-0.02558
30.19	-0.02191
30.2	-0.01860
30.21	-0.01502
30.22	-0.01037
30.23	-0.00404
30.24	0.00405
30.25	0.01350
30.26	0.02345
30.27	0.03305
30.28	0.04114
30.29	0.04644
30.3	0.04818
30.31	0.04625
30.32	0.04125
30.33	0.03401
30.34	0.02521
30.35	0.01529
30.36	0.00453
30.37	-0.00676
30.38	-0.01807
30.39	-0.02857
30.4	-0.03727
30.41	-0.04367
30.42	-0.04754
30.43	-0.04929
30.44	-0.04960
30.45	-0.04936
30.46	-0.04945
30.47	-0.05063
30.48	-0.05324
30.49	-0.05720
30.5	-0.06203
30.51	-0.06657
30.52	-0.06948
30.53	-0.06972
30.54	-0.06697
30.55	-0.06153
30.56	-0.05396
30.57	-0.04508
30.58	-0.03550
30.59	-0.02572
30.6	-0.01598
30.61	-0.00670
30.62	0.00167
30.63	0.00878
30.64	0.01461
30.65	0.01933
30.66	0.02311
30.67	0.02573
30.68	0.02691
30.69	0.02643
30.7	0.02439
30.71	0.02105
30.72	0.01691
30.73	0.01253
30.74	0.00866
30.75	0.00581
30.76	0.00438
30.77	0.00430
30.78	0.00497
30.79	0.00556
30.8	0.00521
30.81	0.00339
30.82	0.00014
30.83	-0.00422
30.84	-0.00912
30.85	-0.01366
30.86	-0.01710
30.87	-0.01894
30.88	-0.01918
30.89	-0.01818
30.9	-0.01651
30.91	-0.01495
30.92	-0.01431
30.93	-0.01518
30.94	-0.01764
30.95	-0.02145
30.96	-0.02612
30.97	-0.03104
30.98	-0.03591
30.99	-0.04040
31	-0.04426
31.01	-0.04700
31.02	-0.04815
31.03	-0.04752
31.04	-0.04522
31.05	-0.04169
31.06	-0.03743
31.07	-0.03305
31.08	-0.02913
31.09	-0.02641
31.1	-0.02543
31.11	-0.02632
31.12	-0.02877
31.13	-0.03228
31.14	-0.03626
31.15	-0.03980
31.16	-0.04179
31.17	-0.04130
31.18	-0.03787
31.19	-0.03167
31.2	-0.02328
31.21	-0.01344
31.22	-0.00292
31.23	0.00777
31.24	0.01829
31.25	0.02855
31.26	0.03830
31.27	0.04661
31.28	0.05212
31.29	0.05378
31.3	0.05136
31.31	0.04542
31.32	0.03712
31.33	0.02773
31.34	0.01850
31.35	0.01082
31.36	0.00594
31.37	0.00453
31.38	0.00651
31.39	0.01111
31.4	0.01691
31.41	0.02260
31.42	0.02713
31.43	0.03001
31.44	0.03125
31.45	0.03113
31.46	0.03011
31.47	0.02862
31.48	0.02690
31.49	0.02512
31.5	0.02320
31.51	0.02098
31.52	0.01829
31.53	0.01511
31.54	0.01145
31.55	0.00753
31.56	0.00345
31.57	-0.00085
31.58	-0.00539
31.59	-0.01030
31.6	-0.01558
31.61	-0.02115
31.62	-0.02672
31.63	-0.03165
31.64	-0.03528
31.65	-0.03714
31.66	-0.03670
31.67	-0.03369
31.68	-0.02796
31.69	-0.01995
31.7	-0.01047
31.71	-0.00084
31.72	0.00760
31.73	0.01395
31.74	0.01795
31.75	0.01997
31.76	0.02084
31.77	0.02143
31.78	0.02255
31.79	0.02456
31.8	0.02751
31.81	0.03110
31.82	0.03458
31.83	0.03691
31.84	0.03733
31.85	0.03557
31.86	0.03185
31.87	0.02693
31.88	0.02184
31.89	0.01765
31.9	0.01500
31.91	0.01400
31.92	0.01430
31.93	0.01516
31.94	0.01575
31.95	0.01550
31.96	0.01415
31.97	0.01186
31.98	0.00915
31.99	0.00648
32	0.00431
32.01	0.00282
32.02	0.00192
32.03	0.00126
32.04	0.00049
32.05	-0.00062
32.06	-0.00215
32.07	-0.00407
32.08	-0.00624
32.09	-0.00847
32.1	-0.01081
32.11	-0.01341
32.12	-0.01645
32.13	-0.02002
32.14	-0.02374
32.15	-0.02678
32.16	-0.02829
32.17	-0.02766
32.18	-0.02455
32.19	-0.01894
32.2	-0.01123
32.21	-0.00226
32.22	0.00658
32.23	0.01395
32.24	0.01905
32.25	0.02174
32.26	0.02255
32.27	0.02234
32.28	0.02209
32.29	0.02244
32.3	0.02344
32.31	0.02467
32.32	0.02529
32.33	0.02466
32.34	0.02260
32.35	0.01922
32.36	0.01495
32.37	0.01023
32.38	0.00547
32.39	0.00087
32.4	-0.00346
32.41	-0.00746
32.42	-0.01068
32.43	-0.01241
32.44	-0.01204
32.45	-0.00943
32.46	-0.00493
32.47	0.00063
32.48	0.00636
32.49	0.01149
32.5	0.01561
32.51	0.01882
32.52	0.02132
32.53	0.02343
32.54	0.02513
32.55	0.02619
32.56	0.02645
32.57	0.02576
32.58	0.02421
32.59	0.02209
32.6	0.01971
32.61	0.01745
32.62	0.01558
32.63	0.01414
32.64	0.01315
32.65	0.01255
32.66	0.01228
32.67	0.01228
32.68	0.01243
32.69	0.01265
32.7	0.01293
32.71	0.01312
32.72	0.01313
32.73	0.01296
32.74	0.01255
32.75	0.01200
32.76	0.01135
32.77	0.01058
32.78	0.00958
32.79	0.00816
32.8	0.00628
32.81	0.00385
32.82	0.00108
32.83	-0.00195
32.84	-0.00507
32.85	-0.00802
32.86	-0.01044
32.87	-0.01193
32.88	-0.01226
32.89	-0.01136
32.9	-0.00939
32.91	-0.00656
32.92	-0.00324
32.93	0.00033
32.94	0.00393
32.95	0.00748
32.96	0.01092
32.97	0.01430
32.98	0.01754
32.99	0.02026
33	0.02188
33.01	0.02195
33.02	0.02034
33.03	0.01728
33.04	0.01333
33.05	0.00914
33.06	0.00535
33.07	0.00236
33.08	0.00029
33.09	-0.00101
33.1	-0.00172
33.11	-0.00199
33.12	-0.00191
33.13	-0.00153
33.14	-0.00090
33.15	0.00003
33.16	0.00129
33.17	0.00274
33.18	0.00437
33.19	0.00613
33.2	0.00780
33.21	0.00916
33.22	0.01001
33.23	0.01019
33.24	0.00973
33.25	0.00875
33.26	0.00754
33.27	0.00645
33.28	0.00568
33.29	0.00546
33.3	0.00575
33.31	0.00644
33.32	0.00732
33.33	0.00825
33.34	0.00907
33.35	0.00962
33.36	0.00969
33.37	0.00917
33.38	0.00805
33.39	0.00638
33.4	0.00437
33.41	0.00223
33.42	0.00008
33.43	-0.00195
33.44	-0.00370
33.45	-0.00500
33.46	-0.00573
33.47	-0.00581
33.48	-0.00513
33.49	-0.00364
33.5	-0.00129
33.51	0.00177
33.52	0.00531
33.53	0.00897
33.54	0.01208
33.55	0.01420
33.56	0.01512
33.57	0.01499
33.58	0.01441
33.59	0.01415
33.6	0.01491
33.61	0.01702
33.62	0.02032
33.63	0.02409
33.64	0.02717
33.65	0.02859
33.66	0.02777
33.67	0.02476
33.68	0.02030
33.69	0.01535
33.7	0.01089
33.71	0.00761
33.72	0.00566
33.73	0.00482
33.74	0.00460
33.75	0.00446
33.76	0.00408
33.77	0.00310
33.78	0.00139
33.79	-0.00107
33.8	-0.00413
33.81	-0.00737
33.82	-0.01016
33.83	-0.01173
33.84	-0.01164
33.85	-0.00989
33.86	-0.00678
33.87	-0.00291
33.88	0.00110
33.89	0.00460
33.9	0.00714
33.91	0.00867
33.92	0.00934
33.93	0.00944
33.94	0.00938
33.95	0.00942
33.96	0.00970
33.97	0.01044
33.98	0.01182
33.99	0.01393
34	0.01660
34.01	0.01933
34.02	0.02148
34.03	0.02270
34.04	0.02280
34.05	0.02198
34.06	0.02060
34.07	0.01902
34.08	0.01756
34.09	0.01644
34.1	0.01600
34.11	0.01642
34.12	0.01772
34.13	0.01977
34.14	0.02233
34.15	0.02504
34.16	0.02736
34.17	0.02887
34.18	0.02928
34.19	0.02863
34.2	0.02717
34.21	0.02531
34.22	0.02351
34.23	0.02210
34.24	0.02124
34.25	0.02083
34.26	0.02079
34.27	0.02084
34.28	0.02076
34.29	0.02022
34.3	0.01886
34.31	0.01645
34.32	0.01305
34.33	0.00884
34.34	0.00421
34.35	-0.00048
34.36	-0.00487
34.37	-0.00881
34.38	-0.01226
34.39	-0.01527
34.4	-0.01774
34.41	-0.01933
34.42	-0.01972
34.43	-0.01884
34.44	-0.01679
34.45	-0.01393
34.46	-0.01065
34.47	-0.00725
34.48	-0.00392
34.49	-0.00062
34.5	0.00285
34.51	0.00674
34.52	0.01112
34.53	0.01574
34.54	0.02010
34.55	0.02376
34.56	0.02645
34.57	0.02817
34.58	0.02918
34.59	0.02997
34.6	0.03107
34.61	0.03292
34.62	0.03571
34.63	0.03932
34.64	0.04339
34.65	0.04714
34.66	0.04963
34.67	0.05027
34.68	0.04879
34.69	0.04559
34.7	0.04119
34.71	0.03633
34.72	0.03155
34.73	0.02709
34.74	0.02299
34.75	0.01919
34.76	0.01545
34.77	0.01162
34.78	0.00773
34.79	0.00383
34.8	0.00005
34.81	-0.00354
34.82	-0.00690
34.83	-0.01001
34.84	-0.01305
34.85	-0.01600
34.86	-0.01897
34.87	-0.02184
34.88	-0.02436
34.89	-0.02620
34.9	-0.02710
34.91	-0.02680
34.92	-0.02526
34.93	-0.02260
34.94	-0.01905
34.95	-0.01498
34.96	-0.01069
34.97	-0.00628
34.98	-0.00156
34.99	0.00374
35	0.00980
35.01	0.01665
35.02	0.02398
35.03	0.03119
35.04	0.03773
35.05	0.04310
35.06	0.04698
35.07	0.04929
35.08	0.05016
35.09	0.04993
35.1	0.04900
35.11	0.04771
35.12	0.04615
35.13	0.04429
35.14	0.04202
35.15	0.03929
35.16	0.03611
35.17	0.03251
35.18	0.02857
35.19	0.02427
35.2	0.01973
35.21	0.01503
35.22	0.01043
35.23	0.00609
35.24	0.00230
35.25	-0.00063
35.26	-0.00258
35.27	-0.00352
35.28	-0.00374
35.29	-0.00352
35.3	-0.00314
35.31	-0.00290
35.32	-0.00309
35.33	-0.00389
35.34	-0.00516
35.35	-0.00650
35.36	-0.00739
35.37	-0.00748
35.38	-0.00666
35.39	-0.00494
35.4	-0.00254
35.41	0.00043
35.42	0.00378
35.43	0.00731
35.44	0.01093
35.45	0.01461
35.46	0.01827
35.47	0.02191
35.48	0.02558
35.49	0.02927
35.5	0.03290
35.51	0.03599
35.52	0.03791
35.53	0.03816
35.54	0.03655
35.55	0.03336
35.56	0.02910
35.57	0.02437
35.58	0.01995
35.59	0.01646
35.6	0.01424
35.61	0.01337
35.62	0.01347
35.63	0.01415
35.64	0.01495
35.65	0.01557
35.66	0.01582
35.67	0.01559
35.68	0.01489
35.69	0.01381
35.7	0.01257
35.71	0.01138
35.72	0.01042
35.73	0.00980
35.74	0.00942
35.75	0.00923
35.76	0.00912
35.77	0.00898
35.78	0.00877
35.79	0.00842
35.8	0.00784
35.81	0.00678
35.82	0.00506
35.83	0.00262
35.84	-0.00047
35.85	-0.00399
35.86	-0.00750
35.87	-0.01023
35.88	-0.01157
35.89	-0.01124
35.9	-0.00930
35.91	-0.00617
35.92	-0.00244
35.93	0.00140
35.94	0.00502
35.95	0.00830
35.96	0.01114
35.97	0.01345
35.98	0.01508
35.99	0.01606
36	0.01641
36.01	0.01627
36.02	0.01588
36.03	0.01537
36.04	0.01489
36.05	0.01441
36.06	0.01377
36.07	0.01277
36.08	0.01124
36.09	0.00912
36.1	0.00654
36.11	0.00362
36.12	0.00059
36.13	-0.00226
36.14	-0.00469
36.15	-0.00642
36.16	-0.00736
36.17	-0.00765
36.18	-0.00745
36.19	-0.00706
36.2	-0.00673
36.21	-0.00673
36.22	-0.00719
36.23	-0.00813
36.24	-0.00944
36.25	-0.01097
36.26	-0.01251
36.27	-0.01404
36.28	-0.01543
36.29	-0.01656
36.3	-0.01730
36.31	-0.01767
36.32	-0.01761
36.33	-0.01727
36.34	-0.01673
36.35	-0.01615
36.36	-0.01574
36.37	-0.01569
36.38	-0.01610
36.39	-0.01698
36.4	-0.01825
36.41	-0.01972
36.42	-0.02126
36.43	-0.02267
36.44	-0.02372
36.45	-0.02420
36.46	-0.02402
36.47	-0.02322
36.48	-0.02199
36.49	-0.02048
36.5	-0.01910
36.51	-0.01813
36.52	-0.01787
36.53	-0.01843
36.54	-0.01968
36.55	-0.02145
36.56	-0.02344
36.57	-0.02544
36.58	-0.02734
36.59	-0.02900
36.6	-0.03023
36.61	-0.03075
36.62	-0.03046
36.63	-0.02928
36.64	-0.02740
36.65	-0.02510
36.66	-0.02257
36.67	-0.02007
36.68	-0.01773
36.69	-0.01554
36.7	-0.01353
36.71	-0.01173
36.72	-0.01006
36.73	-0.00852
36.74	-0.00707
36.75	-0.00566
36.76	-0.00420
36.77	-0.00266
36.78	-0.00085
36.79	0.00121
36.8	0.00362
36.81	0.00628
36.82	0.00905
36.83	0.01185
36.84	0.01447
36.85	0.01680
36.86	0.01874
36.87	0.02021
36.88	0.02127
36.89	0.02191
36.9	0.02232
36.91	0.02261
36.92	0.02276
36.93	0.02283
36.94	0.02265
36.95	0.02222
36.96	0.02156
36.97	0.02068
36.98	0.01967
36.99	0.01859
37	0.01750
37.01	0.01621
37.02	0.01454
37.03	0.01234
37.04	0.00952
37.05	0.00619
37.06	0.00267
37.07	-0.00069
37.08	-0.00344
37.09	-0.00536
37.1	-0.00645
37.11	-0.00691
37.12	-0.00700
37.13	-0.00709
37.14	-0.00738
37.15	-0.00805
37.16	-0.00909
37.17	-0.01046
37.18	-0.01197
37.19	-0.01352
37.2	-0.01499
37.21	-0.01639
37.22	-0.01783
37.23	-0.01950
37.24	-0.02148
37.25	-0.02365
37.26	-0.02578
37.27	-0.02763
37.28	-0.02896
37.29	-0.02981
37.3	-0.03015
37.31	-0.03012
37.32	-0.02989
37.33	-0.02962
37.34	-0.02935
37.35	-0.02915
37.36	-0.02901
37.37	-0.02889
37.38	-0.02879
37.39	-0.02865
37.4	-0.02856
37.41	-0.02865
37.42	-0.02904
37.43	-0.02980
37.44	-0.03094
37.45	-0.03236
37.46	-0.03401
37.47	-0.03578
37.48	-0.03761
37.49	-0.03942
37.5	-0.04122
37.51	-0.04298
37.52	-0.04471
37.53	-0.04641
37.54	-0.04790
37.55	-0.04897
37.56	-0.04951
37.57	-0.04949
37.58	-0.04895
37.59	-0.04810
37.6	-0.04715
37.61	-0.04616
37.62	-0.04506
37.63	-0.04371
37.64	-0.04194
37.65	-0.03961
37.66	-0.03678
37.67	-0.03369
37.68	-0.03052
37.69	-0.02768
37.7	-0.02540
37.71	-0.02398
37.72	-0.02349
37.73	-0.02380
37.74	-0.02470
37.75	-0.02587
37.76	-0.02703
37.77	-0.02808
37.78	-0.02896
37.79	-0.02974
37.8	-0.03054
37.81	-0.03154
37.82	-0.03277
37.83	-0.03428
37.84	-0.03599
37.85	-0.03779
37.86	-0.03955
37.87	-0.04094
37.88	-0.04168
37.89	-0.04168
37.9	-0.04099
37.91	-0.03981
37.92	-0.03854
37.93	-0.03751
37.94	-0.03691
37.95	-0.03678
37.96	-0.03702
37.97	-0.03743
37.98	-0.03791
37.99	-0.03822
38	-0.03818
38.01	-0.03764
38.02	-0.03643
38.03	-0.03465
38.04	-0.03234
38.05	-0.02977
38.06	-0.02705
38.07	-0.02443
38.08	-0.02205
38.09	-0.02007
38.1	-0.01843
38.11	-0.01708
38.12	-0.01595
38.13	-0.01484
38.14	-0.01384
38.15	-0.01313
38.16	-0.01295
38.17	-0.01343
38.18	-0.01464
38.19	-0.01641
38.2	-0.01853
38.21	-0.02076
38.22	-0.02298
38.23	-0.02506
38.24	-0.02702
38.25	-0.02881
38.26	-0.03027
38.27	-0.03102
38.28	-0.03065
38.29	-0.02908
38.3	-0.02637
38.31	-0.02283
38.32	-0.01881
38.33	-0.01472
38.34	-0.01074
38.35	-0.00698
38.36	-0.00352
38.37	-0.00057
38.38	0.00148
38.39	0.00230
38.4	0.00182
38.41	0.00024
38.42	-0.00210
38.43	-0.00481
38.44	-0.00735
38.45	-0.00939
38.46	-0.01072
38.47	-0.01134
38.48	-0.01143
38.49	-0.01122
38.5	-0.01101
38.51	-0.01092
38.52	-0.01105
38.53	-0.01147
38.54	-0.01222
38.55	-0.01323
38.56	-0.01449
38.57	-0.01583
38.58	-0.01719
38.59	-0.01856
38.6	-0.01989
38.61	-0.02120
38.62	-0.02242
38.63	-0.02344
38.64	-0.02420
38.65	-0.02457
38.66	-0.02457
38.67	-0.02429
38.68	-0.02381
38.69	-0.02330
38.7	-0.02280
38.71	-0.02236
38.72	-0.02190
38.73	-0.02117
38.74	-0.01960
38.75	-0.01691
38.76	-0.01297
38.77	-0.00800
38.78	-0.00253
38.79	0.00270
38.8	0.00709
38.81	0.01036
38.82	0.01258
38.83	0.01403
38.84	0.01536
38.85	0.01705
38.86	0.01945
38.87	0.02250
38.88	0.02587
38.89	0.02882
38.9	0.03089
38.91	0.03178
38.92	0.03155
38.93	0.03055
38.94	0.02920
38.95	0.02781
38.96	0.02667
38.97	0.02583
38.98	0.02521
38.99	0.02474
39	0.02428
39.01	0.02382
39.02	0.02343
39.03	0.02310
39.04	0.02288
39.05	0.02274
39.06	0.02268
39.07	0.02270
39.08	0.02273
39.09	0.02268
39.1	0.02234
39.11	0.02147
39.12	0.01984
39.13	0.01752
39.14	0.01464
39.15	0.01162
39.16	0.00901
39.17	0.00725
39.18	0.00654
39.19	0.00676
39.2	0.00765
39.21	0.00881
39.22	0.00997
39.23	0.01093
39.24	0.01158
39.25	0.01174
39.26	0.01147
39.27	0.01073
39.28	0.00966
39.29	0.00837
39.3	0.00701
39.31	0.00567
39.32	0.00440
39.33	0.00336
39.34	0.00270
39.35	0.00253
39.36	0.00291
39.37	0.00374
39.38	0.00493
39.39	0.00635
39.4	0.00784
39.41	0.00930
39.42	0.01073
39.43	0.01207
39.44	0.01333
39.45	0.01431
39.46	0.01488
39.47	0.01492
39.48	0.01451
39.49	0.01372
39.5	0.01268
39.51	0.01155
39.52	0.01047
39.53	0.00944
39.54	0.00851
39.55	0.00763
39.56	0.00681
39.57	0.00600
39.58	0.00527
39.59	0.00459
39.6	0.00397
39.61	0.00338
39.62	0.00285
39.63	0.00232
39.64	0.00182
39.65	0.00125
39.66	0.00054
39.67	-0.00054
39.68	-0.00221
39.69	-0.00444
39.7	-0.00692
39.71	-0.00900
39.72	-0.00994
39.73	-0.00940
39.74	-0.00737
39.75	-0.00422
39.76	-0.00051
39.77	0.00320
39.78	0.00647
39.79	0.00923
39.8	0.01149
39.81	0.01349
39.82	0.01545
39.83	0.01752
39.84	0.01981
39.85	0.02224
39.86	0.02458
39.87	0.02648
39.88	0.02766
39.89	0.02797
39.9	0.02754
39.91	0.02657
39.92	0.02531
39.93	0.02387
39.94	0.02242
39.95	0.02095
39.96	0.01946
39.97	0.01790
39.98	0.01613
39.99	0.01407
40	0.01180
40.01	0.00945
40.02	0.00736
40.03	0.00589
40.04	0.00517
40.05	0.00521
40.06	0.00585
40.07	0.00676
40.08	0.00775
40.09	0.00863
40.1	0.00936
40.11	0.00993
40.12	0.01040
40.13	0.01090
40.14	0.01143
40.15	0.01203
40.16	0.01272
40.17	0.01334
40.18	0.01377
40.19	0.01381
40.2	0.01338
40.21	0.01245
40.22	0.01119
40.23	0.00976
40.24	0.00844
40.25	0.00748
40.26	0.00704
40.27	0.00712
40.28	0.00761
40.29	0.00820
40.3	0.00863
40.31	0.00873
40.32	0.00839
40.33	0.00766
40.34	0.00668
40.35	0.00561
40.36	0.00461
40.37	0.00378
40.38	0.00338
40.39	0.00352
40.4	0.00432
40.41	0.00570
40.42	0.00755
40.43	0.00962
40.44	0.01174
40.45	0.01381
40.46	0.01582
40.47	0.01772
40.48	0.01957
40.49	0.02138
40.5	0.02306
40.51	0.02435
40.52	0.02497
40.53	0.02483
40.54	0.02398
40.55	0.02261
40.56	0.02099
40.57	0.01943
40.58	0.01808
40.59	0.01714
40.6	0.01654
40.61	0.01620
40.62	0.01590
40.63	0.01559
40.64	0.01508
40.65	0.01445
40.66	0.01361
40.67	0.01272
40.68	0.01180
40.69	0.01092
40.7	0.01008
40.71	0.00929
40.72	0.00853
40.73	0.00778
40.74	0.00701
40.75	0.00623
40.76	0.00540
40.77	0.00458
40.78	0.00373
40.79	0.00293
40.8	0.00229
40.81	0.00205
40.82	0.00230
40.83	0.00312
40.84	0.00440
40.85	0.00600
40.86	0.00776
40.87	0.00950
40.88	0.01116
40.89	0.01272
40.9	0.01421
40.91	0.01567
40.92	0.01710
40.93	0.01856
40.94	0.01998
40.95	0.02138
40.96	0.02279
40.97	0.02406
40.98	0.02519
40.99	0.02616
41	0.02688
41.01	0.02747
41.02	0.02797
41.03	0.02844
41.04	0.02890
41.05	0.02940
41.06	0.02993
41.07	0.03049
41.08	0.03096
41.09	0.03116
41.1	0.03088
41.11	0.02995
41.12	0.02840
41.13	0.02621
41.14	0.02334
41.15	0.01979
41.16	0.01560
41.17	0.01105
41.18	0.00646
41.19	0.00223
41.2	-0.00140
41.21	-0.00438
41.22	-0.00685
41.23	-0.00897
41.24	-0.01078
41.25	-0.01237
41.26	-0.01368
41.27	-0.01476
41.28	-0.01557
41.29	-0.01605
41.3	-0.01612
41.31	-0.01577
41.32	-0.01510
41.33	-0.01405
41.34	-0.01277
41.35	-0.01121
41.36	-0.00945
41.37	-0.00753
41.38	-0.00551
41.39	-0.00341
41.4	-0.00131
41.41	0.00076
41.42	0.00270
41.43	0.00413
41.44	0.00474
41.45	0.00428
41.46	0.00277
41.47	0.00047
41.48	-0.00224
41.49	-0.00489
41.5	-0.00714
41.51	-0.00886
41.52	-0.01006
41.53	-0.01075
41.54	-0.01121
41.55	-0.01150
41.56	-0.01180
41.57	-0.01209
41.58	-0.01246
41.59	-0.01288
41.6	-0.01328
41.61	-0.01364
41.62	-0.01396
41.63	-0.01423
41.64	-0.01446
41.65	-0.01472
41.66	-0.01493
41.67	-0.01519
41.68	-0.01539
41.69	-0.01551
41.7	-0.01546
41.71	-0.01531
41.72	-0.01503
41.73	-0.01467
41.74	-0.01427
41.75	-0.01388
41.76	-0.01350
41.77	-0.01314
41.78	-0.01282
41.79	-0.01250
41.8	-0.01224
41.81	-0.01221
41.82	-0.01249
41.83	-0.01316
41.84	-0.01424
41.85	-0.01560
41.86	-0.01712
41.87	-0.01867
41.88	-0.02009
41.89	-0.02134
41.9	-0.02236
41.91	-0.02325
41.92	-0.02390
41.93	-0.02434
41.94	-0.02448
41.95	-0.02426
41.96	-0.02374
41.97	-0.02299
41.98	-0.02214
41.99	-0.02124
42	-0.02035
42.01	-0.01943
42.02	-0.01848
42.03	-0.01746
42.04	-0.01638
42.05	-0.01519
42.06	-0.01397
42.07	-0.01274
42.08	-0.01147
42.09	-0.01022
42.1	-0.00901
42.11	-0.00783
42.12	-0.00669
42.13	-0.00568
42.14	-0.00496
42.15	-0.00455
42.16	-0.00444
42.17	-0.00462
42.18	-0.00499
42.19	-0.00550
42.2	-0.00619
42.21	-0.00705
42.22	-0.00808
42.23	-0.00921
42.24	-0.01028
42.25	-0.01123
42.26	-0.01203
42.27	-0.01269
42.28	-0.01322
42.29	-0.01369
42.3	-0.01418
42.31	-0.01469
42.32	-0.01525
42.33	-0.01583
42.34	-0.01635
42.35	-0.01674
42.36	-0.01694
42.37	-0.01694
42.38	-0.01673
42.39	-0.01637
42.4	-0.01557
42.41	-0.01408
42.42	-0.01174
42.43	-0.00875
42.44	-0.00562
42.45	-0.00287
42.46	-0.00080
42.47	0.00043
42.48	0.00102
42.49	0.00121
42.5	0.00129
42.51	0.00152
42.52	0.00201
42.53	0.00285
42.54	0.00398
42.55	0.00535
42.56	0.00679
42.57	0.00821
42.58	0.00958
42.59	0.01089
42.6	0.01212
42.61	0.01336
42.62	0.01461
42.63	0.01585
42.64	0.01684
42.65	0.01741
42.66	0.01735
42.67	0.01660
42.68	0.01528
42.69	0.01359
42.7	0.01174
42.71	0.00990
42.72	0.00819
42.73	0.00660
42.74	0.00516
42.75	0.00394
42.76	0.00299
42.77	0.00236
42.78	0.00199
42.79	0.00186
42.8	0.00187
42.81	0.00197
42.82	0.00198
42.83	0.00186
42.84	0.00156
42.85	0.00109
42.86	0.00047
42.87	-0.00022
42.88	-0.00095
42.89	-0.00167
42.9	-0.00231
42.91	-0.00294
42.92	-0.00346
42.93	-0.00384
42.94	-0.00405
42.95	-0.00404
42.96	-0.00369
42.97	-0.00290
42.98	-0.00166
42.99	0.00000
43	0.00194
43.01	0.00402
43.02	0.00610
43.03	0.00796
43.04	0.00945
43.05	0.01058
43.06	0.01134
43.07	0.01186
43.08	0.01226
43.09	0.01266
43.1	0.01311
43.11	0.01364
43.12	0.01421
43.13	0.01481
43.14	0.01536
43.15	0.01576
43.16	0.01593
43.17	0.01574
43.18	0.01513
43.19	0.01397
43.2	0.01226
43.21	0.01003
43.22	0.00742
43.23	0.00460
43.24	0.00175
43.25	-0.00085
43.26	-0.00287
43.27	-0.00416
43.28	-0.00462
43.29	-0.00444
43.3	-0.00384
43.31	-0.00309
43.32	-0.00239
43.33	-0.00179
43.34	-0.00138
43.35	-0.00108
43.36	-0.00079
43.37	-0.00049
43.38	-0.00010
43.39	0.00040
43.4	0.00117
43.41	0.00226
43.42	0.00376
43.43	0.00560
43.44	0.00774
43.45	0.00994
43.46	0.01192
43.47	0.01339
43.48	0.01414
43.49	0.01419
43.5	0.01360
43.51	0.01268
43.52	0.01161
43.53	0.01059
43.54	0.00974
43.55	0.00900
43.56	0.00839
43.57	0.00788
43.58	0.00745
43.59	0.00715
43.6	0.00706
43.61	0.00712
43.62	0.00728
43.63	0.00755
43.64	0.00783
43.65	0.00814
43.66	0.00837
43.67	0.00854
43.68	0.00859
43.69	0.00850
43.7	0.00828
43.71	0.00799
43.72	0.00762
43.73	0.00725
43.74	0.00699
43.75	0.00693
43.76	0.00709
43.77	0.00748
43.78	0.00807
43.79	0.00875
43.8	0.00945
43.81	0.01014
43.82	0.01077
43.83	0.01134
43.84	0.01177
43.85	0.01206
43.86	0.01223
43.87	0.01223
43.88	0.01213
43.89	0.01198
43.9	0.01182
43.91	0.01165
43.92	0.01151
43.93	0.01138
43.94	0.01130
43.95	0.01129
43.96	0.01146
43.97	0.01190
43.98	0.01265
43.99	0.01366
44	0.01488
44.01	0.01618
44.02	0.01749
44.03	0.01865
44.04	0.01957
44.05	0.02012
44.06	0.02033
44.07	0.02027
44.08	0.02004
44.09	0.01967
44.1	0.01911
44.11	0.01829
44.12	0.01714
44.13	0.01567
44.14	0.01391
44.15	0.01198
44.16	0.00997
44.17	0.00805
44.18	0.00636
44.19	0.00507
44.2	0.00425
44.21	0.00390
44.22	0.00384
44.23	0.00398
44.24	0.00416
44.25	0.00428
44.26	0.00424
44.27	0.00397
44.28	0.00347
44.29	0.00272
44.3	0.00183
44.31	0.00090
44.32	0.00007
44.33	-0.00053
44.34	-0.00087
44.35	-0.00097
44.36	-0.00090
44.37	-0.00074
44.38	-0.00060
44.39	-0.00053
44.4	-0.00053
44.41	-0.00064
44.42	-0.00097
44.43	-0.00151
44.44	-0.00226
44.45	-0.00329
44.46	-0.00443
44.47	-0.00563
44.48	-0.00682
44.49	-0.00784
44.5	-0.00855
44.51	-0.00896
44.52	-0.00906
44.53	-0.00898
44.54	-0.00883
44.55	-0.00862
44.56	-0.00847
44.57	-0.00840
44.58	-0.00837
44.59	-0.00836
44.6	-0.00834
44.61	-0.00828
44.62	-0.00822
44.63	-0.00812
44.64	-0.00800
44.65	-0.00790
44.66	-0.00780
44.67	-0.00771
44.68	-0.00765
44.69	-0.00758
44.7	-0.00738
44.71	-0.00708
44.72	-0.00652
44.73	-0.00574
44.74	-0.00476
44.75	-0.00369
44.76	-0.00271
44.77	-0.00195
44.78	-0.00154
44.79	-0.00143
44.8	-0.00158
44.81	-0.00185
44.82	-0.00215
44.83	-0.00241
44.84	-0.00261
44.85	-0.00266
44.86	-0.00253
44.87	-0.00215
44.88	-0.00163
44.89	-0.00100
44.9	-0.00045
44.91	-0.00003
44.92	0.00016
44.93	0.00020
44.94	0.00009
44.95	-0.00009
44.96	-0.00029
44.97	-0.00038
44.98	-0.00037
44.99	-0.00016
45	0.00022
45.01	0.00082
45.02	0.00152
45.03	0.00228
45.04	0.00300
45.05	0.00364
45.06	0.00410
45.07	0.00440
45.08	0.00461
45.09	0.00471
45.1	0.00479
45.11	0.00492
45.12	0.00510
45.13	0.00543
45.14	0.00593
45.15	0.00663
45.16	0.00750
45.17	0.00850
45.18	0.00957
45.19	0.01062
45.2	0.01166
45.21	0.01272
45.22	0.01368
45.23	0.01466
45.24	0.01566
45.25	0.01665
45.26	0.01766
45.27	0.01856
45.28	0.01912
45.29	0.01915
45.3	0.01851
45.31	0.01726
45.32	0.01556
45.33	0.01354
45.34	0.01154
45.35	0.00973
45.36	0.00832
45.37	0.00736
45.38	0.00681
45.39	0.00653
45.4	0.00639
45.41	0.00627
45.42	0.00604
45.43	0.00573
45.44	0.00536
45.45	0.00498
45.46	0.00460
45.47	0.00427
45.48	0.00395
45.49	0.00373
45.5	0.00350
45.51	0.00325
45.52	0.00298
45.53	0.00270
45.54	0.00232
45.55	0.00191
45.56	0.00143
45.57	0.00089
45.58	0.00024
45.59	-0.00046
45.6	-0.00138
45.61	-0.00253
45.62	-0.00387
45.63	-0.00544
45.64	-0.00711
45.65	-0.00876
45.66	-0.01019
45.67	-0.01130
45.68	-0.01200
45.69	-0.01242
45.7	-0.01262
45.71	-0.01273
45.72	-0.01282
45.73	-0.01308
45.74	-0.01353
45.75	-0.01435
45.76	-0.01550
45.77	-0.01691
45.78	-0.01828
45.79	-0.01926
45.8	-0.01957
45.81	-0.01917
45.82	-0.01812
45.83	-0.01665
45.84	-0.01499
45.85	-0.01341
45.86	-0.01198
45.87	-0.01092
45.88	-0.01021
45.89	-0.00991
45.9	-0.00991
45.91	-0.01007
45.92	-0.01032
45.93	-0.01049
45.94	-0.01047
45.95	-0.01019
45.96	-0.00959
45.97	-0.00871
45.98	-0.00771
45.99	-0.00668
46	-0.00582
46.01	-0.00515
46.02	-0.00477
46.03	-0.00461
46.04	-0.00458
46.05	-0.00458
46.06	-0.00454
46.07	-0.00428
46.08	-0.00360
46.09	-0.00236
46.1	-0.00051
46.11	0.00182
46.12	0.00429
46.13	0.00650
46.14	0.00809
46.15	0.00897
46.16	0.00917
46.17	0.00896
46.18	0.00850
46.19	0.00801
46.2	0.00754
46.21	0.00708
46.22	0.00661
46.23	0.00604
46.24	0.00540
46.25	0.00473
46.26	0.00407
46.27	0.00353
46.28	0.00314
46.29	0.00291
46.3	0.00276
46.31	0.00269
46.32	0.00260
46.33	0.00248
46.34	0.00220
46.35	0.00162
46.36	0.00061
46.37	-0.00086
46.38	-0.00272
46.39	-0.00483
46.4	-0.00708
46.41	-0.00934
46.42	-0.01152
46.43	-0.01361
46.44	-0.01565
46.45	-0.01765
46.46	-0.01945
46.47	-0.02076
46.48	-0.02134
46.49	-0.02102
46.5	-0.01981
46.51	-0.01797
46.52	-0.01575
46.53	-0.01345
46.54	-0.01127
46.55	-0.00924
46.56	-0.00732
46.57	-0.00562
46.58	-0.00412
46.59	-0.00290
46.6	-0.00199
46.61	-0.00140
46.62	-0.00106
46.63	-0.00086
46.64	-0.00072
46.65	-0.00059
46.66	-0.00044
46.67	-0.00021
46.68	0.00005
46.69	0.00031
46.7	0.00055
46.71	0.00078
46.72	0.00101
46.73	0.00118
46.74	0.00131
46.75	0.00124
46.76	0.00090
46.77	0.00021
46.78	-0.00079
46.79	-0.00206
46.8	-0.00346
46.81	-0.00490
46.82	-0.00629
46.83	-0.00751
46.84	-0.00846
46.85	-0.00917
46.86	-0.00959
46.87	-0.00980
46.88	-0.00992
46.89	-0.01000
46.9	-0.01013
46.91	-0.01037
46.92	-0.01085
46.93	-0.01150
46.94	-0.01238
46.95	-0.01341
46.96	-0.01451
46.97	-0.01566
46.98	-0.01679
46.99	-0.01784
47	-0.01877
47.01	-0.01956
47.02	-0.02015
47.03	-0.02053
47.04	-0.02076
47.05	-0.02090
47.06	-0.02103
47.07	-0.02114
47.08	-0.02127
47.09	-0.02143
47.1	-0.02155
47.11	-0.02157
47.12	-0.02144
47.13	-0.02114
47.14	-0.02068
47.15	-0.02013
47.16	-0.01953
47.17	-0.01896
47.18	-0.01841
47.19	-0.01788
47.2	-0.01740
47.21	-0.01691
47.22	-0.01638
47.23	-0.01579
47.24	-0.01516
47.25	-0.01449
47.26	-0.01376
47.27	-0.01308
47.28	-0.01235
47.29	-0.01168
47.3	-0.01100
47.31	-0.01035
47.32	-0.00978
47.33	-0.00926
47.34	-0.00877
47.35	-0.00836
47.36	-0.00797
47.37	-0.00759
47.38	-0.00717
47.39	-0.00677
47.4	-0.00637
47.41	-0.00597
47.42	-0.00555
47.43	-0.00515
47.44	-0.00483
47.45	-0.00461
47.46	-0.00458
47.47	-0.00473
47.48	-0.00504
47.49	-0.00547
47.5	-0.00596
47.51	-0.00637
47.52	-0.00662
47.53	-0.00654
47.54	-0.00609
47.55	-0.00531
47.56	-0.00427
47.57	-0.00306
47.58	-0.00181
47.59	-0.00059
47.6	0.00055
47.61	0.00163
47.62	0.00267
47.63	0.00362
47.64	0.00437
47.65	0.00486
47.66	0.00501
47.67	0.00485
47.68	0.00446
47.69	0.00392
47.7	0.00335
47.71	0.00276
47.72	0.00210
47.73	0.00135
47.74	0.00045
47.75	-0.00057
47.76	-0.00170
47.77	-0.00281
47.78	-0.00375
47.79	-0.00455
47.8	-0.00513
47.81	-0.00558
47.82	-0.00616
47.83	-0.00699
47.84	-0.00819
47.85	-0.00975
47.86	-0.01159
47.87	-0.01358
47.88	-0.01550
47.89	-0.01699
47.9	-0.01779
47.91	-0.01773
47.92	-0.01680
47.93	-0.01528
47.94	-0.01343
47.95	-0.01146
47.96	-0.00961
47.97	-0.00791
47.98	-0.00636
47.99	-0.00487
48	-0.00340
48.01	-0.00191
48.02	-0.00043
48.03	0.00097
48.04	0.00215
48.05	0.00310
48.06	0.00383
48.07	0.00447
48.08	0.00517
48.09	0.00612
48.1	0.00734
48.11	0.00881
48.12	0.01031
48.13	0.01164
48.14	0.01266
48.15	0.01326
48.16	0.01353
48.17	0.01361
48.18	0.01359
48.19	0.01364
48.2	0.01376
48.21	0.01398
48.22	0.01427
48.23	0.01456
48.24	0.01485
48.25	0.01505
48.26	0.01519
48.27	0.01520
48.28	0.01510
48.29	0.01489
48.3	0.01461
48.31	0.01431
48.32	0.01399
48.33	0.01372
48.34	0.01352
48.35	0.01341
48.36	0.01342
48.37	0.01354
48.38	0.01373
48.39	0.01398
48.4	0.01451
48.41	0.01476
48.42	0.01499
48.43	0.01519
48.44	0.01528
48.45	0.01521
48.46	0.01498
48.47	0.01456
48.48	0.01398
48.49	0.01331
48.5	0.01265
48.51	0.01203
48.52	0.01159
48.53	0.01134
48.54	0.01122
48.55	0.01123
48.56	0.01131
48.57	0.01138
48.58	0.01144
48.59	0.01144
48.6	0.01142
48.61	0.01136
48.62	0.01134
48.63	0.01127
48.64	0.01116
48.65	0.01096
48.66	0.01063
48.67	0.01023
48.68	0.00972
48.69	0.00915
48.7	0.00857
48.71	0.00801
48.72	0.00740
48.73	0.00679
48.74	0.00612
48.75	0.00540
48.76	0.00464
48.77	0.00384
48.78	0.00305
48.79	0.00223
48.8	0.00146
48.81	0.00074
48.82	0.00014
48.83	-0.00017
48.84	-0.00016
48.85	0.00014
48.86	0.00069
48.87	0.00138
48.88	0.00214
48.89	0.00285
48.9	0.00343
48.91	0.00377
48.92	0.00377
48.93	0.00338
48.94	0.00269
48.95	0.00176
48.96	0.00085
48.97	0.00011
48.98	-0.00031
48.99	-0.00037
49	-0.00014
49.01	0.00024
49.02	0.00068
49.03	0.00109
49.04	0.00141
49.05	0.00167
49.06	0.00183
49.07	0.00190
49.08	0.00190
49.09	0.00178
49.1	0.00155
49.11	0.00118
49.12	0.00076
49.13	0.00030
49.14	-0.00014
49.15	-0.00052
49.16	-0.00074
49.17	-0.00066
49.18	-0.00028
49.19	0.00036
49.2	0.00122
49.21	0.00214
49.22	0.00309
49.23	0.00399
49.24	0.00478
49.25	0.00537
49.26	0.00569
49.27	0.00571
49.28	0.00552
49.29	0.00516
49.3	0.00474
49.31	0.00440
49.32	0.00428
49.33	0.00436
49.34	0.00461
49.35	0.00499
49.36	0.00539
49.37	0.00575
49.38	0.00601
49.39	0.00612
49.4	0.00601
49.41	0.00578
49.42	0.00544
49.43	0.00510
49.44	0.00487
49.45	0.00491
49.46	0.00519
49.47	0.00571
49.48	0.00642
49.49	0.00716
49.5	0.00783
49.51	0.00825
49.52	0.00837
49.53	0.00821
49.54	0.00782
49.55	0.00731
49.56	0.00678
49.57	0.00628
49.58	0.00585
49.59	0.00546
49.6	0.00513
49.61	0.00478
49.62	0.00446
49.63	0.00413
49.64	0.00386
49.65	0.00366
49.66	0.00352
49.67	0.00341
49.68	0.00318
49.69	0.00269
49.7	0.00174
49.71	0.00037
49.72	-0.00139
49.73	-0.00333
49.74	-0.00517
49.75	-0.00671
49.76	-0.00774
49.77	-0.00825
49.78	-0.00837
49.79	-0.00825
49.8	-0.00807
49.81	-0.00797
49.82	-0.00797
49.83	-0.00805
49.84	-0.00820
49.85	-0.00838
49.86	-0.00847
49.87	-0.00846
49.88	-0.00825
49.89	-0.00778
49.9	-0.00706
49.91	-0.00616
49.92	-0.00512
49.93	-0.00404
49.94	-0.00306
49.95	-0.00224
49.96	-0.00169
49.97	-0.00145
49.98	-0.00145
49.99	-0.00161
50	-0.00184
50.01	-0.00207
50.02	-0.00225
50.03	-0.00239
50.04	-0.00239
50.05	-0.00224
50.06	-0.00185
50.07	-0.00123
50.08	-0.00039
50.09	0.00056
50.1	0.00162
50.11	0.00269
50.12	0.00367
50.13	0.00453
50.14	0.00510
50.15	0.00529
50.16	0.00510
50.17	0.00456
50.18	0.00378
50.19	0.00292
50.2	0.00207
50.21	0.00138
50.22	0.00094
50.23	0.00076
50.24	0.00082
50.25	0.00100
50.26	0.00125
50.27	0.00148
50.28	0.00168
50.29	0.00182
50.3	0.00191
50.31	0.00201
50.32	0.00210
50.33	0.00222
50.34	0.00233
50.35	0.00241
50.36	0.00241
50.37	0.00231
50.38	0.00214
50.39	0.00186
50.4	0.00158
50.41	0.00128
50.42	0.00100
50.43	0.00074
50.44	0.00048
50.45	0.00029
50.46	0.00011
50.47	-0.00001
50.48	-0.00010
50.49	-0.00016
50.5	-0.00017
50.51	-0.00021
50.52	-0.00028
50.53	-0.00045
50.54	-0.00077
50.55	-0.00123
50.56	-0.00179
50.57	-0.00243
50.58	-0.00308
50.59	-0.00370
50.6	-0.00431
50.61	-0.00485
50.62	-0.00539
50.63	-0.00585
50.64	-0.00616
50.65	-0.00621
50.66	-0.00597
50.67	-0.00542
50.68	-0.00468
50.69	-0.00379
50.7	-0.00290
50.71	-0.00201
50.72	-0.00122
50.73	-0.00046
50.74	0.00018
50.75	0.00069
50.76	0.00091
50.77	0.00069
50.78	0.00006
50.79	-0.00095
50.8	-0.00221
50.81	-0.00356
50.82	-0.00485
50.83	-0.00585
50.84	-0.00627
50.85	-0.00591
50.86	-0.00477
50.87	-0.00302
50.88	-0.00092
50.89	0.00131
50.9	0.00331
50.91	0.00464
50.92	0.00486
50.93	0.00377
50.94	0.00143
50.95	-0.00181
50.96	-0.00554
50.97	-0.00931
50.98	-0.01258
50.99	-0.01473
51	-0.01527
51.01	-0.01410
51.02	-0.01159
51.03	-0.00846
51.04	-0.00559
51.05	-0.00359
51.06	-0.00263
51.07	-0.00262
51.08	-0.00307
51.09	-0.00331
51.1	-0.00269
51.11	-0.00086
51.12	0.00217
51.13	0.00612
51.14	0.01019
51.15	0.01334
51.16	0.01461
51.17	0.01349
51.18	0.01009
51.19	0.00513
51.2	-0.00028
51.21	-0.00482
51.22	-0.00752
51.23	-0.00805
51.24	-0.00665
51.25	-0.00404
51.26	-0.00094
51.27	0.00199
51.28	0.00438
51.29	0.00610
51.3	0.00689
51.31	0.00667
51.32	0.00540
51.33	0.00325
51.34	0.00052
51.35	-0.00236
51.36	-0.00474
51.37	-0.00608
51.38	-0.00609
51.39	-0.00491
51.4	-0.00299
51.41	-0.00107
51.42	0.00023
51.43	0.00052
51.44	-0.00017
51.45	-0.00144
51.46	-0.00268
51.47	-0.00344
51.48	-0.00344
51.49	-0.00270
51.5	-0.00153
51.51	-0.00025
51.52	0.00076
51.53	0.00137
51.54	0.00159
51.55	0.00155
51.56	0.00147
51.57	0.00155
51.58	0.00184
51.59	0.00237
51.6	0.00299
51.61	0.00352
51.62	0.00378
51.63	0.00367
51.64	0.00317
51.65	0.00238
51.66	0.00146
51.67	0.00052
51.68	-0.00033
51.69	-0.00107
51.7	-0.00161
51.71	-0.00186
51.72	-0.00171
51.73	-0.00101
51.74	0.00015
51.75	0.00163
51.76	0.00310
51.77	0.00424
51.78	0.00476
51.79	0.00464
51.8	0.00399
51.81	0.00305
51.82	0.00201
51.83	0.00102
51.84	0.00023
51.85	-0.00030
51.86	-0.00053
51.87	-0.00052
51.88	-0.00032
51.89	-0.00001
51.9	0.00033
51.91	0.00059
51.92	0.00074
51.93	0.00075
51.94	0.00067
51.95	0.00048
51.96	0.00032
51.97	0.00014
51.98	0.00003
51.99	-0.00003
52	-0.00001
52.01	0.00008
52.02	0.00016
52.03	0.00030
52.04	0.00043
52.05	0.00053
52.06	0.00063
52.07	0.00077
52.08	0.00091
52.09	0.00108
52.1	0.00123
52.11	0.00137
52.12	0.00144
52.13	0.00141
52.14	0.00128
52.15	0.00103
52.16	0.00077
52.17	0.00048
52.18	0.00021
52.19	-0.00005
52.2	-0.00024
52.21	-0.00038
52.22	-0.00045
52.23	-0.00041
52.24	-0.00031
52.25	-0.00011
52.26	0.00009
52.27	0.00034
52.28	0.00052
52.29	0.00062
52.3	0.00062
52.31	0.00052
52.32	0.00032
52.33	0.00006
52.34	-0.00021
52.35	-0.00045
52.36	-0.00059
52.37	-0.00061
52.38	-0.00060
52.39	-0.00052
52.4	-0.00044
52.41	-0.00034
52.42	-0.00032
52.43	-0.00033
52.44	-0.00040
52.45	-0.00051
52.46	-0.00059
52.47	-0.00064
52.48	-0.00067
52.49	-0.00066
52.5	-0.00061
52.51	-0.00057
52.52	-0.00054
52.53	-0.00051
52.54	-0.00049
52.55	-0.00047
52.56	-0.00046
52.57	-0.00045
52.58	-0.00041
52.59	-0.00039
52.6	-0.00034
52.61	-0.00033
52.62	-0.00031
52.63	-0.00028
52.64	-0.00025
52.65	-0.00024
52.66	-0.00021
52.67	-0.00018
52.68	-0.00018
52.69	-0.00018
52.7	-0.00022
52.71	-0.00025
52.72	-0.00026
52.73	-0.00030
52.74	-0.00031
52.75	-0.00031
52.76	-0.00032
52.77	-0.00032
52.78	-0.00033
52.79	-0.00034
52.8	-0.00037
52.81	-0.00039
52.82	-0.00040
52.83	-0.00041
52.84	-0.00045
52.85	-0.00046
52.86	-0.00046
52.87	-0.00046
52.88	-0.00046
52.89	-0.00045
52.9	-0.00045
52.91	-0.00045
52.92	-0.00044
52.93	-0.00044
52.94	-0.00041
52.95	-0.00041
52.96	-0.00041
52.97	-0.00041
52.98	-0.00041
52.99	-0.00040
53	-0.00041
53.01	-0.00040
53.02	-0.00040
53.03	-0.00040
53.04	-0.00039
53.05	-0.00039
53.06	-0.00039
53.07	-0.00038
53.08	-0.00039
53.09	-0.00038
53.1	-0.00039
53.11	-0.00038
53.12	-0.00038
53.13	-0.00039
53.14	-0.00038
53.15	-0.00038
53.16	-0.00038
53.17	-0.00038
53.18	-0.00038
53.19	-0.00037
53.2	-0.00038
53.21	-0.00038
53.22	-0.00038
53.23	-0.00038
53.24	-0.00037
53.25	-0.00037
53.26	-0.00038
53.27	-0.00037
53.28	-0.00037
53.29	-0.00037
53.3	-0.00037
53.31	-0.00037
53.32	-0.00034
53.33	-0.00034
53.34	-0.00034
53.35	-0.00034
53.36	-0.00034
53.37	-0.00034
53.38	-0.00033
53.39	-0.00033
53.4	-0.00033
53.41	-0.00033
53.42	-0.00033
53.43	-0.00033
53.44	-0.00033
53.45	-0.00033
53.46	-0.00033
53.47	-0.00033
53.48	-0.00032
53.49	-0.00032
53.5	-0.00033
53.51	-0.00032
53.52	-0.00032
53.53	-0.00032
53.54	-0.00031
53.55	-0.00031
53.56	-0.00031
53.57	-0.00031
53.58	-0.00030
53.59	-0.00030
53.6	-0.00030
53.61	-0.00030
53.62	-0.00028
53.63	-0.00028
53.64	-0.00028
53.65	-0.00028
53.66	-0.00026
53.67	-0.00028
53.68	-0.00028
53.69	-0.00028
53.7	-0.00026
