t(s)	a(g)
0	0.00000
0.01	0.00000
0.02	-0.00188
0.03	-0.00183
0.04	-0.00179
0.05	-0.00175
0.06	-0.00172
0.07	-0.00168
0.08	-0.00164
0.09	-0.00159
0.1	-0.00156
0.11	-0.00151
0.12	-0.00149
0.13	-0.00144
0.14	-0.00141
0.15	-0.00136
0.16	-0.00131
0.17	-0.00128
0.18	-0.00123
0.19	-0.00118
0.2	-0.00116
0.21	-0.00111
0.22	-0.00107
0.23	-0.00103
0.24	-0.00098
0.25	-0.00094
0.26	-0.00090
0.27	-0.00086
0.28	-0.00083
0.29	-0.00079
0.3	-0.00074
0.31	-0.00070
0.32	-0.00066
0.33	-0.00061
0.34	-0.00056
0.35	-0.00052
0.36	-0.00048
0.37	-0.00043
0.38	-0.00039
0.39	-0.00036
0.4	-0.00032
0.41	-0.00028
0.42	-0.00027
0.43	-0.00025
0.44	-0.00022
0.45	-0.00018
0.46	-0.00013
0.47	-0.00005
0.48	0.00005
0.49	0.00015
0.5	0.00028
0.51	0.00039
0.52	0.00048
0.53	0.00055
0.54	0.00057
0.55	0.00057
0.56	0.00056
0.57	0.00053
0.58	0.00052
0.59	0.00050
0.6	0.00048
0.61	0.00047
0.62	0.00046
0.63	0.00043
0.64	0.00043
0.65	0.00043
0.66	0.00052
0.67	0.00064
0.68	0.00083
0.69	0.00100
0.7	0.00113
0.71	0.00118
0.72	0.00117
0.73	0.00111
0.74	0.00102
0.75	0.00093
0.76	0.00086
0.77	0.00083
0.78	0.00086
0.79	0.00095
0.8	0.00114
0.81	0.00144
0.82	0.00184
0.83	0.00244
0.84	0.00319
0.85	0.00412
0.86	0.00519
0.87	0.00638
0.88	0.00760
0.89	0.00869
0.9	0.00947
0.91	0.00982
0.92	0.00973
0.93	0.00931
0.94	0.00875
0.95	0.00837
0.96	0.00841
0.97	0.00893
0.98	0.00994
0.99	0.01121
1	0.01247
1.01	0.01347
1.02	0.01408
1.03	0.01430
1.04	0.01419
1.05	0.01395
1.06	0.01379
1.07	0.01389
1.08	0.01435
1.09	0.01510
1.1	0.01592
1.11	0.01660
1.12	0.01693
1.13	0.01681
1.14	0.01630
1.15	0.01550
1.16	0.01456
1.17	0.01360
1.18	0.01264
1.19	0.01177
1.2	0.01099
1.21	0.01042
1.22	0.01019
1.23	0.01022
1.24	0.01011
1.25	0.00926
1.26	0.00719
1.27	0.00361
1.28	-0.00137
1.29	-0.00740
1.3	-0.01344
1.31	-0.01794
1.32	-0.01941
1.33	-0.01698
1.34	-0.01070
1.35	-0.00137
1.36	0.00991
1.37	0.02205
1.38	0.03425
1.39	0.04582
1.4	0.05590
1.41	0.06372
1.42	0.06888
1.43	0.07155
1.44	0.07230
1.45	0.07190
1.46	0.07111
1.47	0.07040
1.48	0.07002
1.49	0.07031
1.5	0.07214
1.51	0.07659
1.52	0.08400
1.53	0.09315
1.54	0.10163
1.55	0.10710
1.56	0.10815
1.57	0.10460
1.58	0.09737
1.59	0.08791
1.6	0.07767
1.61	0.06772
1.62	0.05848
1.63	0.04985
1.64	0.04139
1.65	0.03256
1.66	0.02291
1.67	0.01229
1.68	0.00072
1.69	-0.01158
1.7	-0.02434
1.71	-0.03732
1.72	-0.05045
1.73	-0.06372
1.74	-0.07719
1.75	-0.09098
1.76	-0.10507
1.77	-0.11935
1.78	-0.13304
1.79	-0.14397
1.8	-0.14980
1.81	-0.14946
1.82	-0.14352
1.83	-0.13399
1.84	-0.12373
1.85	-0.11555
1.86	-0.11132
1.87	-0.11089
1.88	-0.11151
1.89	-0.10901
1.9	-0.09976
1.91	-0.08161
1.92	-0.05292
1.93	-0.01219
1.94	0.04101
1.95	0.10396
1.96	0.16847
1.97	0.22362
1.98	0.26087
1.99	0.27745
2	0.27636
2.01	0.26420
2.02	0.24830
2.03	0.23441
2.04	0.22549
2.05	0.22175
2.06	0.22150
2.07	0.22225
2.08	0.22186
2.09	0.21911
2.1	0.21386
2.11	0.20682
2.12	0.19911
2.13	0.19163
2.14	0.18475
2.15	0.17781
2.16	0.16966
2.17	0.15927
2.18	0.14599
2.19	0.12888
2.2	0.10600
2.21	0.07520
2.22	0.03548
2.23	-0.01257
2.24	-0.06529
2.25	-0.11464
2.26	-0.15112
2.27	-0.16811
2.28	-0.16396
2.29	-0.14192
2.3	-0.10821
2.31	-0.06949
2.32	-0.03051
2.33	0.00693
2.34	0.04332
2.35	0.07970
2.36	0.11413
2.37	0.14138
2.38	0.15598
2.39	0.15485
2.4	0.13839
2.41	0.10987
2.42	0.07390
2.43	0.03481
2.44	-0.00430
2.45	-0.04190
2.46	-0.07795
2.47	-0.11311
2.48	-0.14667
2.49	-0.17514
2.5	-0.19407
2.51	-0.20044
2.52	-0.19391
2.53	-0.17668
2.54	-0.15220
2.55	-0.12357
2.56	-0.09269
2.57	-0.06041
2.58	-0.02686
2.59	0.00811
2.6	0.04462
2.61	0.08189
2.62	0.11581
2.63	0.13961
2.64	0.14732
2.65	0.13650
2.66	0.10892
2.67	0.06997
2.68	0.02639
2.69	-0.01604
2.7	-0.05386
2.71	-0.08630
2.72	-0.11461
2.73	-0.14089
2.74	-0.16530
2.75	-0.18378
2.76	-0.19040
2.77	-0.18068
2.78	-0.15358
2.79	-0.11179
2.8	-0.06189
2.81	-0.01465
2.82	0.01876
2.83	0.03121
2.84	0.02141
2.85	-0.00716
2.86	-0.04849
2.87	-0.09621
2.88	-0.14493
2.89	-0.19110
2.9	-0.23311
2.91	-0.27098
2.92	-0.30367
2.93	-0.32756
2.94	-0.33846
2.95	-0.33399
2.96	-0.31442
2.97	-0.28229
2.98	-0.24149
2.99	-0.19617
3	-0.14990
3.01	-0.10704
3.02	-0.07322
3.03	-0.05325
3.04	-0.04905
3.05	-0.05926
3.06	-0.07978
3.07	-0.10446
3.08	-0.12668
3.09	-0.14143
3.1	-0.14667
3.11	-0.14334
3.12	-0.13426
3.13	-0.12281
3.14	-0.11182
3.15	-0.10299
3.16	-0.09733
3.17	-0.09555
3.18	-0.09784
3.19	-0.10376
3.2	-0.11243
3.21	-0.12276
3.22	-0.13337
3.23	-0.14083
3.24	-0.13981
3.25	-0.12567
3.26	-0.09648
3.27	-0.05370
3.28	-0.00287
3.29	0.04579
3.3	0.08132
3.31	0.09631
3.32	0.08913
3.33	0.06358
3.34	0.02709
3.35	-0.01222
3.36	-0.04821
3.37	-0.07787
3.38	-0.10131
3.39	-0.12052
3.4	-0.13683
3.41	-0.14868
3.42	-0.15309
3.43	-0.14756
3.44	-0.13141
3.45	-0.10637
3.46	-0.07738
3.47	-0.05194
3.48	-0.03702
3.49	-0.03640
3.5	-0.04989
3.51	-0.07411
3.52	-0.10427
3.53	-0.13556
3.54	-0.16238
3.55	-0.17743
3.56	-0.17451
3.57	-0.15098
3.58	-0.10873
3.59	-0.05346
3.6	0.00719
3.61	0.06632
3.62	0.11906
3.63	0.16164
3.64	0.19156
3.65	0.20823
3.66	0.21338
3.67	0.21021
3.68	0.20251
3.69	0.19374
3.7	0.18646
3.71	0.18118
3.72	0.17687
3.73	0.17181
3.74	0.16462
3.75	0.15463
3.76	0.14212
3.77	0.12794
3.78	0.11311
3.79	0.09852
3.8	0.08467
3.81	0.07166
3.82	0.05924
3.83	0.04706
3.84	0.03496
3.85	0.02440
3.86	0.01857
3.87	0.02069
3.88	0.03253
3.89	0.05365
3.9	0.08179
3.91	0.11222
3.92	0.13763
3.93	0.15070
3.94	0.14721
3.95	0.12731
3.96	0.09521
3.97	0.05717
3.98	0.02059
3.99	-0.00608
4	-0.01577
4.01	-0.00545
4.02	0.02324
4.03	0.06337
4.04	0.10277
4.05	0.12849
4.06	0.13193
4.07	0.11124
4.08	0.07172
4.09	0.02453
4.1	-0.01791
4.11	-0.04670
4.12	-0.05951
4.13	-0.06016
4.14	-0.05562
4.15	-0.05288
4.16	-0.05649
4.17	-0.06766
4.18	-0.08026
4.19	-0.07557
4.2	-0.03493
4.21	0.04124
4.22	0.13422
4.23	0.21873
4.24	0.27440
4.25	0.29142
4.26	0.27125
4.27	0.22362
4.28	0.16187
4.29	0.09816
4.3	0.04044
4.31	-0.00827
4.32	-0.04861
4.33	-0.08333
4.34	-0.11573
4.35	-0.14744
4.36	-0.17677
4.37	-0.19987
4.38	-0.21329
4.39	-0.21553
4.4	-0.20747
4.41	-0.19171
4.42	-0.17162
4.43	-0.15027
4.44	-0.13000
4.45	-0.11371
4.46	-0.10563
4.47	-0.10940
4.48	-0.12536
4.49	-0.14861
4.5	-0.17123
4.51	-0.18620
4.52	-0.18987
4.53	-0.18252
4.54	-0.16730
4.55	-0.14840
4.56	-0.12874
4.57	-0.10271
4.58	-0.05701
4.59	0.01094
4.6	0.09027
4.61	0.16492
4.62	0.22161
4.63	0.25406
4.64	0.26347
4.65	0.25607
4.66	0.23999
4.67	0.22250
4.68	0.20941
4.69	0.20667
4.7	0.21800
4.71	0.24040
4.72	0.26525
4.73	0.28304
4.74	0.28725
4.75	0.27610
4.76	0.25219
4.77	0.22039
4.78	0.18574
4.79	0.15183
4.8	0.12031
4.81	0.09104
4.82	0.06266
4.83	0.03341
4.84	0.00188
4.85	-0.03239
4.86	-0.06805
4.87	-0.10140
4.88	-0.12808
4.89	-0.14520
4.9	-0.15220
4.91	-0.15083
4.92	-0.14416
4.93	-0.13547
4.94	-0.12759
4.95	-0.12356
4.96	-0.12507
4.97	-0.13075
4.98	-0.13695
4.99	-0.13986
5	-0.13697
5.01	-0.12790
5.02	-0.11478
5.03	-0.10156
5.04	-0.09227
5.05	-0.08938
5.06	-0.09329
5.07	-0.10202
5.08	-0.11085
5.09	-0.11395
5.1	-0.10695
5.11	-0.08841
5.12	-0.06007
5.13	-0.02665
5.14	0.00488
5.15	0.02760
5.16	0.03666
5.17	0.02916
5.18	0.00422
5.19	-0.03640
5.2	-0.08652
5.21	-0.13315
5.22	-0.16082
5.23	-0.15836
5.24	-0.12413
5.25	-0.06955
5.26	-0.01451
5.27	0.02174
5.28	0.02796
5.29	0.00362
5.3	-0.04284
5.31	-0.09893
5.32	-0.15295
5.33	-0.19693
5.34	-0.22743
5.35	-0.24380
5.36	-0.24667
5.37	-0.23666
5.38	-0.21295
5.39	-0.17494
5.4	-0.12602
5.41	-0.07413
5.42	-0.02815
5.43	0.00558
5.44	0.02500
5.45	0.03201
5.46	0.03106
5.47	0.02756
5.48	0.02783
5.49	0.03755
5.5	0.05971
5.51	0.09335
5.52	0.13343
5.53	0.17221
5.54	0.20240
5.55	0.21967
5.56	0.22294
5.57	0.21358
5.58	0.19468
5.59	0.16999
5.6	0.14292
5.61	0.11588
5.62	0.09030
5.63	0.06663
5.64	0.04462
5.65	0.02364
5.66	0.00287
5.67	-0.01871
5.68	-0.04252
5.69	-0.06846
5.7	-0.09197
5.71	-0.10600
5.72	-0.10488
5.73	-0.08747
5.74	-0.05700
5.75	-0.01910
5.76	0.02009
5.77	0.05531
5.78	0.08305
5.79	0.10188
5.8	0.11118
5.81	0.11105
5.82	0.10250
5.83	0.08733
5.84	0.06805
5.85	0.04952
5.86	0.03950
5.87	0.04476
5.88	0.06581
5.89	0.09533
5.9	0.12259
5.91	0.13834
5.92	0.13798
5.93	0.12202
5.94	0.09480
5.95	0.06204
5.96	0.02888
5.97	-0.00137
5.98	-0.02661
5.99	-0.04384
6	-0.04969
6.01	-0.04224
6.02	-0.02197
6.03	0.00775
6.04	0.04017
6.05	0.06720
6.06	0.08270
6.07	0.08432
6.08	0.07347
6.09	0.05406
6.1	0.03054
6.11	0.00661
6.12	-0.01555
6.13	-0.03495
6.14	-0.05139
6.15	-0.06472
6.16	-0.07377
6.17	-0.07660
6.18	-0.07186
6.19	-0.05945
6.2	-0.04079
6.21	-0.01813
6.22	0.00620
6.23	0.03031
6.24	0.05203
6.25	0.06761
6.26	0.07298
6.27	0.06575
6.28	0.04612
6.29	0.01660
6.3	-0.01905
6.31	-0.05679
6.32	-0.09118
6.33	-0.11494
6.34	-0.12191
6.35	-0.10957
6.36	-0.08022
6.37	-0.03960
6.38	0.00548
6.39	0.04918
6.4	0.08678
6.41	0.11427
6.42	0.12947
6.43	0.13261
6.44	0.12615
6.45	0.11356
6.46	0.09807
6.47	0.08190
6.48	0.06612
6.49	0.05078
6.5	0.03539
6.51	0.01946
6.52	0.00304
6.53	-0.01254
6.54	-0.02536
6.55	-0.03387
6.56	-0.03752
6.57	-0.03691
6.58	-0.03384
6.59	-0.03121
6.6	-0.03209
6.61	-0.03775
6.62	-0.04659
6.63	-0.05501
6.64	-0.05943
6.65	-0.05773
6.66	-0.04966
6.67	-0.03660
6.68	-0.02075
6.69	-0.00423
6.7	0.01148
6.71	0.02577
6.72	0.03879
6.73	0.05064
6.74	0.05959
6.75	0.06250
6.76	0.05651
6.77	0.04059
6.78	0.01577
6.79	-0.01379
6.8	-0.04117
6.81	-0.05962
6.82	-0.06565
6.83	-0.06004
6.84	-0.04637
6.85	-0.02892
6.86	-0.01117
6.87	0.00503
6.88	0.01927
6.89	0.03228
6.9	0.04514
6.91	0.05881
6.92	0.07309
6.93	0.08644
6.94	0.09733
6.95	0.10575
6.96	0.11307
6.97	0.11958
6.98	0.12321
6.99	0.12082
7	0.11006
7.01	0.08993
7.02	0.06013
7.03	0.02120
7.04	-0.02502
7.05	-0.07509
7.06	-0.12277
7.07	-0.15980
7.08	-0.17946
7.09	-0.17927
7.1	-0.16097
7.11	-0.12865
7.12	-0.08697
7.13	-0.04004
7.14	0.00898
7.15	0.05746
7.16	0.10278
7.17	0.14173
7.18	0.16981
7.19	0.18309
7.2	0.18004
7.21	0.16231
7.22	0.13525
7.23	0.10780
7.24	0.08913
7.25	0.08502
7.26	0.09475
7.27	0.11057
7.28	0.12191
7.29	0.12017
7.3	0.10159
7.31	0.06799
7.32	0.02509
7.33	-0.02014
7.34	-0.06208
7.35	-0.09753
7.36	-0.12573
7.37	-0.14769
7.38	-0.16526
7.39	-0.17897
7.4	-0.18757
7.41	-0.18939
7.42	-0.18344
7.43	-0.17013
7.44	-0.15111
7.45	-0.12881
7.46	-0.10564
7.47	-0.08335
7.48	-0.06271
7.49	-0.04325
7.5	-0.02341
7.51	-0.00147
7.52	0.02376
7.53	0.05246
7.54	0.08278
7.55	0.10996
7.56	0.12831
7.57	0.13383
7.58	0.12574
7.59	0.10604
7.6	0.07921
7.61	0.05197
7.62	0.03128
7.63	0.02163
7.64	0.02405
7.65	0.03640
7.66	0.05472
7.67	0.07372
7.68	0.08786
7.69	0.09308
7.7	0.08794
7.71	0.07354
7.72	0.05236
7.73	0.02728
7.74	0.00087
7.75	-0.02530
7.76	-0.05055
7.77	-0.07485
7.78	-0.09699
7.79	-0.11424
7.8	-0.12359
7.81	-0.12352
7.82	-0.11452
7.83	-0.09892
7.84	-0.07991
7.85	-0.06046
7.86	-0.04257
7.87	-0.02684
7.88	-0.01257
7.89	0.00166
7.9	0.01678
7.91	0.03280
7.92	0.04883
7.93	0.06272
7.94	0.07174
7.95	0.07392
7.96	0.06891
7.97	0.05855
7.98	0.04692
7.99	0.03865
8	0.03707
8.01	0.04321
8.02	0.05584
8.03	0.07221
8.04	0.08931
8.05	0.10487
8.06	0.11783
8.07	0.12821
8.08	0.13623
8.09	0.14099
8.1	0.14111
8.11	0.13559
8.12	0.12439
8.13	0.10876
8.14	0.09212
8.15	0.07950
8.16	0.07540
8.17	0.08175
8.18	0.09630
8.19	0.11308
8.2	0.12526
8.21	0.12808
8.22	0.12002
8.23	0.10264
8.24	0.07949
8.25	0.05450
8.26	0.03083
8.27	0.01104
8.28	-0.00049
8.29	0.00083
8.3	0.01441
8.31	0.03413
8.32	0.05178
8.33	0.06080
8.34	0.05819
8.35	0.04482
8.36	0.02406
8.37	-0.00052
8.38	-0.02489
8.39	-0.04350
8.4	-0.05127
8.41	-0.04569
8.42	-0.02747
8.43	0.00009
8.44	0.03239
8.45	0.06521
8.46	0.09571
8.47	0.12290
8.48	0.14741
8.49	0.17070
8.5	0.19400
8.51	0.21525
8.52	0.22825
8.53	0.22543
8.54	0.20116
8.55	0.15418
8.56	0.08773
8.57	0.00839
8.58	-0.07325
8.59	-0.14368
8.6	-0.19245
8.61	-0.21721
8.62	-0.22333
8.63	-0.22021
8.64	-0.21713
8.65	-0.21950
8.66	-0.22523
8.67	-0.22627
8.68	-0.21471
8.69	-0.18931
8.7	-0.15612
8.71	-0.12454
8.72	-0.10274
8.73	-0.09491
8.74	-0.10073
8.75	-0.11338
8.76	-0.11754
8.77	-0.10158
8.78	-0.06557
8.79	-0.01890
8.8	0.02626
8.81	0.06043
8.82	0.07949
8.83	0.08478
8.84	0.08108
8.85	0.07365
8.86	0.06500
8.87	0.05463
8.88	0.04055
8.89	0.02085
8.9	-0.00525
8.91	-0.03646
8.92	-0.06789
8.93	-0.09241
8.94	-0.10405
8.95	-0.10031
8.96	-0.08302
8.97	-0.05760
8.98	-0.03082
8.99	-0.01021
9	-0.00310
9.01	-0.01393
9.02	-0.04287
9.03	-0.08483
9.04	-0.13098
9.05	-0.17231
9.06	-0.20258
9.07	-0.21947
9.08	-0.22401
9.09	-0.21839
9.1	-0.20496
9.11	-0.18643
9.12	-0.16669
9.13	-0.14998
9.14	-0.13929
9.15	-0.13569
9.16	-0.13826
9.17	-0.14492
9.18	-0.15331
9.19	-0.16154
9.2	-0.16863
9.21	-0.17438
9.22	-0.17929
9.23	-0.18404
9.24	-0.18849
9.25	-0.18880
9.26	-0.17837
9.27	-0.15356
9.28	-0.11807
9.29	-0.08054
9.3	-0.04997
9.31	-0.03224
9.32	-0.02868
9.33	-0.03677
9.34	-0.05170
9.35	-0.06849
9.36	-0.08343
9.37	-0.09475
9.38	-0.10258
9.39	-0.10804
9.4	-0.11153
9.41	-0.11213
9.42	-0.10836
9.43	-0.09923
9.44	-0.08465
9.45	-0.06554
9.46	-0.04336
9.47	-0.01990
9.48	0.00202
9.49	0.01872
9.5	0.02752
9.51	0.02803
9.52	0.02217
9.53	0.01303
9.54	0.00369
9.55	-0.00361
9.56	-0.00726
9.57	-0.00469
9.58	0.00682
9.59	0.02876
9.6	0.05944
9.61	0.09316
9.62	0.12174
9.63	0.13750
9.64	0.13620
9.65	0.11795
9.66	0.08584
9.67	0.04423
9.68	-0.00076
9.69	-0.04222
9.7	-0.07433
9.71	-0.09192
9.72	-0.08988
9.73	-0.06666
9.74	-0.02558
9.75	0.02670
9.76	0.08289
9.77	0.13730
9.78	0.18556
9.79	0.22301
9.8	0.24582
9.81	0.25226
9.82	0.24258
9.83	0.21836
9.84	0.18259
9.85	0.13986
9.86	0.09699
9.87	0.06195
9.88	0.04098
9.89	0.03643
9.9	0.04652
9.91	0.06609
9.92	0.08782
9.93	0.10480
9.94	0.11259
9.95	0.11021
9.96	0.09949
9.97	0.08447
9.98	0.07115
9.99	0.06574
10	0.07208
10.01	0.09088
10.02	0.12001
10.03	0.15571
10.04	0.19362
10.05	0.22910
10.06	0.25826
10.07	0.27897
10.08	0.28993
10.09	0.28885
10.1	0.27363
10.11	0.24563
10.12	0.21264
10.13	0.18574
10.14	0.17321
10.15	0.17389
10.16	0.17750
10.17	0.17095
10.18	0.14437
10.19	0.09450
10.2	0.02531
10.21	-0.05346
10.22	-0.13085
10.23	-0.19775
10.24	-0.24646
10.25	-0.27122
10.26	-0.27019
10.27	-0.24610
10.28	-0.20508
10.29	-0.15490
10.3	-0.10543
10.31	-0.06771
10.32	-0.04998
10.33	-0.05500
10.34	-0.07985
10.35	-0.11783
10.36	-0.16131
10.37	-0.20399
10.38	-0.24225
10.39	-0.27425
10.4	-0.29403
10.41	-0.29169
10.42	-0.26367
10.43	-0.21740
10.44	-0.16657
10.45	-0.12445
10.46	-0.09918
10.47	-0.09229
10.48	-0.09981
10.49	-0.11446
10.5	-0.12679
10.51	-0.12807
10.52	-0.11521
10.53	-0.09196
10.54	-0.06579
10.55	-0.04406
10.56	-0.03144
10.57	-0.02888
10.58	-0.03423
10.59	-0.04377
10.6	-0.05366
10.61	-0.06123
10.62	-0.06476
10.63	-0.06292
10.64	-0.05488
10.65	-0.04080
10.66	-0.02164
10.67	0.00127
10.68	0.02684
10.69	0.05400
10.7	0.08139
10.71	0.10689
10.72	0.12629
10.73	0.13447
10.74	0.12807
10.75	0.10773
10.76	0.07560
10.77	0.03467
10.78	-0.00714
10.79	-0.03901
10.8	-0.05275
10.81	-0.04603
10.82	-0.02208
10.83	0.01247
10.84	0.05038
10.85	0.08448
10.86	0.10661
10.87	0.11094
10.88	0.09712
10.89	0.06977
10.9	0.03589
10.91	0.00342
10.92	-0.01939
10.93	-0.02650
10.94	-0.01591
10.95	0.01019
10.96	0.04679
10.97	0.08771
10.98	0.12479
10.99	0.14964
11	0.15721
11.01	0.14589
11.02	0.11726
11.03	0.07520
11.04	0.02502
11.05	-0.02571
11.06	-0.06782
11.07	-0.09392
11.08	-0.10107
11.09	-0.09101
11.1	-0.06888
11.11	-0.04115
11.12	-0.01371
11.13	0.00967
11.14	0.02809
11.15	0.04381
11.16	0.06095
11.17	0.08324
11.18	0.11262
11.19	0.14868
11.2	0.18825
11.21	0.22524
11.22	0.25280
11.23	0.26603
11.24	0.26239
11.25	0.24192
11.26	0.20716
11.27	0.16368
11.28	0.12011
11.29	0.08512
11.3	0.06427
11.31	0.05792
11.32	0.06074
11.33	0.06472
11.34	0.06262
11.35	0.05052
11.36	0.02820
11.37	-0.00232
11.38	-0.03831
11.39	-0.07716
11.4	-0.11684
11.41	-0.15595
11.42	-0.19295
11.43	-0.22583
11.44	-0.25299
11.45	-0.27397
11.46	-0.28937
11.47	-0.30073
11.48	-0.30984
11.49	-0.31825
11.5	-0.32662
11.51	-0.33353
11.52	-0.33576
11.53	-0.33028
11.54	-0.31576
11.55	-0.29303
11.56	-0.26455
11.57	-0.23352
11.58	-0.20281
11.59	-0.17438
11.6	-0.14907
11.61	-0.12712
11.62	-0.10964
11.63	-0.09842
11.64	-0.09337
11.65	-0.09091
11.66	-0.08562
11.67	-0.07309
11.68	-0.05141
11.69	-0.02144
11.7	0.01397
11.71	0.05140
11.72	0.08771
11.73	0.12087
11.74	0.15027
11.75	0.17648
11.76	0.20080
11.77	0.22456
11.78	0.24626
11.79	0.25834
11.8	0.25089
11.81	0.21798
11.82	0.16145
11.83	0.08938
11.84	0.01215
11.85	-0.06130
11.86	-0.12531
11.87	-0.17599
11.88	-0.20938
11.89	-0.22293
11.9	-0.21652
11.91	-0.19177
11.92	-0.15122
11.93	-0.09802
11.94	-0.03634
11.95	0.02787
11.96	0.08826
11.97	0.13978
11.98	0.17973
11.99	0.20808
12	0.22720
12.01	0.24055
12.02	0.25122
12.03	0.25979
12.04	0.26396
12.05	0.26053
12.06	0.24715
12.07	0.22349
12.08	0.19099
12.09	0.15302
12.1	0.11603
12.11	0.08789
12.12	0.07444
12.13	0.07732
12.14	0.09362
12.15	0.11715
12.16	0.14111
12.17	0.15988
12.18	0.16926
12.19	0.16689
12.2	0.15272
12.21	0.12886
12.22	0.09861
12.23	0.06549
12.24	0.03225
12.25	0.00050
12.26	-0.02922
12.27	-0.05715
12.28	-0.08391
12.29	-0.11017
12.3	-0.13680
12.31	-0.16441
12.32	-0.19293
12.33	-0.22144
12.34	-0.24815
12.35	-0.27107
12.36	-0.28874
12.37	-0.30075
12.38	-0.30740
12.39	-0.30850
12.4	-0.30226
12.41	-0.28638
12.42	-0.25969
12.43	-0.22341
12.44	-0.18137
12.45	-0.13825
12.46	-0.09775
12.47	-0.06119
12.48	-0.02746
12.49	0.00560
12.5	0.04008
12.51	0.07717
12.52	0.11652
12.53	0.15629
12.54	0.19377
12.55	0.22665
12.56	0.25366
12.57	0.27482
12.58	0.29112
12.59	0.30384
12.6	0.31421
12.61	0.32277
12.62	0.32895
12.63	0.33126
12.64	0.32822
12.65	0.31902
12.66	0.30379
12.67	0.28357
12.68	0.26022
12.69	0.23684
12.7	0.21651
12.71	0.20119
12.72	0.19126
12.73	0.18554
12.74	0.18216
12.75	0.17913
12.76	0.17441
12.77	0.16354
12.78	0.14056
12.79	0.10230
12.8	0.05143
12.81	-0.00379
12.82	-0.05338
12.83	-0.08979
12.84	-0.11005
12.85	-0.11570
12.86	-0.11146
12.87	-0.10304
12.88	-0.09515
12.89	-0.09050
12.9	-0.08952
12.91	-0.09107
12.92	-0.09360
12.93	-0.09618
12.94	-0.09867
12.95	-0.10127
12.96	-0.10387
12.97	-0.10539
12.98	-0.10447
12.99	-0.10066
13	-0.09608
13.01	-0.09471
13.02	-0.09917
13.03	-0.10876
13.04	-0.12024
13.05	-0.12953
13.06	-0.13295
13.07	-0.12833
13.08	-0.11584
13.09	-0.09895
13.1	-0.08391
13.11	-0.07684
13.12	-0.08132
13.13	-0.09743
13.14	-0.12242
13.15	-0.15219
13.16	-0.18267
13.17	-0.21006
13.18	-0.23016
13.19	-0.23938
13.2	-0.23612
13.21	-0.22097
13.22	-0.19624
13.23	-0.16496
13.24	-0.12997
13.25	-0.09365
13.26	-0.05876
13.27	-0.02847
13.28	-0.00506
13.29	0.01081
13.3	0.02020
13.31	0.02524
13.32	0.02830
13.33	0.03123
13.34	0.03509
13.35	0.03994
13.36	0.04495
13.37	0.04884
13.38	0.05084
13.39	0.05222
13.4	0.05590
13.41	0.06474
13.42	0.08016
13.43	0.10161
13.44	0.12703
13.45	0.15356
13.46	0.17853
13.47	0.19900
13.48	0.21171
13.49	0.21409
13.5	0.20551
13.51	0.18720
13.52	0.16181
13.53	0.13275
13.54	0.10452
13.55	0.08168
13.56	0.06728
13.57	0.06196
13.58	0.06420
13.59	0.07118
13.6	0.07921
13.61	0.08421
13.62	0.08302
13.63	0.07448
13.64	0.05948
13.65	0.04019
13.66	0.01917
13.67	-0.00140
13.68	-0.02013
13.69	-0.03648
13.7	-0.05062
13.71	-0.06306
13.72	-0.07434
13.73	-0.08475
13.74	-0.09442
13.75	-0.10322
13.76	-0.11097
13.77	-0.11706
13.78	-0.11903
13.79	-0.11296
13.8	-0.09559
13.81	-0.06624
13.82	-0.02750
13.83	0.01586
13.84	0.05901
13.85	0.09828
13.86	0.13023
13.87	0.14925
13.88	0.14937
13.89	0.12781
13.9	0.08979
13.91	0.04844
13.92	0.01648
13.93	0.00090
13.94	0.00290
13.95	0.01946
13.96	0.04521
13.97	0.07429
13.98	0.10071
13.99	0.11845
14	0.12324
14.01	0.11430
14.02	0.09499
14.03	0.07125
14.04	0.04892
14.05	0.03183
14.06	0.01990
14.07	0.00846
14.08	-0.00897
14.09	-0.03742
14.1	-0.07860
14.11	-0.13050
14.12	-0.18815
14.13	-0.24523
14.14	-0.29652
14.15	-0.33867
14.16	-0.36841
14.17	-0.38144
14.18	-0.37444
14.19	-0.34730
14.2	-0.30372
14.21	-0.24979
14.22	-0.19169
14.23	-0.13438
14.24	-0.08223
14.25	-0.03947
14.26	-0.00905
14.27	0.00855
14.28	0.01523
14.29	0.01446
14.3	0.00987
14.31	0.00576
14.32	0.00722
14.33	0.01838
14.34	0.04116
14.35	0.07489
14.36	0.11671
14.37	0.16271
14.38	0.20905
14.39	0.25277
14.4	0.29146
14.41	0.32151
14.42	0.33865
14.43	0.34009
14.44	0.32593
14.45	0.29943
14.46	0.26569
14.47	0.22959
14.48	0.19375
14.49	0.15779
14.5	0.11949
14.51	0.07658
14.52	0.03095
14.53	-0.00839
14.54	-0.02961
14.55	-0.02419
14.56	0.00841
14.57	0.05936
14.58	0.11434
14.59	0.15758
14.6	0.17696
14.61	0.16777
14.62	0.13289
14.63	0.08064
14.64	0.02120
14.65	-0.03653
14.66	-0.08709
14.67	-0.12872
14.68	-0.16247
14.69	-0.19070
14.7	-0.21573
14.71	-0.23782
14.72	-0.25399
14.73	-0.26000
14.74	-0.25291
14.75	-0.23242
14.76	-0.20071
14.77	-0.16089
14.78	-0.11574
14.79	-0.06842
14.8	-0.02478
14.81	0.00956
14.82	0.03299
14.83	0.04794
14.84	0.05882
14.85	0.06938
14.86	0.08124
14.87	0.09389
14.88	0.10570
14.89	0.11512
14.9	0.12185
14.91	0.12703
14.92	0.13212
14.93	0.13818
14.94	0.14480
14.95	0.14979
14.96	0.15009
14.97	0.14335
14.98	0.12860
14.99	0.10635
15	0.07806
15.01	0.04487
15.02	0.00705
15.03	-0.03464
15.04	-0.07624
15.05	-0.11125
15.06	-0.13385
15.07	-0.14134
15.08	-0.13483
15.09	-0.11874
15.1	-0.09894
15.11	-0.08023
15.12	-0.06493
15.13	-0.05307
15.14	-0.04456
15.15	-0.04073
15.16	-0.04339
15.17	-0.05365
15.18	-0.07112
15.19	-0.09408
15.2	-0.11998
15.21	-0.14613
15.22	-0.16990
15.23	-0.18835
15.24	-0.19881
15.25	-0.20005
15.26	-0.19247
15.27	-0.17845
15.28	-0.16219
15.29	-0.14831
15.3	-0.14015
15.31	-0.13889
15.32	-0.14399
15.33	-0.15387
15.34	-0.16656
15.35	-0.17997
15.36	-0.19119
15.37	-0.19665
15.38	-0.19361
15.39	-0.18123
15.4	-0.16061
15.41	-0.13417
15.42	-0.10474
15.43	-0.07501
15.44	-0.04849
15.45	-0.02927
15.46	-0.02000
15.47	-0.02007
15.48	-0.02629
15.49	-0.03416
15.5	-0.03862
15.51	-0.03555
15.52	-0.02313
15.53	-0.00226
15.54	0.02433
15.55	0.05325
15.56	0.08129
15.57	0.10574
15.58	0.12488
15.59	0.13837
15.6	0.14708
15.61	0.15248
15.62	0.15614
15.63	0.15950
15.64	0.16380
15.65	0.16992
15.66	0.17813
15.67	0.18790
15.68	0.19813
15.69	0.20764
15.7	0.21544
15.71	0.22095
15.72	0.22399
15.73	0.22454
15.74	0.22226
15.75	0.21652
15.76	0.20667
15.77	0.19237
15.78	0.17330
15.79	0.14921
15.8	0.12064
15.81	0.08921
15.82	0.05684
15.83	0.02515
15.84	-0.00496
15.85	-0.03342
15.86	-0.06066
15.87	-0.08684
15.88	-0.11001
15.89	-0.12638
15.9	-0.13296
15.91	-0.12909
15.92	-0.11718
15.93	-0.10249
15.94	-0.09080
15.95	-0.08625
15.96	-0.09010
15.97	-0.10100
15.98	-0.11579
15.99	-0.13041
16	-0.14078
16.01	-0.14337
16.02	-0.13590
16.03	-0.11805
16.04	-0.09228
16.05	-0.06385
16.06	-0.03882
16.07	-0.02160
16.08	-0.01390
16.09	-0.01494
16.1	-0.02215
16.11	-0.03235
16.12	-0.04273
16.13	-0.05160
16.14	-0.05842
16.15	-0.06361
16.16	-0.06814
16.17	-0.07293
16.18	-0.07868
16.19	-0.08563
16.2	-0.09357
16.21	-0.10196
16.22	-0.11029
16.23	-0.11817
16.24	-0.12558
16.25	-0.13274
16.26	-0.13993
16.27	-0.14646
16.28	-0.14983
16.29	-0.14708
16.3	-0.13654
16.31	-0.11856
16.32	-0.09505
16.33	-0.06856
16.34	-0.04153
16.35	-0.01593
16.36	0.00487
16.37	0.01621
16.38	0.01488
16.39	0.00271
16.4	-0.01395
16.41	-0.02745
16.42	-0.03202
16.43	-0.02542
16.44	-0.00884
16.45	0.01426
16.46	0.03985
16.47	0.06449
16.48	0.08567
16.49	0.10129
16.5	0.10965
16.51	0.11015
16.52	0.10348
16.53	0.09138
16.54	0.07584
16.55	0.05857
16.56	0.04080
16.57	0.02402
16.58	0.01084
16.59	0.00396
16.6	0.00496
16.61	0.01365
16.62	0.02831
16.63	0.04647
16.64	0.06562
16.65	0.08385
16.66	0.10020
16.67	0.11450
16.68	0.12715
16.69	0.13875
16.7	0.14981
16.71	0.16077
16.72	0.17224
16.73	0.18428
16.74	0.19617
16.75	0.20671
16.76	0.21484
16.77	0.22011
16.78	0.22252
16.79	0.22263
16.8	0.22084
16.81	0.21714
16.82	0.21116
16.83	0.20255
16.84	0.19128
16.85	0.17768
16.86	0.16225
16.87	0.14561
16.88	0.12826
16.89	0.11063
16.9	0.09294
16.91	0.07529
16.92	0.05774
16.93	0.04030
16.94	0.02294
16.95	0.00578
16.96	-0.01101
16.97	-0.02695
16.98	-0.04150
16.99	-0.05420
17	-0.06494
17.01	-0.07385
17.02	-0.08131
17.03	-0.08771
17.04	-0.09364
17.05	-0.10003
17.06	-0.10779
17.07	-0.11746
17.08	-0.12917
17.09	-0.14272
17.1	-0.15756
17.11	-0.17302
17.12	-0.18844
17.13	-0.20332
17.14	-0.21651
17.15	-0.22342
17.16	-0.21681
17.17	-0.19284
17.18	-0.15478
17.19	-0.11113
17.2	-0.07143
17.21	-0.04260
17.22	-0.02740
17.23	-0.02477
17.24	-0.03120
17.25	-0.04223
17.26	-0.05393
17.27	-0.06384
17.28	-0.07080
17.29	-0.07403
17.3	-0.07281
17.31	-0.06691
17.32	-0.05677
17.33	-0.04324
17.34	-0.02742
17.35	-0.01039
17.36	0.00652
17.37	0.02150
17.38	0.03301
17.39	0.04030
17.4	0.04355
17.41	0.04372
17.42	0.04204
17.43	0.03965
17.44	0.03729
17.45	0.03525
17.46	0.03340
17.47	0.03150
17.48	0.02953
17.49	0.02815
17.5	0.02827
17.51	0.03049
17.52	0.03490
17.53	0.04107
17.54	0.04808
17.55	0.05441
17.56	0.05787
17.57	0.05550
17.58	0.04489
17.59	0.02517
17.6	-0.00277
17.61	-0.03678
17.62	-0.07417
17.63	-0.11187
17.64	-0.14478
17.65	-0.16681
17.66	-0.17363
17.67	-0.16441
17.68	-0.14207
17.69	-0.11195
17.7	-0.07970
17.71	-0.04972
17.72	-0.02450
17.73	-0.00437
17.74	0.01189
17.75	0.02604
17.76	0.03935
17.77	0.05229
17.78	0.06391
17.79	0.07190
17.8	0.07404
17.81	0.06928
17.82	0.05828
17.83	0.04357
17.84	0.02876
17.85	0.01703
17.86	0.00960
17.87	0.00529
17.88	0.00170
17.89	-0.00344
17.9	-0.01140
17.91	-0.02210
17.92	-0.03366
17.93	-0.04292
17.94	-0.04695
17.95	-0.04420
17.96	-0.03539
17.97	-0.02325
17.98	-0.01144
17.99	-0.00325
18	-0.00046
18.01	-0.00233
18.02	-0.00530
18.03	-0.00444
18.04	0.00403
18.05	0.02162
18.06	0.04717
18.07	0.07726
18.08	0.10707
18.09	0.13206
18.1	0.14950
18.11	0.15922
18.12	0.16301
18.13	0.16358
18.14	0.16342
18.15	0.16416
18.16	0.16618
18.17	0.16901
18.18	0.17163
18.19	0.17300
18.2	0.17244
18.21	0.16967
18.22	0.16492
18.23	0.15860
18.24	0.15130
18.25	0.14391
18.26	0.13729
18.27	0.13192
18.28	0.12778
18.29	0.12437
18.3	0.12100
18.31	0.11708
18.32	0.11256
18.33	0.10798
18.34	0.10405
18.35	0.10126
18.36	0.09977
18.37	0.09937
18.38	0.09952
18.39	0.09951
18.4	0.09836
18.41	0.09437
18.42	0.08557
18.43	0.07072
18.44	0.04958
18.45	0.02289
18.46	-0.00782
18.47	-0.04007
18.48	-0.06992
18.49	-0.09317
18.5	-0.10697
18.51	-0.11079
18.52	-0.10601
18.53	-0.09516
18.54	-0.08112
18.55	-0.06669
18.56	-0.05434
18.57	-0.04595
18.58	-0.04243
18.59	-0.04344
18.6	-0.04776
18.61	-0.05381
18.62	-0.06033
18.63	-0.06700
18.64	-0.07424
18.65	-0.08267
18.66	-0.09272
18.67	-0.10444
18.68	-0.11747
18.69	-0.13126
18.7	-0.14519
18.71	-0.15830
18.72	-0.16956
18.73	-0.17826
18.74	-0.18431
18.75	-0.18820
18.76	-0.19081
18.77	-0.19307
18.78	-0.19570
18.79	-0.19843
18.8	-0.19937
18.81	-0.19580
18.82	-0.18578
18.83	-0.16888
18.84	-0.14629
18.85	-0.12017
18.86	-0.09285
18.87	-0.06618
18.88	-0.04115
18.89	-0.01793
18.9	0.00392
18.91	0.02481
18.92	0.04367
18.93	0.05752
18.94	0.06319
18.95	0.05898
18.96	0.04529
18.97	0.02405
18.98	-0.00232
18.99	-0.03143
19	-0.06140
19.01	-0.09020
19.02	-0.11539
19.03	-0.13446
19.04	-0.14595
19.05	-0.14987
19.06	-0.14748
19.07	-0.14099
19.08	-0.13269
19.09	-0.12436
19.1	-0.11663
19.11	-0.10863
19.12	-0.09847
19.13	-0.08489
19.14	-0.06822
19.15	-0.04994
19.16	-0.03156
19.17	-0.01344
19.18	0.00516
19.19	0.02530
19.2	0.04767
19.21	0.07217
19.22	0.09818
19.23	0.12468
19.24	0.14990
19.25	0.17077
19.26	0.18410
19.27	0.18810
19.28	0.18285
19.29	0.17065
19.3	0.15603
19.31	0.14425
19.32	0.13913
19.33	0.14220
19.34	0.15265
19.35	0.16800
19.36	0.18482
19.37	0.19872
19.38	0.20584
19.39	0.20399
19.4	0.19320
19.41	0.17539
19.42	0.15353
19.43	0.13052
19.44	0.10843
19.45	0.08807
19.46	0.06923
19.47	0.05160
19.48	0.03516
19.49	0.01978
19.5	0.00511
19.51	-0.00923
19.52	-0.02353
19.53	-0.03735
19.54	-0.04945
19.55	-0.05850
19.56	-0.06370
19.57	-0.06503
19.58	-0.06322
19.59	-0.05922
19.6	-0.05391
19.61	-0.04792
19.62	-0.04141
19.63	-0.03437
19.64	-0.02664
19.65	-0.01809
19.66	-0.00872
19.67	0.00141
19.68	0.01226
19.69	0.02383
19.7	0.03617
19.71	0.04919
19.72	0.06230
19.73	0.07386
19.74	0.08181
19.75	0.08475
19.76	0.08249
19.77	0.07583
19.78	0.06631
19.79	0.05556
19.8	0.04489
19.81	0.03487
19.82	0.02542
19.83	0.01610
19.84	0.00635
19.85	-0.00421
19.86	-0.01565
19.87	-0.02781
19.88	-0.04030
19.89	-0.05256
19.9	-0.06272
19.91	-0.06759
19.92	-0.06452
19.93	-0.05299
19.94	-0.03459
19.95	-0.01211
19.96	0.01141
19.97	0.03380
19.98	0.05397
19.99	0.07187
20	0.08812
20.01	0.10367
20.02	0.11964
20.03	0.13661
20.04	0.15253
20.05	0.16307
20.06	0.16396
20.07	0.15296
20.08	0.13053
20.09	0.09943
20.1	0.06360
20.11	0.02699
20.12	-0.00763
20.13	-0.03913
20.14	-0.06775
20.15	-0.09464
20.16	-0.12105
20.17	-0.14804
20.18	-0.17548
20.19	-0.20134
20.2	-0.22229
20.21	-0.23533
20.22	-0.23903
20.23	-0.23382
20.24	-0.22175
20.25	-0.20545
20.26	-0.18748
20.27	-0.17006
20.28	-0.15459
20.29	-0.14181
20.3	-0.13232
20.31	-0.12657
20.32	-0.12461
20.33	-0.12622
20.34	-0.13087
20.35	-0.13785
20.36	-0.14622
20.37	-0.15531
20.38	-0.16487
20.39	-0.17497
20.4	-0.18574
20.41	-0.19704
20.42	-0.20828
20.43	-0.21855
20.44	-0.22708
20.45	-0.23344
20.46	-0.23685
20.47	-0.23646
20.48	-0.23175
20.49	-0.22331
20.5	-0.21243
20.51	-0.19964
20.52	-0.18444
20.53	-0.16602
20.54	-0.14388
20.55	-0.11828
20.56	-0.09015
20.57	-0.06073
20.58	-0.03126
20.59	-0.00266
20.6	0.02464
20.61	0.05064
20.62	0.07556
20.63	0.09979
20.64	0.12361
20.65	0.14705
20.66	0.16939
20.67	0.18806
20.68	0.19994
20.69	0.20369
20.7	0.20117
20.71	0.19647
20.72	0.19381
20.73	0.19598
20.74	0.20380
20.75	0.21628
20.76	0.23149
20.77	0.24727
20.78	0.26205
20.79	0.27477
20.8	0.28344
20.81	0.28534
20.82	0.27813
20.83	0.26052
20.84	0.23263
20.85	0.19551
20.86	0.15065
20.87	0.09979
20.88	0.04494
20.89	-0.00994
20.9	-0.05776
20.91	-0.09139
20.92	-0.10663
20.93	-0.10369
20.94	-0.08638
20.95	-0.06046
20.96	-0.03161
20.97	-0.00394
20.98	0.02060
20.99	0.04218
21	0.06227
21.01	0.08257
21.02	0.10342
21.03	0.12268
21.04	0.13699
21.05	0.14355
21.06	0.14133
21.07	0.13117
21.08	0.11547
21.09	0.09777
21.1	0.08169
21.11	0.06975
21.12	0.06273
21.13	0.05986
21.14	0.05931
21.15	0.05828
21.16	0.05330
21.17	0.04139
21.18	0.02128
21.19	-0.00641
21.2	-0.03954
21.21	-0.07492
21.22	-0.10835
21.23	-0.13575
21.24	-0.15438
21.25	-0.16387
21.26	-0.16575
21.27	-0.16281
21.28	-0.15780
21.29	-0.15272
21.3	-0.14828
21.31	-0.14417
21.32	-0.13948
21.33	-0.13331
21.34	-0.12502
21.35	-0.11450
21.36	-0.10195
21.37	-0.08795
21.38	-0.07373
21.39	-0.06133
21.4	-0.05273
21.41	-0.04898
21.42	-0.04976
21.43	-0.05370
21.44	-0.05894
21.45	-0.06375
21.46	-0.06699
21.47	-0.06817
21.48	-0.06710
21.49	-0.06259
21.5	-0.05334
21.51	-0.03904
21.52	-0.02038
21.53	0.00115
21.54	0.02403
21.55	0.04691
21.56	0.06828
21.57	0.08591
21.58	0.09763
21.59	0.10221
21.6	0.09996
21.61	0.09242
21.62	0.08159
21.63	0.06936
21.64	0.05722
21.65	0.04732
21.66	0.04273
21.67	0.04613
21.68	0.05847
21.69	0.07864
21.7	0.10407
21.71	0.13167
21.72	0.15877
21.73	0.18334
21.74	0.20320
21.75	0.21587
21.76	0.21975
21.77	0.21467
21.78	0.20179
21.79	0.18319
21.8	0.16108
21.81	0.13738
21.82	0.11331
21.83	0.08937
21.84	0.06574
21.85	0.04243
21.86	0.01952
21.87	-0.00298
21.88	-0.02429
21.89	-0.04258
21.9	-0.05611
21.91	-0.06441
21.92	-0.06829
21.93	-0.06932
21.94	-0.06921
21.95	-0.06916
21.96	-0.06977
21.97	-0.07098
21.98	-0.07227
21.99	-0.07297
22	-0.07244
22.01	-0.07011
22.02	-0.06569
22.03	-0.05921
22.04	-0.05093
22.05	-0.04122
22.06	-0.03045
22.07	-0.01882
22.08	-0.00665
22.09	0.00503
22.1	0.01448
22.11	0.02022
22.12	0.02170
22.13	0.01933
22.14	0.01439
22.15	0.00831
22.16	0.00242
22.17	-0.00233
22.18	-0.00503
22.19	-0.00502
22.2	-0.00233
22.21	0.00218
22.22	0.00721
22.23	0.01149
22.24	0.01420
22.25	0.01504
22.26	0.01433
22.27	0.01351
22.28	0.01487
22.29	0.02045
22.3	0.03102
22.31	0.04602
22.32	0.06379
22.33	0.08227
22.34	0.09914
22.35	0.11132
22.36	0.11588
22.37	0.11114
22.38	0.09729
22.39	0.07596
22.4	0.04962
22.41	0.02067
22.42	-0.00907
22.43	-0.03745
22.44	-0.06093
22.45	-0.07592
22.46	-0.08058
22.47	-0.07605
22.48	-0.06603
22.49	-0.05476
22.5	-0.04532
22.51	-0.03883
22.52	-0.03469
22.53	-0.03195
22.54	-0.03189
22.55	-0.03821
22.56	-0.05427
22.57	-0.08099
22.58	-0.11650
22.59	-0.15715
22.6	-0.19891
22.61	-0.23862
22.62	-0.27462
22.63	-0.30662
22.64	-0.33447
22.65	-0.35607
22.66	-0.36771
22.67	-0.36635
22.68	-0.35097
22.69	-0.32277
22.7	-0.28378
22.71	-0.23569
22.72	-0.18041
22.73	-0.12131
22.74	-0.06359
22.75	-0.01267
22.76	0.02790
22.77	0.05744
22.78	0.07750
22.79	0.09100
22.8	0.10111
22.81	0.11049
22.82	0.12083
22.83	0.13268
22.84	0.14565
22.85	0.15867
22.86	0.17062
22.87	0.18060
22.88	0.18842
22.89	0.19532
22.9	0.20339
22.91	0.21434
22.92	0.22872
22.93	0.24583
22.94	0.26406
22.95	0.28157
22.96	0.29679
22.97	0.30879
22.98	0.31730
22.99	0.32258
23	0.32518
23.01	0.32559
23.02	0.32414
23.03	0.32026
23.04	0.31179
23.05	0.29616
23.06	0.27211
23.07	0.24026
23.08	0.20278
23.09	0.16246
23.1	0.12201
23.11	0.08333
23.12	0.04726
23.13	0.01371
23.14	-0.01793
23.15	-0.04831
23.16	-0.07718
23.17	-0.10304
23.18	-0.12413
23.19	-0.13914
23.2	-0.14765
23.21	-0.15005
23.22	-0.14745
23.23	-0.14123
23.24	-0.13268
23.25	-0.12263
23.26	-0.11145
23.27	-0.09906
23.28	-0.08528
23.29	-0.07031
23.3	-0.05567
23.31	-0.04367
23.32	-0.03634
23.33	-0.03439
23.34	-0.03709
23.35	-0.04277
23.36	-0.04951
23.37	-0.05590
23.38	-0.06114
23.39	-0.06493
23.4	-0.06670
23.41	-0.06585
23.42	-0.06217
23.43	-0.05644
23.44	-0.05062
23.45	-0.04707
23.46	-0.04747
23.47	-0.05251
23.48	-0.06167
23.49	-0.07340
23.5	-0.08527
23.51	-0.09507
23.52	-0.10162
23.53	-0.10527
23.54	-0.10773
23.55	-0.11114
23.56	-0.11698
23.57	-0.12531
23.58	-0.13473
23.59	-0.14328
23.6	-0.14939
23.61	-0.15222
23.62	-0.15190
23.63	-0.14908
23.64	-0.14472
23.65	-0.13963
23.66	-0.13424
23.67	-0.12854
23.68	-0.12223
23.69	-0.11486
23.7	-0.10597
23.71	-0.09534
23.72	-0.08290
23.73	-0.06880
23.74	-0.05319
23.75	-0.03630
23.76	-0.01808
23.77	0.00186
23.78	0.02311
23.79	0.04382
23.8	0.06173
23.81	0.07499
23.82	0.08268
23.83	0.08505
23.84	0.08323
23.85	0.07887
23.86	0.07356
23.87	0.06837
23.88	0.06367
23.89	0.05923
23.9	0.05447
23.91	0.04888
23.92	0.04204
23.93	0.03386
23.94	0.02448
23.95	0.01523
23.96	0.00897
23.97	0.00880
23.98	0.01648
23.99	0.03198
24	0.05399
24.01	0.08053
24.02	0.10943
24.03	0.13874
24.04	0.16712
24.05	0.19395
24.06	0.21921
24.07	0.24301
24.08	0.26413
24.09	0.27881
24.1	0.28239
24.11	0.27174
24.12	0.24678
24.13	0.21041
24.14	0.16729
24.15	0.12216
24.16	0.07924
24.17	0.04359
24.18	0.02013
24.19	0.01154
24.2	0.01737
24.21	0.03449
24.22	0.05821
24.23	0.08380
24.24	0.10768
24.25	0.12814
24.26	0.14490
24.27	0.15700
24.28	0.16206
24.29	0.15784
24.3	0.14343
24.31	0.11990
24.32	0.08971
24.33	0.05595
24.34	0.02136
24.35	-0.01258
24.36	-0.04612
24.37	-0.08057
24.38	-0.11723
24.39	-0.15669
24.4	-0.19874
24.41	-0.24209
24.42	-0.28371
24.43	-0.31900
24.44	-0.34053
24.45	-0.33983
24.46	-0.31141
24.47	-0.25530
24.48	-0.17972
24.49	-0.10085
24.5	-0.03607
24.51	0.00279
24.52	0.01266
24.53	-0.00168
24.54	-0.03075
24.55	-0.06424
24.56	-0.09408
24.57	-0.11623
24.58	-0.13052
24.59	-0.13967
24.6	-0.14736
24.61	-0.15671
24.62	-0.16943
24.63	-0.18554
24.64	-0.20377
24.65	-0.22116
24.66	-0.23301
24.67	-0.23498
24.68	-0.22488
24.69	-0.20333
24.7	-0.17326
24.71	-0.13851
24.72	-0.10250
24.73	-0.06718
24.74	-0.03296
24.75	0.00061
24.76	0.03418
24.77	0.06802
24.78	0.10217
24.79	0.13636
24.8	0.17021
24.81	0.20331
24.82	0.23517
24.83	0.26516
24.84	0.29153
24.85	0.31128
24.86	0.32168
24.87	0.32173
24.88	0.31238
24.89	0.29619
24.9	0.27623
24.91	0.25518
24.92	0.23476
24.93	0.21551
24.94	0.19703
24.95	0.17843
24.96	0.15879
24.97	0.13755
24.98	0.11464
24.99	0.09036
25	0.06520
25.01	0.03967
25.02	0.01412
25.03	-0.01127
25.04	-0.03633
25.05	-0.06091
25.06	-0.08489
25.07	-0.10831
25.08	-0.13131
25.09	-0.15409
25.1	-0.17682
25.11	-0.19968
25.12	-0.22246
25.13	-0.24355
25.14	-0.25964
25.15	-0.26747
25.16	-0.26544
25.17	-0.25400
25.18	-0.23516
25.19	-0.21138
25.2	-0.18504
25.21	-0.15785
25.22	-0.13075
25.23	-0.10396
25.24	-0.07719
25.25	-0.04969
25.26	-0.02065
25.27	0.01039
25.28	0.04169
25.29	0.06857
25.3	0.08469
25.31	0.08513
25.32	0.06836
25.33	0.03663
25.34	-0.00528
25.35	-0.05163
25.36	-0.09753
25.37	-0.13998
25.38	-0.17735
25.39	-0.20644
25.4	-0.22272
25.41	-0.22276
25.42	-0.20601
25.43	-0.17484
25.44	-0.13365
25.45	-0.08744
25.46	-0.04168
25.47	-0.00290
25.48	0.02339
25.49	0.03466
25.5	0.03185
25.51	0.01837
25.52	-0.00158
25.53	-0.02410
25.54	-0.04649
25.55	-0.06728
25.56	-0.08642
25.57	-0.10454
25.58	-0.12259
25.59	-0.14090
25.6	-0.15817
25.61	-0.17145
25.62	-0.17764
25.63	-0.17504
25.64	-0.16397
25.65	-0.14624
25.66	-0.12417
25.67	-0.09979
25.68	-0.07448
25.69	-0.04902
25.7	-0.02359
25.71	0.00191
25.72	0.02747
25.73	0.05201
25.74	0.07357
25.75	0.09026
25.76	0.10119
25.77	0.10678
25.78	0.10869
25.79	0.10915
25.8	0.10991
25.81	0.11183
25.82	0.11492
25.83	0.11865
25.84	0.12168
25.85	0.12050
25.86	0.10985
25.87	0.08617
25.88	0.04937
25.89	0.00244
25.9	-0.05003
25.91	-0.10261
25.92	-0.14880
25.93	-0.18198
25.94	-0.19758
25.95	-0.19484
25.96	-0.17662
25.97	-0.14813
25.98	-0.11493
25.99	-0.08149
26	-0.05013
26.01	-0.02099
26.02	0.00725
26.03	0.03620
26.04	0.06613
26.05	0.09446
26.06	0.11702
26.07	0.13041
26.08	0.13342
26.09	0.12730
26.1	0.11492
26.11	0.09963
26.12	0.08430
26.13	0.07064
26.14	0.05911
26.15	0.04930
26.16	0.04028
26.17	0.03143
26.18	0.02258
26.19	0.01460
26.2	0.00980
26.21	0.01115
26.22	0.02074
26.23	0.03906
26.24	0.06453
26.25	0.09352
26.26	0.12185
26.27	0.14574
26.28	0.16246
26.29	0.17082
26.3	0.17140
26.31	0.16573
26.32	0.15569
26.33	0.14290
26.34	0.12818
26.35	0.11132
26.36	0.09165
26.37	0.06875
26.38	0.04344
26.39	0.01769
26.4	-0.00623
26.41	-0.02672
26.42	-0.04313
26.43	-0.05574
26.44	-0.06553
26.45	-0.07353
26.46	-0.08057
26.47	-0.08696
26.48	-0.09283
26.49	-0.09812
26.5	-0.10169
26.51	-0.10152
26.52	-0.09559
26.53	-0.08302
26.54	-0.06431
26.55	-0.04105
26.56	-0.01526
26.57	0.01115
26.58	0.03677
26.59	0.05945
26.6	0.07581
26.61	0.08263
26.62	0.07847
26.63	0.06407
26.64	0.04184
26.65	0.01488
26.66	-0.01399
26.67	-0.04265
26.68	-0.06978
26.69	-0.09366
26.7	-0.11169
26.71	-0.12146
26.72	-0.12191
26.73	-0.11377
26.74	-0.09920
26.75	-0.08092
26.76	-0.06143
26.77	-0.04246
26.78	-0.02477
26.79	-0.00839
26.8	0.00699
26.81	0.02140
26.82	0.03378
26.83	0.04252
26.84	0.04667
26.85	0.04661
26.86	0.04389
26.87	0.04037
26.88	0.03739
26.89	0.03525
26.9	0.03330
26.91	0.03051
26.92	0.02610
26.93	0.01965
26.94	0.01124
26.95	0.00142
26.96	-0.00906
26.97	-0.01889
26.98	-0.02663
26.99	-0.03127
27	-0.03260
27.01	-0.03110
27.02	-0.02769
27.03	-0.02337
27.04	-0.01900
27.05	-0.01502
27.06	-0.01157
27.07	-0.00879
27.08	-0.00740
27.09	-0.00846
27.1	-0.01280
27.11	-0.02055
27.12	-0.03126
27.13	-0.04384
27.14	-0.05623
27.15	-0.06544
27.16	-0.06875
27.17	-0.06474
27.18	-0.05381
27.19	-0.03763
27.2	-0.01830
27.21	0.00224
27.22	0.02276
27.23	0.04270
27.24	0.06201
27.25	0.07983
27.26	0.09369
27.27	0.10064
27.28	0.09883
27.29	0.08822
27.3	0.07036
27.31	0.04789
27.32	0.02410
27.33	0.00295
27.34	-0.01176
27.35	-0.01770
27.36	-0.01484
27.37	-0.00517
27.38	0.00832
27.39	0.02273
27.4	0.03599
27.41	0.04738
27.42	0.05713
27.43	0.06608
27.44	0.07466
27.45	0.08254
27.46	0.08846
27.47	0.09099
27.48	0.08915
27.49	0.08289
27.5	0.07304
27.51	0.06105
27.52	0.04858
27.53	0.03709
27.54	0.02765
27.55	0.02140
27.56	0.01931
27.57	0.02138
27.58	0.02658
27.59	0.03334
27.6	0.04012
27.61	0.04542
27.62	0.04800
27.63	0.04717
27.64	0.04296
27.65	0.03631
27.66	0.02925
27.67	0.02425
27.68	0.02303
27.69	0.02596
27.7	0.03219
27.71	0.04027
27.72	0.04871
27.73	0.05659
27.74	0.06329
27.75	0.06808
27.76	0.07034
27.77	0.06986
27.78	0.06687
27.79	0.06211
27.8	0.05658
27.81	0.05120
27.82	0.04654
27.83	0.04282
27.84	0.03985
27.85	0.03732
27.86	0.03484
27.87	0.03216
27.88	0.02926
27.89	0.02633
27.9	0.02359
27.91	0.02129
27.92	0.01946
27.93	0.01790
27.94	0.01619
27.95	0.01402
27.96	0.01118
27.97	0.00783
27.98	0.00430
27.99	0.00094
28	-0.00202
28.01	-0.00424
28.02	-0.00521
28.03	-0.00429
28.04	-0.00124
28.05	0.00381
28.06	0.01045
28.07	0.01807
28.08	0.02609
28.09	0.03391
28.1	0.04051
28.11	0.04468
28.12	0.04562
28.13	0.04344
28.14	0.03898
28.15	0.03341
28.16	0.02775
28.17	0.02260
28.18	0.01813
28.19	0.01409
28.2	0.01013
28.21	0.00597
28.22	0.00188
28.23	-0.00103
28.24	-0.00142
28.25	0.00163
28.26	0.00820
28.27	0.01760
28.28	0.02854
28.29	0.03864
28.3	0.04503
28.31	0.04545
28.32	0.03902
28.33	0.02623
28.34	0.00875
28.35	-0.01067
28.36	-0.02799
28.37	-0.03920
28.38	-0.04197
28.39	-0.03629
28.4	-0.02428
28.41	-0.00916
28.42	0.00606
28.43	0.01939
28.44	0.03018
28.45	0.03890
28.46	0.04647
28.47	0.05292
28.48	0.05733
28.49	0.05856
28.5	0.05561
28.51	0.04803
28.52	0.03616
28.53	0.02110
28.54	0.00462
28.55	-0.01159
28.56	-0.02625
28.57	-0.03883
28.58	-0.04877
28.59	-0.05493
28.6	-0.05610
28.61	-0.05208
28.62	-0.04399
28.63	-0.03361
28.64	-0.02285
28.65	-0.01306
28.66	-0.00501
28.67	0.00120
28.68	0.00585
28.69	0.00931
28.7	0.01150
28.71	0.01209
28.72	0.01079
28.73	0.00757
28.74	0.00314
28.75	-0.00090
28.76	-0.00271
28.77	-0.00090
28.78	0.00470
28.79	0.01324
28.8	0.02297
28.81	0.03168
28.82	0.03708
28.83	0.03746
28.84	0.03216
28.85	0.02171
28.86	0.00752
28.87	-0.00864
28.88	-0.02488
28.89	-0.03957
28.9	-0.05142
28.91	-0.05932
28.92	-0.06270
28.93	-0.06139
28.94	-0.05572
28.95	-0.04650
28.96	-0.03476
28.97	-0.02161
28.98	-0.00793
28.99	0.00572
29	0.01878
29.01	0.03060
29.02	0.04006
29.03	0.04593
29.04	0.04754
29.05	0.04506
29.06	0.03933
29.07	0.03164
29.08	0.02326
29.09	0.01507
29.1	0.00752
29.11	0.00064
29.12	-0.00582
29.13	-0.01220
29.14	-0.01881
29.15	-0.02573
29.16	-0.03300
29.17	-0.04037
29.18	-0.04708
29.19	-0.05189
29.2	-0.05358
29.21	-0.05162
29.22	-0.04631
29.23	-0.03854
29.24	-0.02949
29.25	-0.02021
29.26	-0.01135
29.27	-0.00324
29.28	0.00399
29.29	0.01039
29.3	0.01613
29.31	0.02107
29.32	0.02432
29.33	0.02483
29.34	0.02188
29.35	0.01545
29.36	0.00625
29.37	-0.00403
29.38	-0.01310
29.39	-0.01886
29.4	-0.02027
29.41	-0.01754
29.42	-0.01202
29.43	-0.00577
29.44	-0.00074
29.45	0.00189
29.46	0.00191
29.47	-0.00022
29.48	-0.00399
29.49	-0.00924
29.5	-0.01604
29.51	-0.02416
29.52	-0.03296
29.53	-0.04166
29.54	-0.04959
29.55	-0.05588
29.56	-0.05903
29.57	-0.05754
29.58	-0.05068
29.59	-0.03884
29.6	-0.02352
29.61	-0.00714
29.62	0.00750
29.63	0.01769
29.64	0.02171
29.65	0.01910
29.66	0.01074
29.67	-0.00168
29.68	-0.01594
29.69	-0.03014
29.7	-0.04305
29.71	-0.05428
29.72	-0.06402
29.73	-0.07265
29.74	-0.08029
29.75	-0.08659
29.76	-0.09080
29.77	-0.09214
29.78	-0.09030
29.79	-0.08554
29.8	-0.07855
29.81	-0.07031
29.82	-0.06167
29.83	-0.05323
29.84	-0.04532
29.85	-0.03801
29.86	-0.03121
29.87	-0.02471
29.88	-0.01830
29.89	-0.01188
29.9	-0.00552
29.91	0.00041
29.92	0.00540
29.93	0.00926
29.94	0.01202
29.95	0.01395
29.96	0.01545
29.97	0.01695
29.98	0.01888
29.99	0.02153
30	0.02488
30.01	0.02862
30.02	0.03215
30.03	0.03502
30.04	0.03702
30.05	0.03821
30.06	0.03885
30.07	0.03908
30.08	0.03826
30.09	0.03552
30.1	0.03014
30.11	0.02199
30.12	0.01156
30.13	-0.00019
30.14	-0.01225
30.15	-0.02383
30.16	-0.03453
30.17	-0.04392
30.18	-0.05134
30.19	-0.05617
30.2	-0.05820
30.21	-0.05776
30.22	-0.05581
30.23	-0.05373
30.24	-0.05279
30.25	-0.05373
30.26	-0.05658
30.27	-0.06088
30.28	-0.06555
30.29	-0.06888
30.3	-0.06930
30.31	-0.06576
30.32	-0.05830
30.33	-0.04804
30.34	-0.03659
30.35	-0.02543
30.36	-0.01550
30.37	-0.00684
30.38	0.00117
30.39	0.00933
30.4	0.01829
30.41	0.02835
30.42	0.03933
30.43	0.05021
30.44	0.05945
30.45	0.06569
30.46	0.06817
30.47	0.06677
30.48	0.06201
30.49	0.05486
30.5	0.04637
30.51	0.03750
30.52	0.02891
30.53	0.02120
30.54	0.01480
30.55	0.00992
30.56	0.00639
30.57	0.00379
30.58	0.00151
30.59	-0.00094
30.6	-0.00388
30.61	-0.00737
30.62	-0.01131
30.63	-0.01544
30.64	-0.01943
30.65	-0.02299
30.66	-0.02586
30.67	-0.02770
30.68	-0.02820
30.69	-0.02708
30.7	-0.02448
30.71	-0.02063
30.72	-0.01597
30.73	-0.01086
30.74	-0.00557
30.75	-0.00023
30.76	0.00508
30.77	0.01038
30.78	0.01571
30.79	0.02111
30.8	0.02660
30.81	0.03210
30.82	0.03760
30.83	0.04303
30.84	0.04835
30.85	0.05359
30.86	0.05867
30.87	0.06336
30.88	0.06742
30.89	0.07057
30.9	0.07208
30.91	0.07078
30.92	0.06574
30.93	0.05667
30.94	0.04413
30.95	0.02932
30.96	0.01352
30.97	-0.00222
30.98	-0.01727
30.99	-0.03136
31	-0.04420
31.01	-0.05472
31.02	-0.06175
31.03	-0.06459
31.04	-0.06346
31.05	-0.05922
31.06	-0.05312
31.07	-0.04636
31.08	-0.03979
31.09	-0.03385
31.1	-0.02852
31.11	-0.02355
31.12	-0.01876
31.13	-0.01428
31.14	-0.01072
31.15	-0.00864
31.16	-0.00835
31.17	-0.00939
31.18	-0.01081
31.19	-0.01151
31.2	-0.01074
31.21	-0.00822
31.22	-0.00423
31.23	0.00061
31.24	0.00538
31.25	0.00900
31.26	0.01076
31.27	0.01042
31.28	0.00831
31.29	0.00506
31.3	0.00169
31.31	-0.00062
31.32	-0.00090
31.33	0.00121
31.34	0.00530
31.35	0.01034
31.36	0.01530
31.37	0.01937
31.38	0.02219
31.39	0.02394
31.4	0.02501
31.41	0.02566
31.42	0.02577
31.43	0.02502
31.44	0.02308
31.45	0.01984
31.46	0.01543
31.47	0.01018
31.48	0.00461
31.49	-0.00064
31.5	-0.00494
31.51	-0.00796
31.52	-0.00967
31.53	-0.01052
31.54	-0.01117
31.55	-0.01238
31.56	-0.01460
31.57	-0.01794
31.58	-0.02223
31.59	-0.02707
31.6	-0.03205
31.61	-0.03690
31.62	-0.04143
31.63	-0.04532
31.64	-0.04783
31.65	-0.04820
31.66	-0.04596
31.67	-0.04123
31.68	-0.03454
31.69	-0.02670
31.7	-0.01877
31.71	-0.01222
31.72	-0.00837
31.73	-0.00793
31.74	-0.01070
31.75	-0.01594
31.76	-0.02258
31.77	-0.02951
31.78	-0.03549
31.79	-0.03926
31.8	-0.03993
31.81	-0.03736
31.82	-0.03215
31.83	-0.02517
31.84	-0.01746
31.85	-0.00978
31.86	-0.00285
31.87	0.00264
31.88	0.00616
31.89	0.00754
31.9	0.00709
31.91	0.00577
31.92	0.00506
31.93	0.00657
31.94	0.01118
31.95	0.01899
31.96	0.02892
31.97	0.03885
31.98	0.04631
31.99	0.04970
32	0.04862
32.01	0.04370
32.02	0.03624
32.03	0.02770
32.04	0.01924
32.05	0.01149
32.06	0.00456
32.07	-0.00178
32.08	-0.00797
32.09	-0.01437
32.1	-0.02099
32.11	-0.02707
32.12	-0.03134
32.13	-0.03275
32.14	-0.03087
32.15	-0.02604
32.16	-0.01911
32.17	-0.01114
32.18	-0.00310
32.19	0.00419
32.2	0.01005
32.21	0.01421
32.22	0.01677
32.23	0.01816
32.24	0.01892
32.25	0.01953
32.26	0.02024
32.27	0.02103
32.28	0.02174
32.29	0.02201
32.3	0.02134
32.31	0.01925
32.32	0.01557
32.33	0.01043
32.34	0.00423
32.35	-0.00254
32.36	-0.00947
32.37	-0.01610
32.38	-0.02164
32.39	-0.02517
32.4	-0.02597
32.41	-0.02389
32.42	-0.01934
32.43	-0.01318
32.44	-0.00620
32.45	0.00083
32.46	0.00750
32.47	0.01369
32.48	0.01925
32.49	0.02388
32.5	0.02728
32.51	0.02932
32.52	0.03012
32.53	0.02995
32.54	0.02923
32.55	0.02827
32.56	0.02708
32.57	0.02527
32.58	0.02233
32.59	0.01788
32.6	0.01189
32.61	0.00465
32.62	-0.00336
32.63	-0.01144
32.64	-0.01836
32.65	-0.02284
32.66	-0.02401
32.67	-0.02183
32.68	-0.01694
32.69	-0.01034
32.7	-0.00314
32.71	0.00360
32.72	0.00897
32.73	0.01253
32.74	0.01433
32.75	0.01480
32.76	0.01454
32.77	0.01409
32.78	0.01385
32.79	0.01379
32.8	0.01366
32.81	0.01313
32.82	0.01197
32.83	0.01038
32.84	0.00900
32.85	0.00869
32.86	0.01006
32.87	0.01327
32.88	0.01805
32.89	0.02383
32.9	0.02985
32.91	0.03497
32.92	0.03814
32.93	0.03865
32.94	0.03652
32.95	0.03230
32.96	0.02681
32.97	0.02097
32.98	0.01563
32.99	0.01142
33	0.00861
33.01	0.00712
33.02	0.00651
33.03	0.00627
33.04	0.00585
33.05	0.00475
33.06	0.00281
33.07	0.00013
33.08	-0.00290
33.09	-0.00577
33.1	-0.00815
33.11	-0.00987
33.12	-0.01117
33.13	-0.01254
33.14	-0.01447
33.15	-0.01728
33.16	-0.02097
33.17	-0.02507
33.18	-0.02848
33.19	-0.03004
33.2	-0.02902
33.21	-0.02538
33.22	-0.01961
33.23	-0.01258
33.24	-0.00519
33.25	0.00159
33.26	0.00709
33.27	0.01103
33.28	0.01365
33.29	0.01553
33.3	0.01735
33.31	0.01957
33.32	0.02218
33.33	0.02477
33.34	0.02685
33.35	0.02802
33.36	0.02825
33.37	0.02784
33.38	0.02721
33.39	0.02670
33.4	0.02616
33.41	0.02521
33.42	0.02332
33.43	0.02017
33.44	0.01576
33.45	0.01033
33.46	0.00431
33.47	-0.00191
33.48	-0.00803
33.49	-0.01390
33.5	-0.01953
33.51	-0.02498
33.52	-0.03028
33.53	-0.03525
33.54	-0.03971
33.55	-0.04347
33.56	-0.04631
33.57	-0.04788
33.58	-0.04797
33.59	-0.04647
33.6	-0.04347
33.61	-0.03929
33.62	-0.03430
33.63	-0.02896
33.64	-0.02360
33.65	-0.01863
33.66	-0.01435
33.67	-0.01090
33.68	-0.00832
33.69	-0.00661
33.7	-0.00580
33.71	-0.00591
33.72	-0.00681
33.73	-0.00827
33.74	-0.00971
33.75	-0.01046
33.76	-0.00999
33.77	-0.00812
33.78	-0.00502
33.79	-0.00108
33.8	0.00325
33.81	0.00760
33.82	0.01170
33.83	0.01550
33.84	0.01882
33.85	0.02136
33.86	0.02281
33.87	0.02276
33.88	0.02094
33.89	0.01737
33.9	0.01239
33.91	0.00644
33.92	0.00005
33.93	-0.00641
33.94	-0.01244
33.95	-0.01726
33.96	-0.02002
33.97	-0.02021
33.98	-0.01788
33.99	-0.01352
34	-0.00798
34.01	-0.00230
34.02	0.00259
34.03	0.00599
34.04	0.00764
34.05	0.00766
34.06	0.00637
34.07	0.00417
34.08	0.00154
34.09	-0.00125
34.1	-0.00374
34.11	-0.00535
34.12	-0.00545
34.13	-0.00380
34.14	-0.00043
34.15	0.00422
34.16	0.00964
34.17	0.01531
34.18	0.02088
34.19	0.02618
34.2	0.03106
34.21	0.03511
34.22	0.03779
34.23	0.03867
34.24	0.03772
34.25	0.03521
34.26	0.03168
34.27	0.02775
34.28	0.02396
34.29	0.02060
34.3	0.01775
34.31	0.01525
34.32	0.01280
34.33	0.01008
34.34	0.00689
34.35	0.00324
34.36	-0.00083
34.37	-0.00506
34.38	-0.00919
34.39	-0.01287
34.4	-0.01587
34.41	-0.01817
34.42	-0.01985
34.43	-0.02113
34.44	-0.02225
34.45	-0.02346
34.46	-0.02483
34.47	-0.02630
34.48	-0.02754
34.49	-0.02807
34.5	-0.02738
34.51	-0.02527
34.52	-0.02181
34.53	-0.01732
34.54	-0.01226
34.55	-0.00708
34.56	-0.00215
34.57	0.00224
34.58	0.00591
34.59	0.00896
34.6	0.01151
34.61	0.01383
34.62	0.01609
34.63	0.01827
34.64	0.02031
34.65	0.02206
34.66	0.02333
34.67	0.02389
34.68	0.02349
34.69	0.02174
34.7	0.01841
34.71	0.01352
34.72	0.00737
34.73	0.00052
34.74	-0.00624
34.75	-0.01206
34.76	-0.01627
34.77	-0.01848
34.78	-0.01866
34.79	-0.01727
34.8	-0.01487
34.81	-0.01215
34.82	-0.00980
34.83	-0.00849
34.84	-0.00839
34.85	-0.00917
34.86	-0.00999
34.87	-0.01001
34.88	-0.00873
34.89	-0.00608
34.9	-0.00244
34.91	0.00149
34.92	0.00508
34.93	0.00796
34.94	0.01005
34.95	0.01156
34.96	0.01280
34.97	0.01403
34.98	0.01526
34.99	0.01619
35	0.01646
35.01	0.01583
35.02	0.01444
35.03	0.01267
35.04	0.01107
35.05	0.00999
35.06	0.00961
35.07	0.00973
35.08	0.00964
35.09	0.00846
35.1	0.00558
35.11	0.00098
35.12	-0.00458
35.13	-0.01006
35.14	-0.01455
35.15	-0.01756
35.16	-0.01913
35.17	-0.01961
35.18	-0.01960
35.19	-0.01957
35.2	-0.01984
35.21	-0.02035
35.22	-0.02070
35.23	-0.02042
35.24	-0.01918
35.25	-0.01691
35.26	-0.01379
35.27	-0.01014
35.28	-0.00646
35.29	-0.00329
35.3	-0.00127
35.31	-0.00060
35.32	-0.00125
35.33	-0.00287
35.34	-0.00503
35.35	-0.00730
35.36	-0.00934
35.37	-0.01090
35.38	-0.01191
35.39	-0.01235
35.4	-0.01212
35.41	-0.01099
35.42	-0.00858
35.43	-0.00480
35.44	0.00023
35.45	0.00614
35.46	0.01225
35.47	0.01775
35.48	0.02188
35.49	0.02412
35.5	0.02430
35.51	0.02252
35.52	0.01911
35.53	0.01463
35.54	0.00958
35.55	0.00440
35.56	-0.00064
35.57	-0.00538
35.58	-0.00978
35.59	-0.01366
35.6	-0.01674
35.61	-0.01881
35.62	-0.01961
35.63	-0.01905
35.64	-0.01719
35.65	-0.01430
35.66	-0.01093
35.67	-0.00770
35.68	-0.00519
35.69	-0.00365
35.7	-0.00301
35.71	-0.00305
35.72	-0.00333
35.73	-0.00328
35.74	-0.00244
35.75	-0.00053
35.76	0.00240
35.77	0.00614
35.78	0.01029
35.79	0.01455
35.8	0.01868
35.81	0.02256
35.82	0.02591
35.83	0.02820
35.84	0.02888
35.85	0.02765
35.86	0.02460
35.87	0.02018
35.88	0.01494
35.89	0.00950
35.9	0.00449
35.91	0.00041
35.92	-0.00252
35.93	-0.00435
35.94	-0.00538
35.95	-0.00599
35.96	-0.00652
35.97	-0.00719
35.98	-0.00807
35.99	-0.00907
36	-0.00997
36.01	-0.01041
36.02	-0.01014
36.03	-0.00905
36.04	-0.00713
36.05	-0.00449
36.06	-0.00130
36.07	0.00222
36.08	0.00586
36.09	0.00950
36.1	0.01310
36.11	0.01662
36.12	0.01998
36.13	0.02280
36.14	0.02471
36.15	0.02539
36.16	0.02474
36.17	0.02266
36.18	0.01919
36.19	0.01455
36.2	0.00900
36.21	0.00292
36.22	-0.00336
36.23	-0.00963
36.24	-0.01566
36.25	-0.02116
36.26	-0.02583
36.27	-0.02943
36.28	-0.03173
36.29	-0.03260
36.3	-0.03214
36.31	-0.03061
36.32	-0.02836
36.33	-0.02578
36.34	-0.02317
36.35	-0.02060
36.36	-0.01808
36.37	-0.01539
36.38	-0.01235
36.39	-0.00883
36.4	-0.00488
36.41	-0.00061
36.42	0.00366
36.43	0.00737
36.44	0.00986
36.45	0.01066
36.46	0.00991
36.47	0.00810
36.48	0.00592
36.49	0.00397
36.5	0.00258
36.51	0.00179
36.52	0.00147
36.53	0.00137
36.54	0.00137
36.55	0.00145
36.56	0.00165
36.57	0.00206
36.58	0.00264
36.59	0.00320
36.6	0.00353
36.61	0.00339
36.62	0.00272
36.63	0.00156
36.64	0.00009
36.65	-0.00155
36.66	-0.00311
36.67	-0.00435
36.68	-0.00497
36.69	-0.00487
36.7	-0.00399
36.71	-0.00249
36.72	-0.00056
36.73	0.00159
36.74	0.00379
36.75	0.00592
36.76	0.00797
36.77	0.00994
36.78	0.01183
36.79	0.01355
36.8	0.01498
36.81	0.01606
36.82	0.01675
36.83	0.01702
36.84	0.01694
36.85	0.01658
36.86	0.01606
36.87	0.01545
36.88	0.01487
36.89	0.01430
36.9	0.01388
36.91	0.01375
36.92	0.01408
36.93	0.01492
36.94	0.01624
36.95	0.01793
36.96	0.01980
36.97	0.02172
36.98	0.02352
36.99	0.02498
37	0.02592
37.01	0.02624
37.02	0.02591
37.03	0.02502
37.04	0.02373
37.05	0.02221
37.06	0.02061
37.07	0.01906
37.08	0.01766
37.09	0.01653
37.1	0.01586
37.11	0.01576
37.12	0.01623
37.13	0.01718
37.14	0.01848
37.15	0.01991
37.16	0.02138
37.17	0.02277
37.18	0.02410
37.19	0.02536
37.2	0.02653
37.21	0.02754
37.22	0.02820
37.23	0.02841
37.24	0.02817
37.25	0.02755
37.26	0.02667
37.27	0.02569
37.28	0.02471
37.29	0.02371
37.3	0.02256
37.31	0.02097
37.32	0.01878
37.33	0.01594
37.34	0.01245
37.35	0.00829
37.36	0.00325
37.37	-0.00267
37.38	-0.00907
37.39	-0.01533
37.4	-0.02070
37.41	-0.02460
37.42	-0.02672
37.43	-0.02714
37.44	-0.02625
37.45	-0.02457
37.46	-0.02260
37.47	-0.02074
37.48	-0.01913
37.49	-0.01775
37.5	-0.01647
37.51	-0.01498
37.52	-0.01308
37.53	-0.01062
37.54	-0.00764
37.55	-0.00430
37.56	-0.00079
37.57	0.00259
37.58	0.00516
37.59	0.00624
37.6	0.00543
37.61	0.00272
37.62	-0.00151
37.63	-0.00667
37.64	-0.01217
37.65	-0.01755
37.66	-0.02219
37.67	-0.02544
37.68	-0.02681
37.69	-0.02619
37.7	-0.02393
37.71	-0.02070
37.72	-0.01732
37.73	-0.01440
37.74	-0.01222
37.75	-0.01081
37.76	-0.01001
37.77	-0.00972
37.78	-0.00994
37.79	-0.01062
37.8	-0.01178
37.81	-0.01329
37.82	-0.01508
37.83	-0.01691
37.84	-0.01849
37.85	-0.01957
37.86	-0.02004
37.87	-0.01995
37.88	-0.01958
37.89	-0.01924
37.9	-0.01918
37.91	-0.01951
37.92	-0.02022
37.93	-0.02121
37.94	-0.02224
37.95	-0.02300
37.96	-0.02331
37.97	-0.02299
37.98	-0.02206
37.99	-0.02060
38	-0.01871
38.01	-0.01653
38.02	-0.01421
38.03	-0.01184
38.04	-0.00948
38.05	-0.00714
38.06	-0.00482
38.07	-0.00250
38.08	-0.00032
38.09	0.00135
38.1	0.00198
38.11	0.00123
38.12	-0.00103
38.13	-0.00468
38.14	-0.00930
38.15	-0.01447
38.16	-0.01971
38.17	-0.02439
38.18	-0.02784
38.19	-0.02966
38.2	-0.02979
38.21	-0.02852
38.22	-0.02634
38.23	-0.02382
38.24	-0.02130
38.25	-0.01904
38.26	-0.01705
38.27	-0.01524
38.28	-0.01348
38.29	-0.01184
38.3	-0.01046
38.31	-0.00948
38.32	-0.00907
38.33	-0.00922
38.34	-0.00978
38.35	-0.01061
38.36	-0.01154
38.37	-0.01240
38.38	-0.01320
38.39	-0.01390
38.4	-0.01455
38.41	-0.01516
38.42	-0.01567
38.43	-0.01578
38.44	-0.01521
38.45	-0.01371
38.46	-0.01130
38.47	-0.00822
38.48	-0.00492
38.49	-0.00193
38.5	0.00041
38.51	0.00200
38.52	0.00299
38.53	0.00361
38.54	0.00419
38.55	0.00494
38.56	0.00594
38.57	0.00713
38.58	0.00827
38.59	0.00898
38.6	0.00893
38.61	0.00801
38.62	0.00633
38.63	0.00423
38.64	0.00219
38.65	0.00052
38.66	-0.00062
38.67	-0.00121
38.68	-0.00127
38.69	-0.00086
38.7	-0.00005
38.71	0.00109
38.72	0.00245
38.73	0.00394
38.74	0.00549
38.75	0.00703
38.76	0.00859
38.77	0.01014
38.78	0.01170
38.79	0.01319
38.8	0.01444
38.81	0.01517
38.82	0.01522
38.83	0.01458
38.84	0.01324
38.85	0.01123
38.86	0.00856
38.87	0.00538
38.88	0.00198
38.89	-0.00127
38.9	-0.00414
38.91	-0.00648
38.92	-0.00816
38.93	-0.00903
38.94	-0.00916
38.95	-0.00859
38.96	-0.00759
38.97	-0.00634
38.98	-0.00519
38.99	-0.00436
39	-0.00400
39.01	-0.00409
39.02	-0.00454
39.03	-0.00498
39.04	-0.00517
39.05	-0.00483
39.06	-0.00393
39.07	-0.00252
39.08	-0.00081
39.09	0.00093
39.1	0.00250
39.11	0.00375
39.12	0.00472
39.13	0.00553
39.14	0.00653
39.15	0.00807
39.16	0.01033
39.17	0.01334
39.18	0.01681
39.19	0.02018
39.2	0.02279
39.21	0.02408
39.22	0.02387
39.23	0.02218
39.24	0.01943
39.25	0.01606
39.26	0.01257
39.27	0.00920
39.28	0.00610
39.29	0.00328
39.3	0.00070
39.31	-0.00163
39.32	-0.00361
39.33	-0.00505
39.34	-0.00580
39.35	-0.00583
39.36	-0.00524
39.37	-0.00422
39.38	-0.00300
39.39	-0.00188
39.4	-0.00113
39.41	-0.00102
39.42	-0.00159
39.43	-0.00267
39.44	-0.00383
39.45	-0.00456
39.46	-0.00460
39.47	-0.00383
39.48	-0.00239
39.49	-0.00055
39.5	0.00144
39.51	0.00333
39.52	0.00496
39.53	0.00611
39.54	0.00672
39.55	0.00676
39.56	0.00638
39.57	0.00571
39.58	0.00492
39.59	0.00413
39.6	0.00339
39.61	0.00281
39.62	0.00250
39.63	0.00263
39.64	0.00324
39.65	0.00431
39.66	0.00577
39.67	0.00742
39.68	0.00906
39.69	0.01047
39.7	0.01141
39.71	0.01164
39.72	0.01100
39.73	0.00936
39.74	0.00674
39.75	0.00332
39.76	-0.00067
39.77	-0.00492
39.78	-0.00924
39.79	-0.01347
39.8	-0.01754
39.81	-0.02124
39.82	-0.02441
39.83	-0.02675
39.84	-0.02796
39.85	-0.02788
39.86	-0.02661
39.87	-0.02440
39.88	-0.02162
39.89	-0.01863
39.9	-0.01580
39.91	-0.01353
39.92	-0.01210
39.93	-0.01156
39.94	-0.01183
39.95	-0.01264
39.96	-0.01362
39.97	-0.01423
39.98	-0.01399
39.99	-0.01263
40	-0.01013
40.01	-0.00675
40.02	-0.00287
40.03	0.00114
40.04	0.00508
40.05	0.00873
40.06	0.01196
40.07	0.01451
40.08	0.01630
40.09	0.01735
40.1	0.01780
40.11	0.01787
40.12	0.01774
40.13	0.01756
40.14	0.01733
40.15	0.01703
40.16	0.01666
40.17	0.01634
40.18	0.01627
40.19	0.01655
40.2	0.01723
40.21	0.01827
40.22	0.01953
40.23	0.02092
40.24	0.02228
40.25	0.02354
40.26	0.02471
40.27	0.02577
40.28	0.02679
40.29	0.02779
40.3	0.02869
40.31	0.02935
40.32	0.02958
40.33	0.02925
40.34	0.02841
40.35	0.02714
40.36	0.02564
40.37	0.02408
40.38	0.02266
40.39	0.02172
40.4	0.02149
40.41	0.02209
40.42	0.02342
40.43	0.02530
40.44	0.02746
40.45	0.02967
40.46	0.03178
40.47	0.03361
40.48	0.03493
40.49	0.03558
40.5	0.03548
40.51	0.03454
40.52	0.03276
40.53	0.03021
40.54	0.02708
40.55	0.02360
40.56	0.01998
40.57	0.01641
40.58	0.01304
40.59	0.00990
40.6	0.00695
40.61	0.00416
40.62	0.00147
40.63	-0.00098
40.64	-0.00306
40.65	-0.00455
40.66	-0.00533
40.67	-0.00543
40.68	-0.00496
40.69	-0.00412
40.7	-0.00313
40.71	-0.00211
40.72	-0.00109
40.73	0.00005
40.74	0.00147
40.75	0.00325
40.76	0.00540
40.77	0.00787
40.78	0.01034
40.79	0.01247
40.8	0.01383
40.81	0.01421
40.82	0.01355
40.83	0.01208
40.84	0.01006
40.85	0.00783
40.86	0.00559
40.87	0.00348
40.88	0.00145
40.89	-0.00056
40.9	-0.00264
40.91	-0.00484
40.92	-0.00718
40.93	-0.00943
40.94	-0.01130
40.95	-0.01249
40.96	-0.01286
40.97	-0.01252
40.98	-0.01183
40.99	-0.01125
41	-0.01109
41.01	-0.01151
41.02	-0.01249
41.03	-0.01380
41.04	-0.01517
41.05	-0.01627
41.06	-0.01688
41.07	-0.01688
41.08	-0.01634
41.09	-0.01548
41.1	-0.01446
41.11	-0.01344
41.12	-0.01254
41.13	-0.01178
41.14	-0.01111
41.15	-0.01047
41.16	-0.00990
41.17	-0.00947
41.18	-0.00938
41.19	-0.00971
41.2	-0.01047
41.21	-0.01159
41.22	-0.01292
41.23	-0.01414
41.24	-0.01498
41.25	-0.01524
41.26	-0.01487
41.27	-0.01397
41.28	-0.01277
41.29	-0.01147
41.3	-0.01032
41.31	-0.00961
41.32	-0.00957
41.33	-0.01025
41.34	-0.01156
41.35	-0.01327
41.36	-0.01508
41.37	-0.01662
41.38	-0.01770
41.39	-0.01821
41.4	-0.01822
41.41	-0.01793
41.42	-0.01750
41.43	-0.01712
41.44	-0.01684
41.45	-0.01657
41.46	-0.01605
41.47	-0.01498
41.48	-0.01315
41.49	-0.01056
41.5	-0.00735
41.51	-0.00374
41.52	-0.00004
41.53	0.00347
41.54	0.00653
41.55	0.00903
41.56	0.01102
41.57	0.01261
41.58	0.01400
41.59	0.01535
41.6	0.01665
41.61	0.01773
41.62	0.01835
41.63	0.01838
41.64	0.01780
41.65	0.01672
41.66	0.01526
41.67	0.01352
41.68	0.01149
41.69	0.00920
41.7	0.00671
41.71	0.00412
41.72	0.00164
41.73	-0.00048
41.74	-0.00217
41.75	-0.00342
41.76	-0.00433
41.77	-0.00510
41.78	-0.00597
41.79	-0.00714
41.8	-0.00868
41.81	-0.01055
41.82	-0.01267
41.83	-0.01487
41.84	-0.01693
41.85	-0.01859
41.86	-0.01960
41.87	-0.01984
41.88	-0.01930
41.89	-0.01816
41.9	-0.01667
41.91	-0.01505
41.92	-0.01346
41.93	-0.01188
41.94	-0.01024
41.95	-0.00837
41.96	-0.00633
41.97	-0.00422
41.98	-0.00220
41.99	-0.00042
42	0.00109
42.01	0.00236
42.02	0.00344
42.03	0.00446
42.04	0.00549
42.05	0.00655
42.06	0.00759
42.07	0.00841
42.08	0.00886
42.09	0.00884
42.1	0.00831
42.11	0.00718
42.12	0.00529
42.13	0.00257
42.14	-0.00095
42.15	-0.00510
42.16	-0.00953
42.17	-0.01375
42.18	-0.01727
42.19	-0.01975
42.2	-0.02117
42.21	-0.02176
42.22	-0.02183
42.23	-0.02176
42.24	-0.02176
42.25	-0.02196
42.26	-0.02233
42.27	-0.02272
42.28	-0.02294
42.29	-0.02289
42.3	-0.02249
42.31	-0.02185
42.32	-0.02108
42.33	-0.02035
42.34	-0.01985
42.35	-0.01972
42.36	-0.01995
42.37	-0.02054
42.38	-0.02135
42.39	-0.02232
42.4	-0.02338
42.41	-0.02448
42.42	-0.02558
42.43	-0.02670
42.44	-0.02780
42.45	-0.02892
42.46	-0.03004
42.47	-0.03112
42.48	-0.03204
42.49	-0.03263
42.5	-0.03271
42.51	-0.03216
42.52	-0.03102
42.53	-0.02944
42.54	-0.02763
42.55	-0.02585
42.56	-0.02422
42.57	-0.02281
42.58	-0.02160
42.59	-0.02047
42.6	-0.01937
42.61	-0.01817
42.62	-0.01686
42.63	-0.01543
42.64	-0.01389
42.65	-0.01233
42.66	-0.01076
42.67	-0.00929
42.68	-0.00802
42.69	-0.00716
42.7	-0.00685
42.71	-0.00707
42.72	-0.00770
42.73	-0.00856
42.74	-0.00926
42.75	-0.00953
42.76	-0.00917
42.77	-0.00821
42.78	-0.00684
42.79	-0.00530
42.8	-0.00381
42.81	-0.00252
42.82	-0.00145
42.83	-0.00061
42.84	-0.00001
42.85	0.00032
42.86	0.00036
42.87	0.00018
42.88	-0.00020
42.89	-0.00072
42.9	-0.00132
42.91	-0.00198
42.92	-0.00268
42.93	-0.00341
42.94	-0.00412
42.95	-0.00468
42.96	-0.00491
42.97	-0.00469
42.98	-0.00397
42.99	-0.00281
43	-0.00137
43.01	0.00019
43.02	0.00168
43.03	0.00290
43.04	0.00372
43.05	0.00416
43.06	0.00433
43.07	0.00449
43.08	0.00483
43.09	0.00558
43.1	0.00672
43.11	0.00822
43.12	0.00992
43.13	0.01168
43.14	0.01334
43.15	0.01487
43.16	0.01620
43.17	0.01737
43.18	0.01835
43.19	0.01905
43.2	0.01947
43.21	0.01958
43.22	0.01947
43.23	0.01919
43.24	0.01886
43.25	0.01868
43.26	0.01882
43.27	0.01939
43.28	0.02042
43.29	0.02182
43.3	0.02346
43.31	0.02517
43.32	0.02688
43.33	0.02845
43.34	0.02980
43.35	0.03068
43.36	0.03097
43.37	0.03055
43.38	0.02932
43.39	0.02726
43.4	0.02448
43.41	0.02111
43.42	0.01742
43.43	0.01361
43.44	0.00978
43.45	0.00610
43.46	0.00264
43.47	-0.00050
43.48	-0.00332
43.49	-0.00577
43.5	-0.00780
43.51	-0.00929
43.52	-0.01014
43.53	-0.01038
43.54	-0.01008
43.55	-0.00943
43.56	-0.00858
43.57	-0.00774
43.58	-0.00707
43.59	-0.00676
43.6	-0.00695
43.61	-0.00763
43.62	-0.00865
43.63	-0.00987
43.64	-0.01113
43.65	-0.01226
43.66	-0.01328
43.67	-0.01419
43.68	-0.01501
43.69	-0.01567
43.7	-0.01611
43.71	-0.01623
43.72	-0.01591
43.73	-0.01510
43.74	-0.01372
43.75	-0.01184
43.76	-0.00957
43.77	-0.00705
43.78	-0.00444
43.79	-0.00193
43.8	0.00029
43.81	0.00220
43.82	0.00379
43.83	0.00510
43.84	0.00628
43.85	0.00742
43.86	0.00859
43.87	0.00982
43.88	0.01113
43.89	0.01244
43.9	0.01365
43.91	0.01456
43.92	0.01503
43.93	0.01502
43.94	0.01455
43.95	0.01376
43.96	0.01287
43.97	0.01210
43.98	0.01170
43.99	0.01184
44	0.01259
44.01	0.01389
44.02	0.01559
44.03	0.01752
44.04	0.01949
44.05	0.02143
44.06	0.02324
44.07	0.02473
44.08	0.02564
44.09	0.02583
44.1	0.02527
44.11	0.02403
44.12	0.02238
44.13	0.02051
44.14	0.01863
44.15	0.01684
44.16	0.01515
44.17	0.01355
44.18	0.01203
44.19	0.01070
44.2	0.00978
44.21	0.00945
44.22	0.00980
44.23	0.01072
44.24	0.01197
44.25	0.01311
44.26	0.01369
44.27	0.01346
44.28	0.01239
44.29	0.01065
44.3	0.00850
44.31	0.00625
44.32	0.00417
44.33	0.00263
44.34	0.00191
44.35	0.00220
44.36	0.00344
44.37	0.00544
44.38	0.00794
44.39	0.01066
44.4	0.01337
44.41	0.01587
44.42	0.01808
44.43	0.01995
44.44	0.02148
44.45	0.02253
44.46	0.02303
44.47	0.02289
44.48	0.02205
44.49	0.02046
44.5	0.01803
44.51	0.01489
44.52	0.01114
44.53	0.00703
44.54	0.00276
44.55	-0.00150
44.56	-0.00557
44.57	-0.00922
44.58	-0.01224
44.59	-0.01433
44.6	-0.01536
44.61	-0.01533
44.62	-0.01444
44.63	-0.01297
44.64	-0.01118
44.65	-0.00929
44.66	-0.00735
44.67	-0.00549
44.68	-0.00386
44.69	-0.00264
44.7	-0.00193
44.71	-0.00174
44.72	-0.00188
44.73	-0.00202
44.74	-0.00186
44.75	-0.00118
44.76	0.00005
44.77	0.00174
44.78	0.00361
44.79	0.00531
44.8	0.00660
44.81	0.00730
44.82	0.00746
44.83	0.00721
44.84	0.00676
44.85	0.00632
44.86	0.00596
44.87	0.00573
44.88	0.00566
44.89	0.00576
44.9	0.00611
44.91	0.00681
44.92	0.00789
44.93	0.00926
44.94	0.01088
44.95	0.01261
44.96	0.01433
44.97	0.01582
44.98	0.01685
44.99	0.01726
45	0.01699
45.01	0.01618
45.02	0.01501
45.03	0.01371
45.04	0.01254
45.05	0.01186
45.06	0.01188
45.07	0.01271
45.08	0.01423
45.09	0.01624
45.1	0.01849
45.11	0.02070
45.12	0.02272
45.13	0.02441
45.14	0.02578
45.15	0.02693
45.16	0.02793
45.17	0.02891
45.18	0.02991
45.19	0.03096
45.2	0.03199
45.21	0.03298
45.22	0.03382
45.23	0.03448
45.24	0.03486
45.25	0.03487
45.26	0.03457
45.27	0.03401
45.28	0.03331
45.29	0.03252
45.3	0.03167
45.31	0.03061
45.32	0.02920
45.33	0.02733
45.34	0.02501
45.35	0.02229
45.36	0.01932
45.37	0.01627
45.38	0.01325
45.39	0.01039
45.4	0.00784
45.41	0.00569
45.42	0.00390
45.43	0.00244
45.44	0.00117
45.45	-0.00004
45.46	-0.00127
45.47	-0.00259
45.48	-0.00400
45.49	-0.00540
45.5	-0.00665
45.51	-0.00747
45.52	-0.00777
45.53	-0.00752
45.54	-0.00686
45.55	-0.00590
45.56	-0.00468
45.57	-0.00313
45.58	-0.00118
45.59	0.00114
45.6	0.00374
45.61	0.00638
45.62	0.00889
45.63	0.01103
45.64	0.01266
45.65	0.01360
45.66	0.01375
45.67	0.01319
45.68	0.01203
45.69	0.01056
45.7	0.00907
45.71	0.00782
45.72	0.00693
45.73	0.00639
45.74	0.00611
45.75	0.00594
45.76	0.00571
45.77	0.00522
45.78	0.00435
45.79	0.00305
45.8	0.00137
45.81	-0.00053
45.82	-0.00253
45.83	-0.00451
45.84	-0.00639
45.85	-0.00812
45.86	-0.00977
45.87	-0.01133
45.88	-0.01276
45.89	-0.01388
45.9	-0.01460
45.91	-0.01483
45.92	-0.01464
45.93	-0.01413
45.94	-0.01348
45.95	-0.01297
45.96	-0.01287
45.97	-0.01341
45.98	-0.01456
45.99	-0.01616
46	-0.01791
46.01	-0.01951
46.02	-0.02077
46.03	-0.02167
46.04	-0.02223
46.05	-0.02244
46.06	-0.02221
46.07	-0.02145
46.08	-0.02017
46.09	-0.01836
46.1	-0.01623
46.11	-0.01386
46.12	-0.01145
46.13	-0.00910
46.14	-0.00694
46.15	-0.00511
46.16	-0.00369
46.17	-0.00267
46.18	-0.00206
46.19	-0.00179
46.2	-0.00178
46.21	-0.00188
46.22	-0.00192
46.23	-0.00175
46.24	-0.00128
46.25	-0.00050
46.26	0.00053
46.27	0.00169
46.28	0.00287
46.29	0.00404
46.3	0.00516
46.31	0.00620
46.32	0.00727
46.33	0.00839
46.34	0.00964
46.35	0.01097
46.36	0.01222
46.37	0.01311
46.38	0.01344
46.39	0.01305
46.4	0.01197
46.41	0.01032
46.42	0.00830
46.43	0.00610
46.44	0.00390
46.45	0.00191
46.46	0.00022
46.47	-0.00103
46.48	-0.00178
46.49	-0.00203
46.5	-0.00188
46.51	-0.00145
46.52	-0.00089
46.53	-0.00034
46.54	0.00006
46.55	0.00028
46.56	0.00032
46.57	0.00018
46.58	-0.00005
46.59	-0.00029
46.6	-0.00052
46.61	-0.00070
46.62	-0.00081
46.63	-0.00083
46.64	-0.00067
46.65	-0.00038
46.66	0.00008
46.67	0.00064
46.68	0.00125
46.69	0.00177
46.7	0.00197
46.71	0.00165
46.72	0.00072
46.73	-0.00076
46.74	-0.00267
46.75	-0.00480
46.76	-0.00689
46.77	-0.00870
46.78	-0.01008
46.79	-0.01095
46.8	-0.01142
46.81	-0.01163
46.82	-0.01172
46.83	-0.01184
46.84	-0.01201
46.85	-0.01210
46.86	-0.01201
46.87	-0.01161
46.88	-0.01093
46.89	-0.00997
46.9	-0.00883
46.91	-0.00764
46.92	-0.00647
46.93	-0.00545
46.94	-0.00475
46.95	-0.00446
46.96	-0.00463
46.97	-0.00516
46.98	-0.00597
46.99	-0.00691
47	-0.00784
47.01	-0.00873
47.02	-0.00957
47.03	-0.01033
47.04	-0.01108
47.05	-0.01183
47.06	-0.01258
47.07	-0.01329
47.08	-0.01390
47.09	-0.01441
47.1	-0.01484
47.11	-0.01531
47.12	-0.01591
47.13	-0.01667
47.14	-0.01756
47.15	-0.01835
47.16	-0.01878
47.17	-0.01873
47.18	-0.01817
47.19	-0.01721
47.2	-0.01609
47.21	-0.01515
47.22	-0.01474
47.23	-0.01502
47.24	-0.01597
47.25	-0.01742
47.26	-0.01915
47.27	-0.02092
47.28	-0.02252
47.29	-0.02374
47.3	-0.02435
47.31	-0.02425
47.32	-0.02347
47.33	-0.02221
47.34	-0.02069
47.35	-0.01916
47.36	-0.01789
47.37	-0.01703
47.38	-0.01660
47.39	-0.01653
47.4	-0.01667
47.41	-0.01686
47.42	-0.01698
47.43	-0.01693
47.44	-0.01672
47.45	-0.01644
47.46	-0.01614
47.47	-0.01599
47.48	-0.01605
47.49	-0.01633
47.5	-0.01681
47.51	-0.01745
47.52	-0.01810
47.53	-0.01869
47.54	-0.01904
47.55	-0.01905
47.56	-0.01869
47.57	-0.01798
47.58	-0.01705
47.59	-0.01599
47.6	-0.01496
47.61	-0.01405
47.62	-0.01333
47.63	-0.01278
47.64	-0.01238
47.65	-0.01205
47.66	-0.01174
47.67	-0.01142
47.68	-0.01113
47.69	-0.01093
47.7	-0.01083
47.71	-0.01086
47.72	-0.01089
47.73	-0.01069
47.74	-0.01000
47.75	-0.00873
47.76	-0.00689
47.77	-0.00463
47.78	-0.00211
47.79	0.00042
47.8	0.00276
47.81	0.00468
47.82	0.00613
47.83	0.00714
47.84	0.00788
47.85	0.00845
47.86	0.00896
47.87	0.00933
47.88	0.00945
47.89	0.00926
47.9	0.00872
47.91	0.00787
47.92	0.00675
47.93	0.00550
47.94	0.00409
47.95	0.00259
47.96	0.00089
47.97	-0.00111
47.98	-0.00353
47.99	-0.00642
48	-0.00973
48.01	-0.01334
48.02	-0.01708
48.03	-0.02069
48.04	-0.02388
48.05	-0.02644
48.06	-0.02834
48.07	-0.02967
48.08	-0.03065
48.09	-0.03148
48.1	-0.03224
48.11	-0.03285
48.12	-0.03303
48.13	-0.03246
48.14	-0.03190
48.15	-0.02967
48.16	-0.02686
48.17	-0.02378
48.18	-0.02073
48.19	-0.01808
48.2	-0.01609
48.21	-0.01480
48.22	-0.01414
48.23	-0.01389
48.24	-0.01381
48.25	-0.01372
48.26	-0.01352
48.27	-0.01311
48.28	-0.01245
48.29	-0.01149
48.3	-0.01019
48.31	-0.00861
48.32	-0.00686
48.33	-0.00519
48.34	-0.00381
48.35	-0.00287
48.36	-0.00240
48.37	-0.00230
48.38	-0.00236
48.39	-0.00236
48.4	-0.00216
48.41	-0.00169
48.42	-0.00100
48.43	-0.00023
48.44	0.00042
48.45	0.00080
48.46	0.00083
48.47	0.00052
48.48	-0.00004
48.49	-0.00060
48.5	-0.00090
48.51	-0.00070
48.52	0.00014
48.53	0.00155
48.54	0.00341
48.55	0.00548
48.56	0.00756
48.57	0.00948
48.58	0.01116
48.59	0.01252
48.6	0.01362
48.61	0.01456
48.62	0.01544
48.63	0.01633
48.64	0.01726
48.65	0.01824
48.66	0.01925
48.67	0.02022
48.68	0.02107
48.69	0.02171
48.7	0.02206
48.71	0.02216
48.72	0.02201
48.73	0.02167
48.74	0.02121
48.75	0.02069
48.76	0.02019
48.77	0.01979
48.78	0.01953
48.79	0.01949
48.8	0.01965
48.81	0.01998
48.82	0.02041
48.83	0.02087
48.84	0.02126
48.85	0.02138
48.86	0.02102
48.87	0.02008
48.88	0.01857
48.89	0.01662
48.9	0.01446
48.91	0.01231
48.92	0.01038
48.93	0.00869
48.94	0.00727
48.95	0.00610
48.96	0.00517
48.97	0.00456
48.98	0.00428
48.99	0.00428
49	0.00442
49.01	0.00450
49.02	0.00436
49.03	0.00390
49.04	0.00318
49.05	0.00233
49.06	0.00165
49.07	0.00136
49.08	0.00159
49.09	0.00230
49.1	0.00336
49.11	0.00460
49.12	0.00586
49.13	0.00707
49.14	0.00817
49.15	0.00924
49.16	0.01029
49.17	0.01140
49.18	0.01253
49.19	0.01360
49.2	0.01441
49.21	0.01484
49.22	0.01487
49.23	0.01449
49.24	0.01383
49.25	0.01305
49.26	0.01225
49.27	0.01149
49.28	0.01065
49.29	0.00954
49.3	0.00807
49.31	0.00611
49.32	0.00381
49.33	0.00144
49.34	-0.00075
49.35	-0.00250
49.36	-0.00379
49.37	-0.00464
49.38	-0.00524
49.39	-0.00580
49.4	-0.00651
49.41	-0.00742
49.42	-0.00856
49.43	-0.00990
49.44	-0.01127
49.45	-0.01258
49.46	-0.01366
49.47	-0.01431
49.48	-0.01442
49.49	-0.01402
49.5	-0.01322
49.51	-0.01217
49.52	-0.01114
49.53	-0.01036
49.54	-0.01005
49.55	-0.01027
49.56	-0.01093
49.57	-0.01178
49.58	-0.01240
49.59	-0.01239
49.6	-0.01150
49.61	-0.00972
49.62	-0.00728
49.63	-0.00447
49.64	-0.00158
49.65	0.00118
49.66	0.00375
49.67	0.00600
49.68	0.00782
49.69	0.00905
49.7	0.00963
49.71	0.00958
49.72	0.00903
49.73	0.00817
49.74	0.00722
49.75	0.00646
49.76	0.00618
49.77	0.00647
49.78	0.00736
49.79	0.00870
49.8	0.01028
49.81	0.01191
49.82	0.01329
49.83	0.01421
49.84	0.01440
49.85	0.01385
49.86	0.01272
49.87	0.01133
49.88	0.01000
49.89	0.00892
49.9	0.00822
49.91	0.00783
49.92	0.00764
49.93	0.00760
49.94	0.00766
49.95	0.00784
49.96	0.00820
49.97	0.00868
49.98	0.00929
49.99	0.00997
50	0.01070
50.01	0.01144
50.02	0.01205
50.03	0.01243
50.04	0.01244
50.05	0.01210
50.06	0.01144
50.07	0.01061
50.08	0.00972
50.09	0.00889
50.1	0.00821
50.11	0.00778
50.12	0.00769
50.13	0.00788
50.14	0.00822
50.15	0.00850
50.16	0.00855
50.17	0.00825
50.18	0.00764
50.19	0.00680
50.2	0.00585
50.21	0.00491
50.22	0.00403
50.23	0.00327
50.24	0.00257
50.25	0.00191
50.26	0.00130
50.27	0.00076
50.28	0.00038
50.29	0.00018
50.3	0.00018
50.31	0.00033
50.32	0.00057
50.33	0.00090
50.34	0.00128
50.35	0.00169
50.36	0.00212
50.37	0.00254
50.38	0.00294
50.39	0.00327
50.4	0.00353
50.41	0.00370
50.42	0.00385
50.43	0.00394
50.44	0.00403
50.45	0.00413
50.46	0.00423
50.47	0.00440
50.48	0.00461
50.49	0.00492
50.5	0.00531
50.51	0.00580
50.52	0.00632
50.53	0.00688
50.54	0.00747
50.55	0.00808
50.56	0.00872
50.57	0.00938
50.58	0.01005
50.59	0.01067
50.6	0.01116
50.61	0.01140
50.62	0.01127
50.63	0.01067
50.64	0.00953
50.65	0.00803
50.66	0.00665
50.67	0.00594
50.68	0.00634
50.69	0.00796
50.7	0.01060
50.71	0.01388
50.72	0.01723
50.73	0.02012
50.74	0.02201
50.75	0.02272
50.76	0.02239
50.77	0.02130
50.78	0.01977
50.79	0.01788
50.8	0.01564
50.81	0.01300
50.82	0.00994
50.83	0.00653
50.84	0.00290
50.85	-0.00086
50.86	-0.00458
50.87	-0.00802
50.88	-0.01075
50.89	-0.01231
50.9	-0.01254
50.91	-0.01174
50.92	-0.01036
50.93	-0.00888
50.94	-0.00749
50.95	-0.00613
50.96	-0.00463
50.97	-0.00283
50.98	-0.00070
50.99	0.00174
51	0.00427
51.01	0.00660
51.02	0.00837
51.03	0.00933
51.04	0.00936
51.05	0.00856
51.06	0.00719
51.07	0.00557
51.08	0.00390
51.09	0.00239
51.1	0.00108
51.11	0.00005
51.12	-0.00061
51.13	-0.00083
51.14	-0.00079
51.15	-0.00084
51.16	-0.00140
51.17	-0.00267
51.18	-0.00468
51.19	-0.00722
51.2	-0.01004
51.21	-0.01273
51.22	-0.01487
51.23	-0.01587
51.24	-0.01555
51.25	-0.01394
51.26	-0.01136
51.27	-0.00829
51.28	-0.00517
51.29	-0.00259
51.3	-0.00100
51.31	-0.00064
51.32	-0.00142
51.33	-0.00305
51.34	-0.00511
51.35	-0.00723
51.36	-0.00912
51.37	-0.01056
51.38	-0.01150
51.39	-0.01197
51.4	-0.01211
51.41	-0.01205
51.42	-0.01182
51.43	-0.01136
51.44	-0.01066
51.45	-0.00971
51.46	-0.00856
51.47	-0.00746
51.48	-0.00661
51.49	-0.00623
51.5	-0.00628
51.51	-0.00669
51.52	-0.00722
51.53	-0.00768
51.54	-0.00796
51.55	-0.00803
51.56	-0.00794
51.57	-0.00777
51.58	-0.00761
51.59	-0.00756
51.6	-0.00768
51.61	-0.00793
51.62	-0.00820
51.63	-0.00832
51.64	-0.00821
51.65	-0.00775
51.66	-0.00702
51.67	-0.00613
51.68	-0.00522
51.69	-0.00449
51.7	-0.00402
51.71	-0.00381
51.72	-0.00386
51.73	-0.00403
51.74	-0.00423
51.75	-0.00441
51.76	-0.00449
51.77	-0.00447
51.78	-0.00436
51.79	-0.00421
51.8	-0.00402
51.81	-0.00385
51.82	-0.00370
51.83	-0.00360
51.84	-0.00353
51.85	-0.00353
51.86	-0.00358
51.87	-0.00366
51.88	-0.00374
51.89	-0.00381
51.9	-0.00386
51.91	-0.00388
51.92	-0.00383
51.93	-0.00376
51.94	-0.00366
51.95	-0.00355
51.96	-0.00344
51.97	-0.00336
51.98	-0.00332
51.99	-0.00328
52	-0.00328
52.01	-0.00328
52.02	-0.00328
52.03	-0.00327
52.04	-0.00320
52.05	-0.00311
52.06	-0.00297
52.07	-0.00281
52.08	-0.00264
52.09	-0.00249
52.1	-0.00231
52.11	-0.00215
52.12	-0.00197
52.13	-0.00179
52.14	-0.00163
52.15	-0.00147
52.16	-0.00131
52.17	-0.00121
52.18	-0.00113
52.19	-0.00111
52.2	-0.00114
52.21	-0.00121
52.22	-0.00125
52.23	-0.00130
52.24	-0.00130
52.25	-0.00125
52.26	-0.00117
52.27	-0.00108
52.28	-0.00098
52.29	-0.00090
52.3	-0.00084
52.31	-0.00081
52.32	-0.00081
52.33	-0.00081
52.34	-0.00080
52.35	-0.00080
52.36	-0.00079
52.37	-0.00076
52.38	-0.00075
52.39	-0.00075
52.4	-0.00074
52.41	-0.00072
52.42	-0.00072
52.43	-0.00070
52.44	-0.00069
52.45	-0.00066
52.46	-0.00064
52.47	-0.00062
52.48	-0.00061
52.49	-0.00060
52.5	-0.00060
52.51	-0.00057
52.52	-0.00055
52.53	-0.00052
52.54	-0.00047
52.55	-0.00042
52.56	-0.00039
52.57	-0.00034
52.58	-0.00033
52.59	-0.00029
52.6	-0.00028
52.61	-0.00027
52.62	-0.00023
52.63	-0.00022
52.64	-0.00019
52.65	-0.00018
52.66	-0.00014
52.67	-0.00013
52.68	-0.00009
52.69	-0.00006
52.7	-0.00005
52.71	-0.00001
52.72	0.00000
52.73	0.00004
52.74	0.00006
52.75	0.00008
52.76	0.00011
52.77	0.00014
52.78	0.00018
52.79	0.00019
52.8	0.00022
52.81	0.00025
52.82	0.00028
52.83	0.00029
52.84	0.00033
52.85	0.00036
52.86	0.00038
52.87	0.00041
52.88	0.00042
52.89	0.00046
52.9	0.00048
52.91	0.00050
52.92	0.00053
52.93	0.00055
52.94	0.00057
52.95	0.00060
52.96	0.00062
52.97	0.00064
52.98	0.00067
52.99	0.00069
53	0.00072
53.01	0.00074
53.02	0.00076
53.03	0.00079
53.04	0.00081
53.05	0.00083
53.06	0.00086
53.07	0.00088
53.08	0.00089
53.09	0.00093
53.1	0.00094
53.11	0.00095
53.12	0.00098
53.13	0.00100
53.14	0.00102
53.15	0.00104
53.16	0.00107
53.17	0.00108
53.18	0.00111
53.19	0.00113
53.2	0.00114
53.21	0.00116
53.22	0.00118
53.23	0.00121
53.24	0.00122
53.25	0.00123
53.26	0.00125
53.27	0.00127
53.28	0.00130
53.29	0.00131
53.3	0.00132
53.31	0.00135
53.32	0.00136
53.33	0.00137
53.34	0.00140
53.35	0.00141
53.36	0.00142
53.37	0.00144
53.38	0.00145
53.39	0.00147
53.4	0.00149
53.41	0.00150
53.42	0.00151
53.43	0.00154
53.44	0.00155
