t(s)	a(g)
0	0.00000
0.01	0.00000
0.02	0.00000
0.03	0.00000
0.04	0.00000
0.05	0.00000
0.06	0.00000
0.07	0.00000
0.08	-0.00215
0.09	-0.00216
0.1	-0.00216
0.11	-0.00216
0.12	-0.00215
0.13	-0.00215
0.14	-0.00215
0.15	-0.00217
0.16	-0.00216
0.17	-0.00218
0.18	-0.00217
0.19	-0.00216
0.2	-0.00217
0.21	-0.00216
0.22	-0.00217
0.23	-0.00216
0.24	-0.00217
0.25	-0.00218
0.26	-0.00220
0.27	-0.00218
0.28	-0.00217
0.29	-0.00217
0.3	-0.00216
0.31	-0.00215
0.32	-0.00214
0.33	-0.00214
0.34	-0.00215
0.35	-0.00216
0.36	-0.00221
0.37	-0.00221
0.38	-0.00223
0.39	-0.00228
0.4	-0.00232
0.41	-0.00235
0.42	-0.00229
0.43	-0.00220
0.44	-0.00211
0.45	-0.00200
0.46	-0.00192
0.47	-0.00188
0.48	-0.00187
0.49	-0.00187
0.5	-0.00184
0.51	-0.00175
0.52	-0.00169
0.53	-0.00169
0.54	-0.00179
0.55	-0.00200
0.56	-0.00235
0.57	-0.00281
0.58	-0.00330
0.59	-0.00376
0.6	-0.00385
0.61	-0.00344
0.62	-0.00247
0.63	-0.00113
0.64	0.00020
0.65	0.00114
0.66	0.00139
0.67	0.00096
0.68	-0.00013
0.69	-0.00163
0.7	-0.00325
0.71	-0.00466
0.72	-0.00541
0.73	-0.00552
0.74	-0.00498
0.75	-0.00403
0.76	-0.00283
0.77	-0.00176
0.78	-0.00097
0.79	-0.00058
0.8	-0.00056
0.81	-0.00080
0.82	-0.00138
0.83	-0.00232
0.84	-0.00388
0.85	-0.00562
0.86	-0.00674
0.87	-0.00631
0.88	-0.00383
0.89	0.00031
0.9	0.00493
0.91	0.00850
0.92	0.00979
0.93	0.00830
0.94	0.00424
0.95	-0.00176
0.96	-0.00862
0.97	-0.01535
0.98	-0.02117
0.99	-0.02536
1	-0.02581
1.01	-0.02078
1.02	-0.01123
1.03	-0.00056
1.04	0.00716
1.05	0.00877
1.06	0.00318
1.07	-0.00872
1.08	-0.02350
1.09	-0.03360
1.1	-0.03229
1.11	-0.01876
1.12	0.00198
1.13	0.02218
1.14	0.03491
1.15	0.03611
1.16	0.02560
1.17	0.00707
1.18	-0.01205
1.19	-0.02317
1.2	-0.01994
1.21	-0.00143
1.22	0.02642
1.23	0.05340
1.24	0.06972
1.25	0.06937
1.26	0.05138
1.27	0.01930
1.28	-0.01874
1.29	-0.04938
1.3	-0.06008
1.31	-0.04752
1.32	-0.01846
1.33	0.01483
1.34	0.04001
1.35	0.04916
1.36	0.04021
1.37	0.01658
1.38	-0.01417
1.39	-0.04175
1.4	-0.05659
1.41	-0.05315
1.42	-0.03247
1.43	-0.00254
1.44	0.02533
1.45	0.04142
1.46	0.04042
1.47	0.02239
1.48	-0.00804
1.49	-0.04225
1.5	-0.06864
1.51	-0.07685
1.52	-0.06174
1.53	-0.02688
1.54	0.01631
1.55	0.05387
1.56	0.07546
1.57	0.07804
1.58	0.06560
1.59	0.04583
1.6	0.02640
1.61	0.01144
1.62	0.00076
1.63	-0.00840
1.64	-0.01784
1.65	-0.02519
1.66	-0.02561
1.67	-0.01703
1.68	-0.00274
1.69	0.01057
1.7	0.01613
1.71	0.00973
1.72	-0.00937
1.73	-0.03691
1.74	-0.06296
1.75	-0.07526
1.76	-0.06516
1.77	-0.03361
1.78	0.00798
1.79	0.04386
1.8	0.06072
1.81	0.05188
1.82	0.01831
1.83	-0.03318
1.84	-0.09048
1.85	-0.13373
1.86	-0.14353
1.87	-0.11507
1.88	-0.05993
1.89	0.00196
1.9	0.05329
1.91	0.08701
1.92	0.10244
1.93	0.10002
1.94	0.08051
1.95	0.04554
1.96	-0.00236
1.97	-0.05611
1.98	-0.09667
1.99	-0.09902
2	-0.05302
2.01	0.02693
2.02	0.11107
2.03	0.16908
2.04	0.18118
2.05	0.14340
2.06	0.06906
2.07	-0.01546
2.08	-0.08183
2.09	-0.11051
2.1	-0.09812
2.11	-0.05731
2.12	-0.00887
2.13	0.02902
2.14	0.04837
2.15	0.05166
2.16	0.04813
2.17	0.04700
2.18	0.05152
2.19	0.05856
2.2	0.06181
2.21	0.05534
2.22	0.03641
2.23	0.00671
2.24	-0.02630
2.25	-0.04769
2.26	-0.04390
2.27	-0.01480
2.28	0.02690
2.29	0.06322
2.3	0.07890
2.31	0.06785
2.32	0.03608
2.33	-0.00312
2.34	-0.03770
2.35	-0.06125
2.36	-0.07322
2.37	-0.07554
2.38	-0.06806
2.39	-0.04853
2.4	-0.01715
2.41	0.01986
2.42	0.05359
2.43	0.07753
2.44	0.08964
2.45	0.09174
2.46	0.08636
2.47	0.07346
2.48	0.05290
2.49	0.03425
2.5	0.03607
2.51	0.06702
2.52	0.11810
2.53	0.16924
2.54	0.19987
2.55	0.19693
2.56	0.15793
2.57	0.08983
2.58	0.00641
2.59	-0.06730
2.6	-0.09859
2.61	-0.07116
2.62	0.00224
2.63	0.08938
2.64	0.15526
2.65	0.17557
2.66	0.14297
2.67	0.06569
2.68	-0.03821
2.69	-0.14344
2.7	-0.21710
2.71	-0.23608
2.72	-0.20077
2.73	-0.13118
2.74	-0.05298
2.75	0.01592
2.76	0.06632
2.77	0.09199
2.78	0.08972
2.79	0.06028
2.8	0.00839
2.81	-0.05854
2.82	-0.13274
2.83	-0.20443
2.84	-0.25320
2.85	-0.25128
2.86	-0.17977
2.87	-0.04975
2.88	0.09770
2.89	0.21218
2.9	0.25507
2.91	0.21210
2.92	0.10000
2.93	-0.03692
2.94	-0.14683
2.95	-0.19391
2.96	-0.17188
2.97	-0.09950
2.98	-0.00694
2.99	0.07739
3	0.13555
3.01	0.16156
3.02	0.15820
3.03	0.13344
3.04	0.09707
3.05	0.05816
3.06	0.02564
3.07	0.00638
3.08	0.00176
3.09	0.00788
3.1	0.01895
3.11	0.03284
3.12	0.04962
3.13	0.06618
3.14	0.07651
3.15	0.07440
3.16	0.05575
3.17	0.02039
3.18	-0.02626
3.19	-0.07426
3.2	-0.11347
3.21	-0.13680
3.22	-0.14086
3.23	-0.12491
3.24	-0.09001
3.25	-0.04018
3.26	0.01511
3.27	0.06298
3.28	0.09236
3.29	0.09745
3.3	0.07921
3.31	0.04765
3.32	0.01996
3.33	0.01330
3.34	0.03763
3.35	0.08890
3.36	0.14718
3.37	0.18656
3.38	0.18677
3.39	0.13966
3.4	0.04997
3.41	-0.06892
3.42	-0.20116
3.43	-0.33350
3.44	-0.44764
3.45	-0.50032
3.46	-0.45601
3.47	-0.32806
3.48	-0.17018
3.49	-0.04652
3.5	-0.00414
3.51	-0.05584
3.52	-0.17494
3.53	-0.31057
3.54	-0.41149
3.55	-0.44472
3.56	-0.40288
3.57	-0.30142
3.58	-0.17112
3.59	-0.04727
3.6	0.04405
3.61	0.09287
3.62	0.10456
3.63	0.09418
3.64	0.07921
3.65	0.07327
3.66	0.08170
3.67	0.10105
3.68	0.12271
3.69	0.13750
3.7	0.13919
3.71	0.12628
3.72	0.10156
3.73	0.07032
3.74	0.03833
3.75	0.01218
3.76	-0.00054
3.77	0.00614
3.78	0.03100
3.79	0.06492
3.8	0.09970
3.81	0.13261
3.82	0.16567
3.83	0.20003
3.84	0.23022
3.85	0.24583
3.86	0.23686
3.87	0.19873
3.88	0.13872
3.89	0.07700
3.9	0.03766
3.91	0.03706
3.92	0.07340
3.93	0.12632
3.94	0.16840
3.95	0.17729
3.96	0.14287
3.97	0.06850
3.98	-0.03296
3.99	-0.14490
4	-0.24839
4.01	-0.32027
4.02	-0.34044
4.03	-0.30256
4.04	-0.21824
4.05	-0.11462
4.06	-0.02492
4.07	0.02455
4.08	0.02275
4.09	-0.02207
4.1	-0.08525
4.11	-0.13692
4.12	-0.15488
4.13	-0.13410
4.14	-0.08600
4.15	-0.02822
4.16	0.02680
4.17	0.07548
4.18	0.12048
4.19	0.16544
4.2	0.20773
4.21	0.23872
4.22	0.24840
4.23	0.23029
4.24	0.18506
4.25	0.12570
4.26	0.07175
4.27	0.03432
4.28	0.01141
4.29	-0.00770
4.3	-0.03532
4.31	-0.07547
4.32	-0.11612
4.33	-0.13758
4.34	-0.13079
4.35	-0.10387
4.36	-0.07523
4.37	-0.06360
4.38	-0.08053
4.39	-0.12306
4.4	-0.16903
4.41	-0.18954
4.42	-0.16994
4.43	-0.11750
4.44	-0.05362
4.45	-0.00240
4.46	0.01895
4.47	0.00595
4.48	-0.03191
4.49	-0.07643
4.5	-0.10928
4.51	-0.11854
4.52	-0.10279
4.53	-0.07199
4.54	-0.04160
4.55	-0.02564
4.56	-0.03062
4.57	-0.05089
4.58	-0.07127
4.59	-0.07520
4.6	-0.05370
4.61	-0.01156
4.62	0.03612
4.63	0.07208
4.64	0.08492
4.65	0.07522
4.66	0.05432
4.67	0.03757
4.68	0.03739
4.69	0.05928
4.7	0.09973
4.71	0.14790
4.72	0.19051
4.73	0.21726
4.74	0.22355
4.75	0.21102
4.76	0.18700
4.77	0.16144
4.78	0.14306
4.79	0.13589
4.8	0.13781
4.81	0.14268
4.82	0.14347
4.83	0.13559
4.84	0.11894
4.85	0.09811
4.86	0.07805
4.87	0.05982
4.88	0.04045
4.89	0.01537
4.9	-0.01852
4.91	-0.05980
4.92	-0.10111
4.93	-0.13147
4.94	-0.14117
4.95	-0.12558
4.96	-0.08803
4.97	-0.04072
4.98	0.00024
4.99	0.02155
5	0.01697
5.01	-0.01154
5.02	-0.05396
5.03	-0.09569
5.04	-0.12356
5.05	-0.13093
5.06	-0.11911
5.07	-0.09326
5.08	-0.05926
5.09	-0.02371
5.1	0.00462
5.11	0.01694
5.12	0.00775
5.13	-0.02209
5.14	-0.06276
5.15	-0.09841
5.16	-0.11424
5.17	-0.10325
5.18	-0.07057
5.19	-0.02989
5.2	0.00326
5.21	0.01825
5.22	0.01469
5.23	0.00164
5.24	-0.01033
5.25	-0.01840
5.26	-0.02779
5.27	-0.04698
5.28	-0.07828
5.29	-0.10739
5.3	-0.11080
5.31	-0.07724
5.32	-0.01676
5.33	0.04728
5.34	0.09047
5.35	0.09710
5.36	0.06380
5.37	-0.00155
5.38	-0.08171
5.39	-0.15173
5.4	-0.18822
5.41	-0.18192
5.42	-0.14281
5.43	-0.09266
5.44	-0.05375
5.45	-0.03666
5.46	-0.03458
5.47	-0.03002
5.48	-0.00592
5.49	0.04076
5.5	0.09558
5.51	0.13601
5.52	0.14513
5.53	0.12191
5.54	0.07980
5.55	0.03812
5.56	0.01363
5.57	0.01463
5.58	0.03790
5.59	0.07063
5.6	0.09786
5.61	0.10902
5.62	0.10136
5.63	0.07985
5.64	0.05376
5.65	0.03325
5.66	0.02690
5.67	0.03902
5.68	0.06625
5.69	0.09653
5.7	0.11472
5.71	0.10914
5.72	0.07566
5.73	0.02063
5.74	-0.03953
5.75	-0.08626
5.76	-0.10871
5.77	-0.10673
5.78	-0.08539
5.79	-0.05036
5.8	-0.00643
5.81	0.04146
5.82	0.08327
5.83	0.10543
5.84	0.09654
5.85	0.05472
5.86	-0.00240
5.87	-0.04273
5.88	-0.04416
5.89	-0.00838
5.9	0.04422
5.91	0.08744
5.92	0.10253
5.93	0.08580
5.94	0.04638
5.95	-0.00199
5.96	-0.04649
5.97	-0.07610
5.98	-0.08288
5.99	-0.06420
6	-0.02298
6.01	0.03125
6.02	0.08165
6.03	0.10984
6.04	0.10355
6.05	0.06208
6.06	-0.00328
6.07	-0.07151
6.08	-0.11521
6.09	-0.11202
6.1	-0.05760
6.11	0.03241
6.12	0.12928
6.13	0.20188
6.14	0.22783
6.15	0.19979
6.16	0.12511
6.17	0.02102
6.18	-0.08562
6.19	-0.16004
6.2	-0.17227
6.21	-0.11542
6.22	-0.01382
6.23	0.08992
6.24	0.15511
6.25	0.15955
6.26	0.10650
6.27	0.01848
6.28	-0.07565
6.29	-0.14988
6.3	-0.18498
6.31	-0.17233
6.32	-0.11515
6.33	-0.02801
6.34	0.06569
6.35	0.14004
6.36	0.17363
6.37	0.15600
6.38	0.08978
6.39	-0.00955
6.4	-0.11730
6.41	-0.20644
6.42	-0.25097
6.43	-0.23556
6.44	-0.16480
6.45	-0.06238
6.46	0.03809
6.47	0.10524
6.48	0.12052
6.49	0.08179
6.5	0.00078
6.51	-0.10092
6.52	-0.19198
6.53	-0.23911
6.54	-0.22224
6.55	-0.14761
6.56	-0.04448
6.57	0.04950
6.58	0.10376
6.59	0.10397
6.6	0.05327
6.61	-0.03163
6.62	-0.12668
6.63	-0.20651
6.64	-0.24940
6.65	-0.24376
6.66	-0.19472
6.67	-0.12341
6.68	-0.05688
6.69	-0.01586
6.7	-0.00247
6.71	0.00065
6.72	0.01393
6.73	0.04158
6.74	0.07060
6.75	0.08077
6.76	0.05674
6.77	0.00058
6.78	-0.06680
6.79	-0.11722
6.8	-0.12791
6.81	-0.09115
6.82	-0.01848
6.83	0.06506
6.84	0.13128
6.85	0.15882
6.86	0.14060
6.87	0.09078
6.88	0.04080
6.89	0.02423
6.9	0.05819
6.91	0.13080
6.92	0.20909
6.93	0.25664
6.94	0.24848
6.95	0.17827
6.96	0.06276
6.97	-0.05693
6.98	-0.13180
6.99	-0.12696
7	-0.04154
7.01	0.09055
7.02	0.21988
7.03	0.30317
7.04	0.31716
7.05	0.26215
7.06	0.15659
7.07	0.03032
7.08	-0.08075
7.09	-0.14510
7.1	-0.14833
7.11	-0.09808
7.12	-0.01780
7.13	0.06167
7.14	0.11174
7.15	0.11507
7.16	0.07134
7.17	-0.00204
7.18	-0.07891
7.19	-0.13450
7.2	-0.15352
7.21	-0.13333
7.22	-0.08369
7.23	-0.02395
7.24	0.02510
7.25	0.05171
7.26	0.05722
7.27	0.05107
7.28	0.04160
7.29	0.03142
7.3	0.01871
7.31	0.00014
7.32	-0.02476
7.33	-0.05220
7.34	-0.07608
7.35	-0.09236
7.36	-0.10318
7.37	-0.11212
7.38	-0.11516
7.39	-0.10232
7.4	-0.06947
7.41	-0.02573
7.42	0.01133
7.43	0.02510
7.44	0.00938
7.45	-0.02803
7.46	-0.07084
7.47	-0.10162
7.48	-0.10717
7.49	-0.08189
7.5	-0.02886
7.51	0.03817
7.52	0.09638
7.53	0.12538
7.54	0.11988
7.55	0.08904
7.56	0.04981
7.57	0.02093
7.58	0.01690
7.59	0.04084
7.6	0.08170
7.61	0.12016
7.62	0.13866
7.63	0.13030
7.64	0.10090
7.65	0.06247
7.66	0.02702
7.67	0.00170
7.68	-0.01453
7.69	-0.02956
7.7	-0.05225
7.71	-0.08281
7.72	-0.10925
7.73	-0.11430
7.74	-0.08435
7.75	-0.01808
7.76	0.06733
7.77	0.14326
7.78	0.18280
7.79	0.17084
7.8	0.10745
7.81	0.00757
7.82	-0.09683
7.83	-0.16669
7.84	-0.17404
7.85	-0.12036
7.86	-0.03568
7.87	0.03908
7.88	0.07200
7.89	0.05567
7.9	0.00616
7.91	-0.04910
7.92	-0.08465
7.93	-0.08538
7.94	-0.04980
7.95	0.00835
7.96	0.06307
7.97	0.09172
7.98	0.08702
7.99	0.05615
8	0.01388
8.01	-0.02448
8.02	-0.04830
8.03	-0.05257
8.04	-0.03733
8.05	-0.00628
8.06	0.03469
8.07	0.07966
8.08	0.12400
8.09	0.16291
8.1	0.18730
8.11	0.18602
8.12	0.15170
8.13	0.08754
8.14	0.01144
8.15	-0.05197
8.16	-0.08423
8.17	-0.08165
8.18	-0.05255
8.19	-0.01063
8.2	0.03083
8.21	0.06120
8.22	0.07328
8.23	0.06466
8.24	0.03815
8.25	0.00260
8.26	-0.03010
8.27	-0.05020
8.28	-0.05420
8.29	-0.04393
8.3	-0.02324
8.31	0.00374
8.32	0.03352
8.33	0.06186
8.34	0.08078
8.35	0.08094
8.36	0.05994
8.37	0.02688
8.38	-0.00442
8.39	-0.02531
8.4	-0.03536
8.41	-0.04009
8.42	-0.04708
8.43	-0.06173
8.44	-0.08282
8.45	-0.10236
8.46	-0.10955
8.47	-0.09658
8.48	-0.06431
8.49	-0.02407
8.5	0.00830
8.51	0.01946
8.52	0.00319
8.53	-0.03724
8.54	-0.08768
8.55	-0.12846
8.56	-0.14274
8.57	-0.12228
8.58	-0.07063
8.59	-0.00372
8.6	0.05694
8.61	0.09294
8.62	0.09503
8.63	0.06454
8.64	0.01048
8.65	-0.05432
8.66	-0.11530
8.67	-0.15702
8.68	-0.16776
8.69	-0.14352
8.7	-0.08934
8.71	-0.02059
8.72	0.04204
8.73	0.08076
8.74	0.08639
8.75	0.06005
8.76	0.01262
8.77	-0.03914
8.78	-0.07939
8.79	-0.09822
8.8	-0.09366
8.81	-0.07049
8.82	-0.03742
8.83	-0.00472
8.84	0.01843
8.85	0.02681
8.86	0.02039
8.87	0.00421
8.88	-0.01477
8.89	-0.03061
8.9	-0.03876
8.91	-0.03635
8.92	-0.02260
8.93	-0.00095
8.94	0.01907
8.95	0.02538
8.96	0.00881
8.97	-0.03178
8.98	-0.08531
8.99	-0.13238
9	-0.15456
9.01	-0.14137
9.02	-0.09379
9.03	-0.02362
9.04	0.05239
9.05	0.11692
9.06	0.15506
9.07	0.15834
9.08	0.12679
9.09	0.07073
9.1	0.01061
9.11	-0.03026
9.12	-0.03796
9.13	-0.01684
9.14	0.01456
9.15	0.03666
9.16	0.04152
9.17	0.03432
9.18	0.02743
9.19	0.03035
9.2	0.03961
9.21	0.04088
9.22	0.02638
9.23	0.01098
9.24	0.01225
9.25	0.02770
9.26	0.03787
9.27	0.02383
9.28	-0.01566
9.29	-0.06433
9.3	-0.09983
9.31	-0.10778
9.32	-0.08809
9.33	-0.05029
9.34	-0.00662
9.35	0.03168
9.36	0.05424
9.37	0.05458
9.38	0.03427
9.39	0.00274
9.4	-0.02737
9.41	-0.04571
9.42	-0.04711
9.43	-0.03284
9.44	-0.01073
9.45	0.00790
9.46	0.01372
9.47	0.00382
9.48	-0.01789
9.49	-0.04391
9.5	-0.06680
9.51	-0.08154
9.52	-0.08605
9.53	-0.08099
9.54	-0.06883
9.55	-0.05286
9.56	-0.03601
9.57	-0.02036
9.58	-0.00659
9.59	0.00547
9.6	0.01553
9.61	0.02134
9.62	0.02088
9.63	0.01585
9.64	0.01126
9.65	0.01122
9.66	0.01404
9.67	0.01301
9.68	0.00236
9.69	-0.01776
9.7	-0.04241
9.71	-0.06524
9.72	-0.08119
9.73	-0.08710
9.74	-0.08225
9.75	-0.06841
9.76	-0.04945
9.77	-0.02932
9.78	-0.01032
9.79	0.00691
9.8	0.02180
9.81	0.03250
9.82	0.03798
9.83	0.04055
9.84	0.04458
9.85	0.05353
9.86	0.06545
9.87	0.07325
9.88	0.06882
9.89	0.04758
9.9	0.01363
9.91	-0.02112
9.92	-0.04297
9.93	-0.04249
9.94	-0.02026
9.95	0.01238
9.96	0.03930
9.97	0.04751
9.98	0.03575
9.99	0.01577
10	0.00476
10.01	0.01690
10.02	0.05520
10.03	0.10979
10.04	0.16415
10.05	0.20279
10.06	0.21646
10.07	0.20270
10.08	0.16510
10.09	0.11077
10.1	0.04818
10.11	-0.01331
10.12	-0.06278
10.13	-0.09088
10.14	-0.09299
10.15	-0.07085
10.16	-0.03304
10.17	0.00708
10.18	0.03656
10.19	0.04723
10.2	0.03746
10.21	0.01199
10.22	-0.01904
10.23	-0.04358
10.24	-0.05250
10.25	-0.04202
10.26	-0.01434
10.27	0.02293
10.28	0.05930
10.29	0.08520
10.3	0.09475
10.31	0.08700
10.32	0.06550
10.33	0.03673
10.34	0.00799
10.35	-0.01534
10.36	-0.03062
10.37	-0.03690
10.38	-0.03374
10.39	-0.02180
10.4	-0.00318
10.41	0.01852
10.42	0.03808
10.43	0.05028
10.44	0.05140
10.45	0.04068
10.46	0.02069
10.47	-0.00268
10.48	-0.02222
10.49	-0.03270
10.5	-0.03374
10.51	-0.02958
10.52	-0.02647
10.53	-0.02980
10.54	-0.04217
10.55	-0.06034
10.56	-0.06988
10.57	-0.05548
10.58	-0.01664
10.59	0.03199
10.6	0.07024
10.61	0.08354
10.62	0.07217
10.63	0.04942
10.64	0.03120
10.65	0.02544
10.66	0.02980
10.67	0.03565
10.68	0.03415
10.69	0.02256
10.7	0.00588
10.71	-0.00696
10.72	-0.00785
10.73	0.00617
10.74	0.02963
10.75	0.05137
10.76	0.06010
10.77	0.04890
10.78	0.01992
10.79	-0.01411
10.8	-0.03562
10.81	-0.03292
10.82	-0.00828
10.83	0.02441
10.84	0.04808
10.85	0.05126
10.86	0.03211
10.87	-0.00319
10.88	-0.04543
10.89	-0.08528
10.9	-0.11365
10.91	-0.12378
10.92	-0.11315
10.93	-0.08519
10.94	-0.04962
10.95	-0.01888
10.96	-0.00320
10.97	-0.00626
10.98	-0.02394
10.99	-0.04742
11	-0.06790
11.01	-0.07973
11.02	-0.08137
11.03	-0.07482
11.04	-0.06403
11.05	-0.05306
11.06	-0.04582
11.07	-0.04555
11.08	-0.05412
11.09	-0.06934
11.1	-0.08150
11.11	-0.08047
11.12	-0.06324
11.13	-0.03434
11.14	-0.00206
11.15	0.02590
11.16	0.04573
11.17	0.05690
11.18	0.05926
11.19	0.05207
11.2	0.03484
11.21	0.00814
11.22	-0.02543
11.23	-0.05888
11.24	-0.08243
11.25	-0.08765
11.26	-0.07078
11.27	-0.03342
11.28	0.01770
11.29	0.07033
11.3	0.11008
11.31	0.12576
11.32	0.11328
11.33	0.07693
11.34	0.03008
11.35	-0.00996
11.36	-0.03126
11.37	-0.03190
11.38	-0.01850
11.39	-0.00145
11.4	0.00968
11.41	0.01036
11.42	0.00232
11.43	-0.00823
11.44	-0.01446
11.45	-0.01201
11.46	-0.00230
11.47	0.00784
11.48	0.00998
11.49	-0.00150
11.5	-0.02525
11.51	-0.05222
11.52	-0.07049
11.53	-0.07078
11.54	-0.05218
11.55	-0.02494
11.56	-0.00504
11.57	-0.00371
11.58	-0.01830
11.59	-0.03514
11.6	-0.04240
11.61	-0.04410
11.62	-0.05396
11.63	-0.07818
11.64	-0.11046
11.65	-0.13730
11.66	-0.14604
11.67	-0.13003
11.68	-0.09026
11.69	-0.03354
11.7	0.03083
11.71	0.09338
11.72	0.14482
11.73	0.17807
11.74	0.19038
11.75	0.18379
11.76	0.16422
11.77	0.14057
11.78	0.12169
11.79	0.11338
11.8	0.11700
11.81	0.12979
11.82	0.14653
11.83	0.16178
11.84	0.17177
11.85	0.17536
11.86	0.17348
11.87	0.16848
11.88	0.16286
11.89	0.15852
11.9	0.15604
11.91	0.15494
11.92	0.15419
11.93	0.15254
11.94	0.14800
11.95	0.13638
11.96	0.11742
11.97	0.09593
11.98	0.07638
11.99	0.05854
12	0.03923
12.01	0.01822
12.02	0.00002
12.03	-0.00914
12.04	-0.00468
12.05	0.01316
12.06	0.03827
12.07	0.06158
12.08	0.07511
12.09	0.07441
12.1	0.05982
12.11	0.03660
12.12	0.01121
12.13	-0.01244
12.14	-0.03379
12.15	-0.05444
12.16	-0.07678
12.17	-0.10270
12.18	-0.13283
12.19	-0.16606
12.2	-0.19806
12.21	-0.22224
12.22	-0.23258
12.23	-0.22626
12.24	-0.20413
12.25	-0.17086
12.26	-0.13658
12.27	-0.11228
12.28	-0.10370
12.29	-0.11032
12.3	-0.12727
12.31	-0.14752
12.32	-0.16403
12.33	-0.17197
12.34	-0.16954
12.35	-0.15810
12.36	-0.14078
12.37	-0.12138
12.38	-0.10304
12.39	-0.08717
12.4	-0.07330
12.41	-0.06010
12.42	-0.04912
12.43	-0.04267
12.44	-0.03872
12.45	-0.03160
12.46	-0.01564
12.47	0.00985
12.48	0.03906
12.49	0.06301
12.5	0.07406
12.51	0.07076
12.52	0.05840
12.53	0.04568
12.54	0.03978
12.55	0.04192
12.56	0.04751
12.57	0.05089
12.58	0.04998
12.59	0.04696
12.6	0.04582
12.61	0.05038
12.62	0.06242
12.63	0.08046
12.64	0.09656
12.65	0.09932
12.66	0.08380
12.67	0.05525
12.68	0.02485
12.69	0.00386
12.7	-0.00307
12.71	-0.00068
12.72	0.00072
12.73	-0.00746
12.74	-0.02502
12.75	-0.04358
12.76	-0.05218
12.77	-0.04526
12.78	-0.02743
12.79	-0.01003
12.8	-0.00505
12.81	-0.01943
12.82	-0.04984
12.83	-0.08329
12.84	-0.10462
12.85	-0.10522
12.86	-0.08606
12.87	-0.05528
12.88	-0.02305
12.89	0.00308
12.9	0.02044
12.91	0.03071
12.92	0.03672
12.93	0.03935
12.94	0.03756
12.95	0.02981
12.96	0.01636
12.97	0.00121
12.98	-0.00978
12.99	-0.01289
13	-0.00826
13.01	0.00095
13.02	0.01032
13.03	0.01626
13.04	0.01723
13.05	0.01367
13.06	0.00719
13.07	-0.00020
13.08	-0.00684
13.09	-0.01073
13.1	-0.00673
13.11	0.00838
13.12	0.02867
13.13	0.04133
13.14	0.03546
13.15	0.01056
13.16	-0.02411
13.17	-0.05545
13.18	-0.07253
13.19	-0.07183
13.2	-0.05814
13.21	-0.04099
13.22	-0.02995
13.23	-0.03084
13.24	-0.04388
13.25	-0.06484
13.26	-0.08750
13.27	-0.10640
13.28	-0.11903
13.29	-0.12612
13.3	-0.13045
13.31	-0.13499
13.32	-0.14110
13.33	-0.14821
13.34	-0.15479
13.35	-0.15865
13.36	-0.15782
13.37	-0.15059
13.38	-0.13525
13.39	-0.11060
13.4	-0.07759
13.41	-0.04148
13.42	-0.00989
13.43	0.01042
13.44	0.01573
13.45	0.00569
13.46	-0.01723
13.47	-0.04645
13.48	-0.07031
13.49	-0.07649
13.5	-0.05705
13.51	-0.01277
13.52	0.04668
13.53	0.10745
13.54	0.15692
13.55	0.18768
13.56	0.19933
13.57	0.19724
13.58	0.18822
13.59	0.17662
13.6	0.16316
13.61	0.14645
13.62	0.12436
13.63	0.09559
13.64	0.06337
13.65	0.03953
13.66	0.03792
13.67	0.06132
13.68	0.09724
13.69	0.12559
13.7	0.12857
13.71	0.09952
13.72	0.04793
13.73	-0.00610
13.74	-0.04206
13.75	-0.04902
13.76	-0.03006
13.77	0.00146
13.78	0.02936
13.79	0.04159
13.8	0.03364
13.81	0.00899
13.82	-0.02287
13.83	-0.05096
13.84	-0.06718
13.85	-0.06870
13.86	-0.05772
13.87	-0.03864
13.88	-0.01616
13.89	0.00544
13.9	0.02294
13.91	0.03472
13.92	0.04088
13.93	0.04291
13.94	0.04198
13.95	0.03721
13.96	0.02753
13.97	0.01458
13.98	0.00324
13.99	-0.00124
14	0.00403
14.01	0.01763
14.02	0.03498
14.03	0.05082
14.04	0.06131
14.05	0.06514
14.06	0.06318
14.07	0.05780
14.08	0.05306
14.09	0.05407
14.1	0.06475
14.11	0.08540
14.12	0.11237
14.13	0.13988
14.14	0.16261
14.15	0.17756
14.16	0.18420
14.17	0.18440
14.18	0.18085
14.19	0.17450
14.2	0.16104
14.21	0.13476
14.22	0.09667
14.23	0.05406
14.24	0.01637
14.25	-0.00900
14.26	-0.01948
14.27	-0.01673
14.28	-0.00451
14.29	0.01248
14.3	0.02884
14.31	0.03977
14.32	0.04249
14.33	0.03755
14.34	0.02952
14.35	0.02419
14.36	0.02544
14.37	0.03370
14.38	0.04495
14.39	0.05347
14.4	0.05494
14.41	0.04783
14.42	0.03337
14.43	0.01447
14.44	-0.00678
14.45	-0.03004
14.46	-0.05372
14.47	-0.07325
14.48	-0.08299
14.49	-0.07891
14.5	-0.06018
14.51	-0.03013
14.52	0.00271
14.53	0.02785
14.54	0.03692
14.55	0.02754
14.56	0.00462
14.57	-0.02310
14.58	-0.04712
14.59	-0.06222
14.6	-0.06769
14.61	-0.06630
14.62	-0.06212
14.63	-0.05867
14.64	-0.05795
14.65	-0.06092
14.66	-0.06697
14.67	-0.07386
14.68	-0.07848
14.69	-0.07849
14.7	-0.07386
14.71	-0.06732
14.72	-0.06313
14.73	-0.06490
14.74	-0.07398
14.75	-0.08833
14.76	-0.10322
14.77	-0.11250
14.78	-0.11088
14.79	-0.09824
14.8	-0.08022
14.81	-0.06488
14.82	-0.05911
14.83	-0.06526
14.84	-0.08018
14.85	-0.09692
14.86	-0.10769
14.87	-0.10632
14.88	-0.08996
14.89	-0.05969
14.9	-0.02203
14.91	0.01271
14.92	0.03469
14.93	0.03892
14.94	0.02669
14.95	0.00350
14.96	-0.02348
14.97	-0.04763
14.98	-0.06457
14.99	-0.07258
15	-0.07204
15.01	-0.06448
15.02	-0.05243
15.03	-0.03922
15.04	-0.02886
15.05	-0.02393
15.06	-0.02369
15.07	-0.02464
15.08	-0.02268
15.09	-0.01484
15.1	-0.00090
15.11	0.01578
15.12	0.02971
15.13	0.03574
15.14	0.03092
15.15	0.01638
15.16	-0.00228
15.17	-0.01822
15.18	-0.02711
15.19	-0.02836
15.2	-0.02436
15.21	-0.01844
15.22	-0.01344
15.23	-0.01166
15.24	-0.01478
15.25	-0.02356
15.26	-0.03773
15.27	-0.05524
15.28	-0.07208
15.29	-0.08380
15.3	-0.08690
15.31	-0.08035
15.32	-0.06520
15.33	-0.04500
15.34	-0.02645
15.35	-0.01657
15.36	-0.02004
15.37	-0.03606
15.38	-0.05771
15.39	-0.07421
15.4	-0.07577
15.41	-0.05761
15.42	-0.02261
15.43	0.02021
15.44	0.06022
15.45	0.08918
15.46	0.10302
15.47	0.10108
15.48	0.08539
15.49	0.06272
15.5	0.04238
15.51	0.03132
15.52	0.03162
15.53	0.04092
15.54	0.05426
15.55	0.06662
15.56	0.07514
15.57	0.08066
15.58	0.08618
15.59	0.09458
15.6	0.10694
15.61	0.12240
15.62	0.13832
15.63	0.15133
15.64	0.15882
15.65	0.15896
15.66	0.15114
15.67	0.13628
15.68	0.11701
15.69	0.09712
15.7	0.07990
15.71	0.06685
15.72	0.05711
15.73	0.04858
15.74	0.03936
15.75	0.02706
15.76	0.00899
15.77	-0.01464
15.78	-0.03967
15.79	-0.06018
15.8	-0.07140
15.81	-0.07294
15.82	-0.07170
15.83	-0.07691
15.84	-0.09356
15.85	-0.11987
15.86	-0.14857
15.87	-0.17231
15.88	-0.18631
15.89	-0.18925
15.9	-0.18335
15.91	-0.17327
15.92	-0.16381
15.93	-0.15833
15.94	-0.15726
15.95	-0.15814
15.96	-0.15742
15.97	-0.15244
15.98	-0.14155
15.99	-0.12412
16	-0.10060
16.01	-0.07272
16.02	-0.04404
16.03	-0.01838
16.04	0.00163
16.05	0.01346
16.06	0.01456
16.07	0.00587
16.08	-0.00820
16.09	-0.02119
16.1	-0.02688
16.11	-0.01997
16.12	0.00202
16.13	0.03576
16.14	0.07333
16.15	0.10592
16.16	0.12755
16.17	0.13729
16.18	0.13862
16.19	0.13720
16.2	0.13812
16.21	0.14366
16.22	0.15193
16.23	0.15835
16.24	0.15802
16.25	0.14837
16.26	0.13007
16.27	0.10626
16.28	0.08096
16.29	0.05861
16.3	0.04345
16.31	0.03834
16.32	0.04315
16.33	0.05502
16.34	0.06967
16.35	0.08260
16.36	0.09101
16.37	0.09325
16.38	0.08783
16.39	0.07400
16.4	0.05386
16.41	0.03238
16.42	0.01537
16.43	0.00716
16.44	0.00928
16.45	0.01978
16.46	0.03304
16.47	0.04202
16.48	0.04097
16.49	0.02773
16.5	0.00542
16.51	-0.01798
16.52	-0.03336
16.53	-0.03474
16.54	-0.02195
16.55	-0.00034
16.56	0.02026
16.57	0.02944
16.58	0.02022
16.59	-0.00732
16.6	-0.04528
16.61	-0.08072
16.62	-0.09917
16.63	-0.09259
16.64	-0.06390
16.65	-0.02383
16.66	0.01474
16.67	0.04232
16.68	0.05564
16.69	0.05710
16.7	0.05233
16.71	0.04748
16.72	0.04645
16.73	0.04956
16.74	0.05454
16.75	0.05802
16.76	0.05651
16.77	0.04650
16.78	0.02862
16.79	0.00859
16.8	-0.00593
16.81	-0.00908
16.82	-0.00032
16.83	0.01522
16.84	0.03036
16.85	0.03937
16.86	0.03934
16.87	0.03016
16.88	0.01363
16.89	-0.00948
16.9	-0.03979
16.91	-0.07548
16.92	-0.11158
16.93	-0.14136
16.94	-0.15834
16.95	-0.15786
16.96	-0.13960
16.97	-0.10781
16.98	-0.07000
16.99	-0.03400
17	-0.00533
17.01	0.01489
17.02	0.02855
17.03	0.03708
17.04	0.04067
17.05	0.03905
17.06	0.03300
17.07	0.02682
17.08	0.02670
17.09	0.03686
17.1	0.05563
17.11	0.07710
17.12	0.09697
17.13	0.11429
17.14	0.12762
17.15	0.13465
17.16	0.13333
17.17	0.12320
17.18	0.10816
17.19	0.09604
17.2	0.09390
17.21	0.10241
17.22	0.11555
17.23	0.12444
17.24	0.12144
17.25	0.10282
17.26	0.06940
17.27	0.02688
17.28	-0.01405
17.29	-0.04160
17.3	-0.04844
17.31	-0.03706
17.32	-0.01900
17.33	-0.00852
17.34	-0.01464
17.35	-0.03620
17.36	-0.06424
17.37	-0.08736
17.38	-0.09697
17.39	-0.09168
17.4	-0.07756
17.41	-0.06416
17.42	-0.05994
17.43	-0.06872
17.44	-0.08839
17.45	-0.11273
17.46	-0.13452
17.47	-0.14834
17.48	-0.15163
17.49	-0.14422
17.5	-0.12840
17.51	-0.10846
17.52	-0.08878
17.53	-0.07260
17.54	-0.06112
17.55	-0.05352
17.56	-0.04741
17.57	-0.04021
17.58	-0.02992
17.59	-0.01586
17.6	0.00125
17.61	0.01973
17.62	0.03725
17.63	0.05188
17.64	0.06206
17.65	0.06756
17.66	0.06992
17.67	0.07254
17.68	0.07896
17.69	0.09092
17.7	0.10722
17.71	0.12443
17.72	0.13686
17.73	0.13684
17.74	0.12092
17.75	0.09350
17.76	0.06368
17.77	0.04086
17.78	0.03050
17.79	0.03146
17.8	0.03712
17.81	0.03928
17.82	0.03287
17.83	0.01882
17.84	0.00289
17.85	-0.00811
17.86	-0.00974
17.87	-0.00245
17.88	0.00899
17.89	0.01865
17.9	0.02188
17.91	0.01690
17.92	0.00452
17.93	-0.01314
17.94	-0.03284
17.95	-0.05086
17.96	-0.06455
17.97	-0.07346
17.98	-0.07859
17.99	-0.08148
18	-0.08340
18.01	-0.08458
18.02	-0.08496
18.03	-0.08599
18.04	-0.09092
18.05	-0.10301
18.06	-0.12236
18.07	-0.14446
18.08	-0.16213
18.09	-0.16938
18.1	-0.16516
18.11	-0.15500
18.12	-0.14749
18.13	-0.14963
18.14	-0.16222
18.15	-0.18016
18.16	-0.19678
18.17	-0.20683
18.18	-0.20858
18.19	-0.20441
18.2	-0.19876
18.21	-0.19553
18.22	-0.19399
18.23	-0.18956
18.24	-0.17855
18.25	-0.16181
18.26	-0.14314
18.27	-0.12700
18.28	-0.11624
18.29	-0.11000
18.3	-0.10404
18.31	-0.09331
18.32	-0.07501
18.33	-0.04925
18.34	-0.01774
18.35	0.01682
18.36	0.05184
18.37	0.08633
18.38	0.11725
18.39	0.13817
18.4	0.14248
18.41	0.12817
18.42	0.10052
18.43	0.07004
18.44	0.04728
18.45	0.03869
18.46	0.04538
18.47	0.06341
18.48	0.08570
18.49	0.10456
18.5	0.11416
18.51	0.11263
18.52	0.10194
18.53	0.08604
18.54	0.06952
18.55	0.05627
18.56	0.04806
18.57	0.04436
18.58	0.04316
18.59	0.04212
18.6	0.03996
18.61	0.03655
18.62	0.03286
18.63	0.02987
18.64	0.02806
18.65	0.02725
18.66	0.02724
18.67	0.02771
18.68	0.02857
18.69	0.02933
18.7	0.02732
18.71	0.01861
18.72	0.00388
18.73	-0.00985
18.74	-0.01325
18.75	-0.00056
18.76	0.02634
18.77	0.06037
18.78	0.09300
18.79	0.11668
18.8	0.12650
18.81	0.12228
18.82	0.11093
18.83	0.10469
18.84	0.11515
18.85	0.14536
18.86	0.18686
18.87	0.22468
18.88	0.24538
18.89	0.24403
18.9	0.22508
18.91	0.19834
18.92	0.17416
18.93	0.15953
18.94	0.15559
18.95	0.15713
18.96	0.15566
18.97	0.14360
18.98	0.11837
18.99	0.08423
19	0.04949
19.01	0.02240
19.02	0.00815
19.03	0.00722
19.04	0.01513
19.05	0.02378
19.06	0.02558
19.07	0.01604
19.08	-0.00514
19.09	-0.03468
19.1	-0.06656
19.11	-0.09466
19.12	-0.11488
19.13	-0.12613
19.14	-0.12871
19.15	-0.12325
19.16	-0.11048
19.17	-0.09268
19.18	-0.07499
19.19	-0.06341
19.2	-0.06247
19.21	-0.07363
19.22	-0.09497
19.23	-0.12119
19.24	-0.14501
19.25	-0.15990
19.26	-0.16285
19.27	-0.15487
19.28	-0.13979
19.29	-0.12218
19.3	-0.10601
19.31	-0.09398
19.32	-0.08765
19.33	-0.08694
19.34	-0.09048
19.35	-0.09527
19.36	-0.09704
19.37	-0.09203
19.38	-0.07830
19.39	-0.05640
19.4	-0.03022
19.41	-0.00666
19.42	0.00732
19.43	0.00865
19.44	0.00096
19.45	-0.00751
19.46	-0.00803
19.47	0.00497
19.48	0.03086
19.49	0.06234
19.5	0.08903
19.51	0.10224
19.52	0.09798
19.53	0.07830
19.54	0.05098
19.55	0.02585
19.56	0.01063
19.57	0.00848
19.58	0.01763
19.59	0.03317
19.6	0.04957
19.61	0.06277
19.62	0.07085
19.63	0.07391
19.64	0.07290
19.65	0.06944
19.66	0.06512
19.67	0.06251
19.68	0.06437
19.69	0.07246
19.7	0.08538
19.71	0.09818
19.72	0.10476
19.73	0.10177
19.74	0.09037
19.75	0.07505
19.76	0.06065
19.77	0.04932
19.78	0.04036
19.79	0.03162
19.8	0.02078
19.81	0.00620
19.82	-0.01169
19.83	-0.03035
19.84	-0.04618
19.85	-0.05634
19.86	-0.06016
19.87	-0.06019
19.88	-0.06103
19.89	-0.06660
19.9	-0.07771
19.91	-0.09203
19.92	-0.10540
19.93	-0.11434
19.94	-0.11806
19.95	-0.11842
19.96	-0.11848
19.97	-0.12083
19.98	-0.12560
19.99	-0.13034
20	-0.13147
20.01	-0.12599
20.02	-0.11288
20.03	-0.09378
20.04	-0.07228
20.05	-0.05219
20.06	-0.03617
20.07	-0.02519
20.08	-0.01836
20.09	-0.01328
20.1	-0.00769
20.11	-0.00065
20.12	0.00779
20.13	0.01742
20.14	0.02863
20.15	0.04201
20.16	0.05766
20.17	0.07454
20.18	0.09072
20.19	0.10406
20.2	0.11356
20.21	0.11916
20.22	0.12197
20.23	0.12301
20.24	0.12299
20.25	0.12221
20.26	0.12037
20.27	0.11678
20.28	0.11058
20.29	0.10114
20.3	0.08842
20.31	0.07318
20.32	0.05669
20.33	0.04045
20.34	0.02581
20.35	0.01379
20.36	0.00464
20.37	-0.00178
20.38	-0.00598
20.39	-0.00865
20.4	-0.01039
20.41	-0.01213
20.42	-0.01532
20.43	-0.02149
20.44	-0.03086
20.45	-0.04164
20.46	-0.05117
20.47	-0.05677
20.48	-0.05650
20.49	-0.04934
20.5	-0.03600
20.51	-0.01880
20.52	-0.00106
20.53	0.01424
20.54	0.02540
20.55	0.03176
20.56	0.03365
20.57	0.03229
20.58	0.02977
20.59	0.02813
20.6	0.02857
20.61	0.03056
20.62	0.03202
20.63	0.03034
20.64	0.02281
20.65	0.00716
20.66	-0.01529
20.67	-0.03950
20.68	-0.05923
20.69	-0.07012
20.7	-0.07196
20.71	-0.06820
20.72	-0.06356
20.73	-0.06241
20.74	-0.06754
20.75	-0.07867
20.76	-0.09236
20.77	-0.10415
20.78	-0.11045
20.79	-0.11071
20.8	-0.10776
20.81	-0.10606
20.82	-0.10889
20.83	-0.11558
20.84	-0.12290
20.85	-0.12774
20.86	-0.12746
20.87	-0.11954
20.88	-0.10414
20.89	-0.08503
20.9	-0.06763
20.91	-0.05646
20.92	-0.05323
20.93	-0.05572
20.94	-0.05927
20.95	-0.05923
20.96	-0.05322
20.97	-0.04177
20.98	-0.02700
20.99	-0.01120
21	0.00280
21.01	0.01286
21.02	0.01860
21.03	0.02138
21.04	0.02360
21.05	0.02753
21.06	0.03415
21.07	0.04232
21.08	0.05087
21.09	0.05987
21.1	0.07058
21.11	0.08425
21.12	0.10153
21.13	0.12155
21.14	0.13998
21.15	0.15157
21.16	0.15368
21.17	0.14716
21.18	0.13457
21.19	0.11818
21.2	0.10132
21.21	0.08794
21.22	0.08120
21.23	0.08255
21.24	0.09106
21.25	0.10391
21.26	0.11659
21.27	0.12462
21.28	0.12514
21.29	0.11765
21.3	0.10398
21.31	0.08753
21.32	0.07157
21.33	0.05844
21.34	0.04901
21.35	0.04277
21.36	0.03864
21.37	0.03533
21.38	0.03144
21.39	0.02502
21.4	0.01427
21.41	-0.00175
21.42	-0.02257
21.43	-0.04540
21.44	-0.06582
21.45	-0.07938
21.46	-0.08384
21.47	-0.08029
21.48	-0.07286
21.49	-0.06649
21.5	-0.06502
21.51	-0.06940
21.52	-0.07694
21.53	-0.08308
21.54	-0.08341
21.55	-0.07550
21.56	-0.05974
21.57	-0.03961
21.58	-0.02018
21.59	-0.00547
21.6	0.00313
21.61	0.00695
21.62	0.00877
21.63	0.01092
21.64	0.01480
21.65	0.02048
21.66	0.02711
21.67	0.03306
21.68	0.03682
21.69	0.03738
21.7	0.03484
21.71	0.03061
21.72	0.02695
21.73	0.02498
21.74	0.02416
21.75	0.02272
21.76	0.01960
21.77	0.01565
21.78	0.01304
21.79	0.01322
21.8	0.01663
21.81	0.02272
21.82	0.03042
21.83	0.03848
21.84	0.04516
21.85	0.04920
21.86	0.05044
21.87	0.04988
21.88	0.04894
21.89	0.04896
21.9	0.05058
21.91	0.05344
21.92	0.05598
21.93	0.05636
21.94	0.05316
21.95	0.04596
21.96	0.03568
21.97	0.02462
21.98	0.01549
21.99	0.01037
22	0.01000
22.01	0.01386
22.02	0.02016
22.03	0.02648
22.04	0.03020
22.05	0.02972
22.06	0.02524
22.07	0.01850
22.08	0.01116
22.09	0.00324
22.1	-0.00638
22.11	-0.01921
22.12	-0.03596
22.13	-0.05576
22.14	-0.07523
22.15	-0.09007
22.16	-0.09683
22.17	-0.09430
22.18	-0.08395
22.19	-0.06991
22.2	-0.05731
22.21	-0.05032
22.22	-0.05066
22.23	-0.05713
22.24	-0.06602
22.25	-0.07290
22.26	-0.07444
22.27	-0.06932
22.28	-0.05854
22.29	-0.04553
22.3	-0.03434
22.31	-0.02698
22.32	-0.02287
22.33	-0.02006
22.34	-0.01642
22.35	-0.01172
22.36	-0.00798
22.37	-0.00811
22.38	-0.01435
22.39	-0.02720
22.4	-0.04486
22.41	-0.06433
22.42	-0.08227
22.43	-0.09527
22.44	-0.10034
22.45	-0.09594
22.46	-0.08353
22.47	-0.06746
22.48	-0.05256
22.49	-0.04174
22.5	-0.03553
22.51	-0.03312
22.52	-0.03314
22.53	-0.03431
22.54	-0.03526
22.55	-0.03474
22.56	-0.03176
22.57	-0.02594
22.58	-0.01783
22.59	-0.00888
22.6	-0.00064
22.61	0.00595
22.62	0.01133
22.63	0.01697
22.64	0.02418
22.65	0.03251
22.66	0.03994
22.67	0.04414
22.68	0.04344
22.69	0.03712
22.7	0.02513
22.71	0.00828
22.72	-0.01126
22.73	-0.02904
22.74	-0.04038
22.75	-0.04272
22.76	-0.03670
22.77	-0.02543
22.78	-0.01300
22.79	-0.00269
22.8	0.00412
22.81	0.00775
22.82	0.00941
22.83	0.01052
22.84	0.01217
22.85	0.01495
22.86	0.01883
22.87	0.02300
22.88	0.02653
22.89	0.02891
22.9	0.03008
22.91	0.03046
22.92	0.03026
22.93	0.02954
22.94	0.02813
22.95	0.02575
22.96	0.02179
22.97	0.01638
22.98	0.01096
22.99	0.00757
23	0.00800
23.01	0.01253
23.02	0.01967
23.03	0.02688
23.04	0.03178
23.05	0.03307
23.06	0.03116
23.07	0.02766
23.08	0.02455
23.09	0.02338
23.1	0.02398
23.11	0.02430
23.12	0.02255
23.13	0.01913
23.14	0.01566
23.15	0.01294
23.16	0.01042
23.17	0.00683
23.18	0.00071
23.19	-0.00796
23.2	-0.01823
23.21	-0.02887
23.22	-0.03822
23.23	-0.04386
23.24	-0.04369
23.25	-0.03678
23.26	-0.02363
23.27	-0.00625
23.28	0.01243
23.29	0.02987
23.3	0.04433
23.31	0.05431
23.32	0.05818
23.33	0.05518
23.34	0.04654
23.35	0.03530
23.36	0.02513
23.37	0.01898
23.38	0.01811
23.39	0.02082
23.4	0.02366
23.41	0.02341
23.42	0.01808
23.43	0.00808
23.44	-0.00367
23.45	-0.01379
23.46	-0.02051
23.47	-0.02412
23.48	-0.02665
23.49	-0.03060
23.5	-0.03628
23.51	-0.04111
23.52	-0.04110
23.53	-0.03311
23.54	-0.01620
23.55	0.00695
23.56	0.03052
23.57	0.04741
23.58	0.05214
23.59	0.04333
23.6	0.02504
23.61	0.00484
23.62	-0.00991
23.63	-0.01448
23.64	-0.00827
23.65	0.00467
23.66	0.01746
23.67	0.02368
23.68	0.01948
23.69	0.00462
23.7	-0.01739
23.71	-0.03994
23.72	-0.05616
23.73	-0.06234
23.74	-0.05903
23.75	-0.04985
23.76	-0.03904
23.77	-0.02965
23.78	-0.02323
23.79	-0.01964
23.8	-0.01739
23.81	-0.01390
23.82	-0.00818
23.83	-0.00206
23.84	0.00246
23.85	0.00523
23.86	0.00778
23.87	0.01226
23.88	0.02039
23.89	0.03216
23.9	0.04452
23.91	0.05238
23.92	0.05117
23.93	0.03866
23.94	0.01669
23.95	-0.00874
23.96	-0.03020
23.97	-0.04234
23.98	-0.04368
23.99	-0.03643
24	-0.02485
24.01	-0.01325
24.02	-0.00487
24.03	-0.00079
24.04	-0.00008
24.05	-0.00062
24.06	-0.00050
24.07	0.00139
24.08	0.00524
24.09	0.01025
24.1	0.01525
24.11	0.01919
24.12	0.02147
24.13	0.02194
24.14	0.02044
24.15	0.01716
24.16	0.01282
24.17	0.00858
24.18	0.00488
24.19	0.00139
24.2	-0.00294
24.21	-0.00896
24.22	-0.01709
24.23	-0.02700
24.24	-0.03790
24.25	-0.04874
24.26	-0.05840
24.27	-0.06545
24.28	-0.06860
24.29	-0.06707
24.3	-0.06067
24.31	-0.04988
24.32	-0.03562
24.33	-0.01921
24.34	-0.00215
24.35	0.01345
24.36	0.02512
24.37	0.03130
24.38	0.03263
24.39	0.03132
24.4	0.03010
24.41	0.03103
24.42	0.03510
24.43	0.04147
24.44	0.04798
24.45	0.05228
24.46	0.05286
24.47	0.04894
24.48	0.04031
24.49	0.02724
24.5	0.01093
24.51	-0.00653
24.52	-0.02300
24.53	-0.03677
24.54	-0.04585
24.55	-0.04810
24.56	-0.04219
24.57	-0.02830
24.58	-0.00834
24.59	0.01387
24.6	0.03319
24.61	0.04480
24.62	0.04664
24.63	0.04037
24.64	0.02965
24.65	0.01823
24.66	0.00892
24.67	0.00318
24.68	0.00128
24.69	0.00218
24.7	0.00364
24.71	0.00317
24.72	-0.00053
24.73	-0.00755
24.74	-0.01753
24.75	-0.02960
24.76	-0.04139
24.77	-0.04946
24.78	-0.05081
24.79	-0.04397
24.8	-0.02939
24.81	-0.00973
24.82	0.01128
24.83	0.02987
24.84	0.04360
24.85	0.05158
24.86	0.05467
24.87	0.05436
24.88	0.05203
24.89	0.04801
24.9	0.04202
24.91	0.03372
24.92	0.02299
24.93	0.01069
24.94	-0.00029
24.95	-0.00642
24.96	-0.00502
24.97	0.00386
24.98	0.01566
24.99	0.02486
25	0.02803
25.01	0.02461
25.02	0.01654
25.03	0.00690
25.04	-0.00092
25.05	-0.00486
25.06	-0.00424
25.07	0.00042
25.08	0.00802
25.09	0.01714
25.1	0.02617
25.11	0.03418
25.12	0.04008
25.13	0.04286
25.14	0.04193
25.15	0.03740
25.16	0.02944
25.17	0.01862
25.18	0.00641
25.19	-0.00529
25.2	-0.01495
25.21	-0.02250
25.22	-0.02924
25.23	-0.03708
25.24	-0.04764
25.25	-0.06062
25.26	-0.07330
25.27	-0.08102
25.28	-0.08005
25.29	-0.06980
25.3	-0.05312
25.31	-0.03432
25.32	-0.01724
25.33	-0.00415
25.34	0.00437
25.35	0.00942
25.36	0.01315
25.37	0.01661
25.38	0.01898
25.39	0.01903
25.4	0.01704
25.41	0.01440
25.42	0.01304
25.43	0.01444
25.44	0.01874
25.45	0.02464
25.46	0.03004
25.47	0.03275
25.48	0.03137
25.49	0.02578
25.5	0.01798
25.51	0.01099
25.52	0.00758
25.53	0.00931
25.54	0.01577
25.55	0.02470
25.56	0.03292
25.57	0.03802
25.58	0.03914
25.59	0.03715
25.6	0.03394
25.61	0.03095
25.62	0.02792
25.63	0.02318
25.64	0.01492
25.65	0.00276
25.66	-0.01147
25.67	-0.02430
25.68	-0.03286
25.69	-0.03682
25.7	-0.03802
25.71	-0.03914
25.72	-0.04073
25.73	-0.04099
25.74	-0.03832
25.75	-0.03206
25.76	-0.02204
25.77	-0.00889
25.78	0.00600
25.79	0.01975
25.8	0.02879
25.81	0.03096
25.82	0.02585
25.83	0.01530
25.84	0.00515
25.85	0.00335
25.86	0.01298
25.87	0.03118
25.88	0.05057
25.89	0.06282
25.9	0.06187
25.91	0.04567
25.92	0.01625
25.93	-0.02161
25.94	-0.06109
25.95	-0.09325
25.96	-0.10958
25.97	-0.10580
25.98	-0.08504
25.99	-0.05578
26	-0.02707
26.01	-0.00535
26.02	0.00685
26.03	0.00990
26.04	0.00636
26.05	-0.00005
26.06	-0.00593
26.07	-0.00878
26.08	-0.00762
26.09	-0.00247
26.1	0.00562
26.11	0.01504
26.12	0.02416
26.13	0.03098
26.14	0.03361
26.15	0.03146
26.16	0.02570
26.17	0.01763
26.18	0.00815
26.19	-0.00199
26.2	-0.01118
26.21	-0.01817
26.22	-0.02192
26.23	-0.02189
26.24	-0.01819
26.25	-0.01145
26.26	-0.00294
26.27	0.00508
26.28	0.01036
26.29	0.01142
26.3	0.00883
26.31	0.00467
26.32	0.00150
26.33	0.00124
26.34	0.00370
26.35	0.00643
26.36	0.00708
26.37	0.00493
26.38	0.00029
26.39	-0.00625
26.4	-0.01435
26.41	-0.02393
26.42	-0.03467
26.43	-0.04549
26.44	-0.05438
26.45	-0.05927
26.46	-0.05900
26.47	-0.05363
26.48	-0.04426
26.49	-0.03260
26.5	-0.02042
26.51	-0.00943
26.52	-0.00050
26.53	0.00785
26.54	0.01778
26.55	0.02918
26.56	0.03972
26.57	0.04649
26.58	0.04783
26.59	0.04478
26.6	0.03997
26.61	0.03665
26.62	0.03706
26.63	0.04174
26.64	0.04868
26.65	0.05417
26.66	0.05488
26.67	0.04933
26.68	0.03828
26.69	0.02434
26.7	0.01044
26.71	-0.00220
26.72	-0.01375
26.73	-0.02431
26.74	-0.03371
26.75	-0.04253
26.76	-0.05152
26.77	-0.05981
26.78	-0.06485
26.79	-0.06370
26.8	-0.05513
26.81	-0.04129
26.82	-0.02704
26.83	-0.01730
26.84	-0.01511
26.85	-0.01970
26.86	-0.02686
26.87	-0.03136
26.88	-0.02934
26.89	-0.01994
26.9	-0.00593
26.91	0.00851
26.92	0.01912
26.93	0.02275
26.94	0.01906
26.95	0.01038
26.96	0.00082
26.97	-0.00600
26.98	-0.00860
26.99	-0.00850
27	-0.00875
27.01	-0.01218
27.02	-0.01961
27.03	-0.02916
27.04	-0.03726
27.05	-0.04073
27.06	-0.03770
27.07	-0.02796
27.08	-0.01286
27.09	0.00534
27.1	0.02365
27.11	0.03929
27.12	0.05075
27.13	0.05779
27.14	0.06085
27.15	0.06072
27.16	0.05816
27.17	0.05366
27.18	0.04733
27.19	0.03890
27.2	0.02783
27.21	0.01398
27.22	-0.00118
27.23	-0.01513
27.24	-0.02568
27.25	-0.03217
27.26	-0.03522
27.27	-0.03630
27.28	-0.03643
27.29	-0.03574
27.3	-0.03365
27.31	-0.02960
27.32	-0.02360
27.33	-0.01620
27.34	-0.00854
27.35	-0.00224
27.36	0.00133
27.37	0.00223
27.38	0.00199
27.39	0.00256
27.4	0.00559
27.41	0.01184
27.42	0.02066
27.43	0.02987
27.44	0.03659
27.45	0.03857
27.46	0.03503
27.47	0.02665
27.48	0.01542
27.49	0.00367
27.5	-0.00602
27.51	-0.01202
27.52	-0.01372
27.53	-0.01166
27.54	-0.00722
27.55	-0.00179
27.56	0.00337
27.57	0.00733
27.58	0.00936
27.59	0.00914
27.6	0.00685
27.61	0.00296
27.62	-0.00184
27.63	-0.00672
27.64	-0.01056
27.65	-0.01205
27.66	-0.01045
27.67	-0.00565
27.68	0.00158
27.69	0.00953
27.7	0.01606
27.71	0.01942
27.72	0.01933
27.73	0.01709
27.74	0.01463
27.75	0.01373
27.76	0.01552
27.77	0.01992
27.78	0.02576
27.79	0.03102
27.8	0.03365
27.81	0.03251
27.82	0.02770
27.83	0.02034
27.84	0.01210
27.85	0.00458
27.86	-0.00127
27.87	-0.00530
27.88	-0.00784
27.89	-0.00965
27.9	-0.01144
27.91	-0.01368
27.92	-0.01637
27.93	-0.01880
27.94	-0.02022
27.95	-0.02040
27.96	-0.02009
27.97	-0.02052
27.98	-0.02275
27.99	-0.02714
28	-0.03278
28.01	-0.03791
28.02	-0.04062
28.03	-0.04008
28.04	-0.03649
28.05	-0.03103
28.06	-0.02502
28.07	-0.01932
28.08	-0.01441
28.09	-0.01039
28.1	-0.00744
28.11	-0.00566
28.12	-0.00520
28.13	-0.00589
28.14	-0.00739
28.15	-0.00884
28.16	-0.00950
28.17	-0.00851
28.18	-0.00528
28.19	0.00026
28.2	0.00744
28.21	0.01465
28.22	0.02022
28.23	0.02276
28.24	0.02160
28.25	0.01718
28.26	0.01105
28.27	0.00505
28.28	0.00067
28.29	-0.00144
28.3	-0.00150
28.31	-0.00054
28.32	0.00019
28.33	-0.00052
28.34	-0.00352
28.35	-0.00899
28.36	-0.01585
28.37	-0.02196
28.38	-0.02526
28.39	-0.02438
28.4	-0.01916
28.41	-0.01062
28.42	-0.00084
28.43	0.00797
28.44	0.01406
28.45	0.01679
28.46	0.01648
28.47	0.01414
28.48	0.01103
28.49	0.00796
28.5	0.00551
28.51	0.00367
28.52	0.00209
28.53	0.00002
28.54	-0.00358
28.55	-0.00937
28.56	-0.01710
28.57	-0.02485
28.58	-0.02989
28.59	-0.02999
28.6	-0.02416
28.61	-0.01295
28.62	0.00158
28.63	0.01613
28.64	0.02748
28.65	0.03337
28.66	0.03344
28.67	0.02869
28.68	0.02126
28.69	0.01336
28.7	0.00659
28.71	0.00185
28.72	-0.00055
28.73	-0.00080
28.74	0.00048
28.75	0.00232
28.76	0.00368
28.77	0.00383
28.78	0.00253
28.79	-0.00004
28.8	-0.00320
28.81	-0.00605
28.82	-0.00766
28.83	-0.00744
28.84	-0.00541
28.85	-0.00232
28.86	0.00048
28.87	0.00156
28.88	0.00002
28.89	-0.00421
28.9	-0.01042
28.91	-0.01687
28.92	-0.02177
28.93	-0.02340
28.94	-0.02092
28.95	-0.01456
28.96	-0.00596
28.97	0.00274
28.98	0.00971
28.99	0.01421
29	0.01637
29.01	0.01703
29.02	0.01693
29.03	0.01668
29.04	0.01676
29.05	0.01739
29.06	0.01842
29.07	0.01907
29.08	0.01829
29.09	0.01542
29.1	0.01086
29.11	0.00578
29.12	0.00155
29.13	-0.00092
29.14	-0.00173
29.15	-0.00174
29.16	-0.00212
29.17	-0.00366
29.18	-0.00636
29.19	-0.00958
29.2	-0.01249
29.21	-0.01468
29.22	-0.01628
29.23	-0.01776
29.24	-0.01885
29.25	-0.01910
29.26	-0.01790
29.27	-0.01484
29.28	-0.01007
29.29	-0.00418
29.3	0.00151
29.31	0.00586
29.32	0.00823
29.33	0.00887
29.34	0.00872
29.35	0.00880
29.36	0.00907
29.37	0.00864
29.38	0.00614
29.39	0.00104
29.4	-0.00574
29.41	-0.01212
29.42	-0.01598
29.43	-0.01602
29.44	-0.01237
29.45	-0.00662
29.46	-0.00095
29.47	0.00313
29.48	0.00511
29.49	0.00553
29.5	0.00536
29.51	0.00554
29.52	0.00659
29.53	0.00839
29.54	0.01057
29.55	0.01260
29.56	0.01416
29.57	0.01526
29.58	0.01616
29.59	0.01722
29.6	0.01847
29.61	0.01967
29.62	0.02035
29.63	0.02015
29.64	0.01901
29.65	0.01733
29.66	0.01552
29.67	0.01396
29.68	0.01273
29.69	0.01159
29.7	0.01009
29.71	0.00791
29.72	0.00499
29.73	0.00181
29.74	-0.00083
29.75	-0.00224
29.76	-0.00202
29.77	-0.00028
29.78	0.00234
29.79	0.00479
29.8	0.00618
29.81	0.00601
29.82	0.00430
29.83	0.00151
29.84	-0.00143
29.85	-0.00361
29.86	-0.00440
29.87	-0.00367
29.88	-0.00168
29.89	0.00086
29.9	0.00301
29.91	0.00394
29.92	0.00325
29.93	0.00102
29.94	-0.00215
29.95	-0.00527
29.96	-0.00725
29.97	-0.00743
29.98	-0.00564
29.99	-0.00238
30	0.00132
30.01	0.00402
30.02	0.00462
30.03	0.00294
30.04	-0.00016
30.05	-0.00322
30.06	-0.00492
30.07	-0.00467
30.08	-0.00272
30.09	0.00012
30.1	0.00286
30.11	0.00478
30.12	0.00563
30.13	0.00575
30.14	0.00564
30.15	0.00575
30.16	0.00617
30.17	0.00638
30.18	0.00559
30.19	0.00331
30.2	-0.00049
30.21	-0.00522
30.22	-0.00997
30.23	-0.01408
30.24	-0.01721
30.25	-0.01955
30.26	-0.02153
30.27	-0.02328
30.28	-0.02456
30.29	-0.02496
30.3	-0.02394
30.31	-0.02110
30.32	-0.01633
30.33	-0.01013
30.34	-0.00348
30.35	0.00251
30.36	0.00701
30.37	0.00967
30.38	0.01069
30.39	0.01060
30.4	0.01006
30.41	0.00958
30.42	0.00952
30.43	0.00996
30.44	0.01097
30.45	0.01268
30.46	0.01505
30.47	0.01764
30.48	0.01945
30.49	0.01968
30.5	0.01794
30.51	0.01435
30.52	0.00985
30.53	0.00562
30.54	0.00271
30.55	0.00169
30.56	0.00242
30.57	0.00402
30.58	0.00521
30.59	0.00500
30.6	0.00323
30.61	0.00074
30.62	-0.00125
30.63	-0.00170
30.64	-0.00029
30.65	0.00258
30.66	0.00610
30.67	0.00960
30.68	0.01247
30.69	0.01421
30.7	0.01420
30.71	0.01193
30.72	0.00757
30.73	0.00194
30.74	-0.00370
30.75	-0.00821
30.76	-0.01100
30.77	-0.01228
30.78	-0.01261
30.79	-0.01279
30.8	-0.01333
30.81	-0.01454
30.82	-0.01567
30.83	-0.01590
30.84	-0.01447
30.85	-0.01098
30.86	-0.00578
30.87	0.00019
30.88	0.00571
30.89	0.00984
30.9	0.01207
30.91	0.01274
30.92	0.01240
30.93	0.01202
30.94	0.01248
30.95	0.01450
30.96	0.01828
30.97	0.02372
30.98	0.03006
30.99	0.03598
31	0.04008
31.01	0.04157
31.02	0.04037
31.03	0.03715
31.04	0.03284
31.05	0.02808
31.06	0.02302
31.07	0.01748
31.08	0.01139
31.09	0.00520
31.1	-0.00026
31.11	-0.00425
31.12	-0.00648
31.13	-0.00736
31.14	-0.00769
31.15	-0.00826
31.16	-0.00968
31.17	-0.01208
31.18	-0.01531
31.19	-0.01874
31.2	-0.02159
31.21	-0.02323
31.22	-0.02334
31.23	-0.02207
31.24	-0.01994
31.25	-0.01752
31.26	-0.01537
31.27	-0.01380
31.28	-0.01288
31.29	-0.01243
31.3	-0.01222
31.31	-0.01196
31.32	-0.01129
31.33	-0.00968
31.34	-0.00662
31.35	-0.00210
31.36	0.00349
31.37	0.00929
31.38	0.01456
31.39	0.01879
31.4	0.02190
31.41	0.02389
31.42	0.02458
31.43	0.02364
31.44	0.02082
31.45	0.01613
31.46	0.00992
31.47	0.00300
31.48	-0.00340
31.49	-0.00818
31.5	-0.01075
31.51	-0.01105
31.52	-0.00953
31.53	-0.00692
31.54	-0.00389
31.55	-0.00090
31.56	0.00174
31.57	0.00396
31.58	0.00548
31.59	0.00623
31.6	0.00608
31.61	0.00512
31.62	0.00367
31.63	0.00245
31.64	0.00238
31.65	0.00404
31.66	0.00718
31.67	0.01048
31.68	0.01260
31.69	0.01238
31.7	0.00959
31.71	0.00476
31.72	-0.00083
31.73	-0.00588
31.74	-0.00947
31.75	-0.01133
31.76	-0.01178
31.77	-0.01157
31.78	-0.01163
31.79	-0.01260
31.8	-0.01460
31.81	-0.01750
31.82	-0.02081
31.83	-0.02406
31.84	-0.02689
31.85	-0.02893
31.86	-0.02980
31.87	-0.02933
31.88	-0.02765
31.89	-0.02519
31.9	-0.02256
31.91	-0.02039
31.92	-0.01904
31.93	-0.01855
31.94	-0.01836
31.95	-0.01745
31.96	-0.01490
31.97	-0.01018
31.98	-0.00378
31.99	0.00293
32	0.00832
32.01	0.01129
32.02	0.01158
32.03	0.00991
32.04	0.00750
32.05	0.00565
32.06	0.00494
32.07	0.00533
32.08	0.00596
32.09	0.00589
32.1	0.00446
32.11	0.00150
32.12	-0.00245
32.13	-0.00631
32.14	-0.00888
32.15	-0.00947
32.16	-0.00787
32.17	-0.00457
32.18	-0.00026
32.19	0.00395
32.2	0.00720
32.21	0.00886
32.22	0.00883
32.23	0.00745
32.24	0.00511
32.25	0.00211
32.26	-0.00167
32.27	-0.00628
32.28	-0.01172
32.29	-0.01744
32.3	-0.02242
32.31	-0.02556
32.32	-0.02617
32.33	-0.02422
32.34	-0.02023
32.35	-0.01507
32.36	-0.00979
32.37	-0.00542
32.38	-0.00268
32.39	-0.00157
32.4	-0.00162
32.41	-0.00191
32.42	-0.00149
32.43	0.00017
32.44	0.00325
32.45	0.00746
32.46	0.01219
32.47	0.01670
32.48	0.02026
32.49	0.02248
32.5	0.02327
32.51	0.02300
32.52	0.02183
32.53	0.01990
32.54	0.01710
32.55	0.01344
32.56	0.00895
32.57	0.00386
32.58	-0.00167
32.59	-0.00737
32.6	-0.01288
32.61	-0.01766
32.62	-0.02116
32.63	-0.02302
32.64	-0.02322
32.65	-0.02215
32.66	-0.02028
32.67	-0.01813
32.68	-0.01607
32.69	-0.01432
32.7	-0.01289
32.71	-0.01178
32.72	-0.01110
32.73	-0.01103
32.74	-0.01170
32.75	-0.01310
32.76	-0.01504
32.77	-0.01699
32.78	-0.01855
32.79	-0.01940
32.8	-0.01952
32.81	-0.01901
32.82	-0.01813
32.83	-0.01720
32.84	-0.01678
32.85	-0.01723
32.86	-0.01847
32.87	-0.02000
32.88	-0.02106
32.89	-0.02123
32.9	-0.02036
32.91	-0.01894
32.92	-0.01724
32.93	-0.01554
32.94	-0.01376
32.95	-0.01183
32.96	-0.00956
32.97	-0.00690
32.98	-0.00386
32.99	-0.00067
33	0.00206
33.01	0.00362
33.02	0.00328
33.03	0.00114
33.04	-0.00214
33.05	-0.00556
33.06	-0.00821
33.07	-0.00960
33.08	-0.00976
33.09	-0.00908
33.1	-0.00821
33.11	-0.00762
33.12	-0.00743
33.13	-0.00738
33.14	-0.00713
33.15	-0.00631
33.16	-0.00488
33.17	-0.00277
33.18	-0.00036
33.19	0.00175
33.2	0.00302
33.21	0.00317
33.22	0.00208
33.23	0.00005
33.24	-0.00250
33.25	-0.00494
33.26	-0.00670
33.27	-0.00727
33.28	-0.00655
33.29	-0.00473
33.3	-0.00215
33.31	0.00064
33.32	0.00311
33.33	0.00479
33.34	0.00541
33.35	0.00503
33.36	0.00389
33.37	0.00244
33.38	0.00134
33.39	0.00125
33.4	0.00246
33.41	0.00492
33.42	0.00828
33.43	0.01182
33.44	0.01477
33.45	0.01652
33.46	0.01693
33.47	0.01618
33.48	0.01469
33.49	0.01292
33.5	0.01128
33.51	0.01008
33.52	0.00953
33.53	0.00966
33.54	0.01042
33.55	0.01156
33.56	0.01289
33.57	0.01397
33.58	0.01440
33.59	0.01394
33.6	0.01246
33.61	0.01019
33.62	0.00736
33.63	0.00431
33.64	0.00134
33.65	-0.00131
33.66	-0.00322
33.67	-0.00413
33.68	-0.00394
33.69	-0.00272
33.7	-0.00072
33.71	0.00166
33.72	0.00415
33.73	0.00650
33.74	0.00870
33.75	0.01069
33.76	0.01255
33.77	0.01421
33.78	0.01541
33.79	0.01591
33.8	0.01550
33.81	0.01427
33.82	0.01229
33.83	0.00995
33.84	0.00754
33.85	0.00548
33.86	0.00413
33.87	0.00359
33.88	0.00383
33.89	0.00466
33.9	0.00574
33.91	0.00689
33.92	0.00780
33.93	0.00817
33.94	0.00778
33.95	0.00656
33.96	0.00472
33.97	0.00277
33.98	0.00137
33.99	0.00100
34	0.00184
34.01	0.00372
34.02	0.00626
34.03	0.00878
34.04	0.01051
34.05	0.01086
34.06	0.00970
34.07	0.00715
34.08	0.00378
34.09	0.00050
34.1	-0.00163
34.11	-0.00186
34.12	0.00006
34.13	0.00377
34.14	0.00815
34.15	0.01204
34.16	0.01445
34.17	0.01498
34.18	0.01382
34.19	0.01153
34.2	0.00904
34.21	0.00728
34.22	0.00708
34.23	0.00864
34.24	0.01156
34.25	0.01489
34.26	0.01769
34.27	0.01924
34.28	0.01936
34.29	0.01826
34.3	0.01645
34.31	0.01439
34.32	0.01243
34.33	0.01079
34.34	0.00937
34.35	0.00802
34.36	0.00664
34.37	0.00510
34.38	0.00335
34.39	0.00152
34.4	-0.00001
34.41	-0.00091
34.42	-0.00094
34.43	-0.00001
34.44	0.00164
34.45	0.00378
34.46	0.00605
34.47	0.00828
34.48	0.01031
34.49	0.01213
34.5	0.01375
34.51	0.01505
34.52	0.01583
34.53	0.01598
34.54	0.01536
34.55	0.01410
34.56	0.01243
34.57	0.01068
34.58	0.00923
34.59	0.00830
34.6	0.00794
34.61	0.00808
34.62	0.00847
34.63	0.00882
34.64	0.00877
34.65	0.00806
34.66	0.00668
34.67	0.00482
34.68	0.00294
34.69	0.00146
34.7	0.00071
34.71	0.00074
34.72	0.00139
34.73	0.00244
34.74	0.00356
34.75	0.00451
34.76	0.00499
34.77	0.00488
34.78	0.00424
34.79	0.00313
34.8	0.00181
34.81	0.00041
34.82	-0.00092
34.83	-0.00197
34.84	-0.00246
34.85	-0.00224
34.86	-0.00124
34.87	0.00055
34.88	0.00281
34.89	0.00532
34.9	0.00774
34.91	0.00973
34.92	0.01100
34.93	0.01147
34.94	0.01127
34.95	0.01061
34.96	0.00971
34.97	0.00882
34.98	0.00803
34.99	0.00725
35	0.00613
35.01	0.00426
35.02	0.00145
35.03	-0.00224
35.04	-0.00617
35.05	-0.00970
35.06	-0.01225
35.07	-0.01350
35.08	-0.01361
35.09	-0.01288
35.1	-0.01181
35.11	-0.01074
35.12	-0.00997
35.13	-0.00955
35.14	-0.00935
35.15	-0.00931
35.16	-0.00922
35.17	-0.00902
35.18	-0.00877
35.19	-0.00864
35.2	-0.00884
35.21	-0.00955
35.22	-0.01057
35.23	-0.01163
35.24	-0.01229
35.25	-0.01236
35.26	-0.01177
35.27	-0.01063
35.28	-0.00912
35.29	-0.00755
35.3	-0.00605
35.31	-0.00472
35.32	-0.00355
35.33	-0.00253
35.34	-0.00164
35.35	-0.00095
35.36	-0.00053
35.37	-0.00041
35.38	-0.00059
35.39	-0.00098
35.4	-0.00154
35.41	-0.00212
35.42	-0.00274
35.43	-0.00319
35.44	-0.00348
35.45	-0.00352
35.46	-0.00326
35.47	-0.00282
35.48	-0.00216
35.49	-0.00142
35.5	-0.00068
35.51	0.00004
35.52	0.00072
35.53	0.00131
35.54	0.00173
35.55	0.00187
35.56	0.00168
35.57	0.00114
35.58	0.00034
35.59	-0.00070
35.6	-0.00178
35.61	-0.00284
35.62	-0.00385
35.63	-0.00480
35.64	-0.00562
35.65	-0.00614
35.66	-0.00631
35.67	-0.00602
35.68	-0.00540
35.69	-0.00464
35.7	-0.00409
35.71	-0.00396
35.72	-0.00443
35.73	-0.00539
35.74	-0.00642
35.75	-0.00698
35.76	-0.00656
35.77	-0.00485
35.78	-0.00197
35.79	0.00169
35.8	0.00541
35.81	0.00841
35.82	0.01003
35.83	0.01008
35.84	0.00871
35.85	0.00646
35.86	0.00380
35.87	0.00127
35.88	-0.00064
35.89	-0.00166
35.9	-0.00185
35.91	-0.00168
35.92	-0.00184
35.93	-0.00262
35.94	-0.00406
35.95	-0.00605
35.96	-0.00835
35.97	-0.01074
35.98	-0.01314
35.99	-0.01548
36	-0.01776
36.01	-0.02002
36.02	-0.02228
36.03	-0.02441
36.04	-0.02603
36.05	-0.02686
36.06	-0.02665
36.07	-0.02550
36.08	-0.02356
36.09	-0.02119
36.1	-0.01870
36.11	-0.01631
36.12	-0.01414
36.13	-0.01216
36.14	-0.01034
36.15	-0.00870
36.16	-0.00722
36.17	-0.00589
36.18	-0.00475
36.19	-0.00383
36.2	-0.00300
36.21	-0.00224
36.22	-0.00155
36.23	-0.00088
36.24	-0.00041
36.25	-0.00025
36.26	-0.00055
36.27	-0.00124
36.28	-0.00229
36.29	-0.00353
36.3	-0.00468
36.31	-0.00552
36.32	-0.00580
36.33	-0.00546
36.34	-0.00461
36.35	-0.00343
36.36	-0.00211
36.37	-0.00086
36.38	-0.00002
36.39	0.00016
36.4	-0.00054
36.41	-0.00218
36.42	-0.00451
36.43	-0.00710
36.44	-0.00941
36.45	-0.01102
36.46	-0.01175
36.47	-0.01168
36.48	-0.01105
36.49	-0.01019
36.5	-0.00934
36.51	-0.00870
36.52	-0.00835
36.53	-0.00836
36.54	-0.00866
36.55	-0.00922
36.56	-0.00991
36.57	-0.01070
36.58	-0.01139
36.59	-0.01182
36.6	-0.01182
36.61	-0.01126
36.62	-0.01015
36.63	-0.00862
36.64	-0.00685
36.65	-0.00502
36.66	-0.00320
36.67	-0.00149
36.68	0.00010
36.69	0.00160
36.7	0.00302
36.71	0.00428
36.72	0.00523
36.73	0.00580
36.74	0.00598
36.75	0.00580
36.76	0.00545
36.77	0.00497
36.78	0.00449
36.79	0.00412
36.8	0.00382
36.81	0.00367
36.82	0.00374
36.83	0.00415
36.84	0.00496
36.85	0.00610
36.86	0.00751
36.87	0.00904
36.88	0.01064
36.89	0.01218
36.9	0.01367
36.91	0.01510
36.92	0.01648
36.93	0.01783
36.94	0.01916
36.95	0.02034
36.96	0.02116
36.97	0.02148
36.98	0.02130
36.99	0.02063
37	0.01964
37.01	0.01855
37.02	0.01744
37.03	0.01640
37.04	0.01548
37.05	0.01457
37.06	0.01342
37.07	0.01188
37.08	0.00979
37.09	0.00726
37.1	0.00456
37.11	0.00227
37.12	0.00077
37.13	0.00031
37.14	0.00094
37.15	0.00234
37.16	0.00418
37.17	0.00608
37.18	0.00782
37.19	0.00930
37.2	0.01034
37.21	0.01084
37.22	0.01062
37.23	0.00985
37.24	0.00872
37.25	0.00766
37.26	0.00683
37.27	0.00640
37.28	0.00637
37.29	0.00659
37.3	0.00678
37.31	0.00659
37.32	0.00593
37.33	0.00473
37.34	0.00310
37.35	0.00120
37.36	-0.00077
37.37	-0.00268
37.38	-0.00445
37.39	-0.00608
37.4	-0.00763
37.41	-0.00911
37.42	-0.01050
37.43	-0.01169
37.44	-0.01259
37.45	-0.01324
37.46	-0.01356
37.47	-0.01370
37.48	-0.01375
37.49	-0.01379
37.5	-0.01386
37.51	-0.01398
37.52	-0.01415
37.53	-0.01423
37.54	-0.01412
37.55	-0.01370
37.56	-0.01289
37.57	-0.01178
37.58	-0.01044
37.59	-0.00900
37.6	-0.00760
37.61	-0.00622
37.62	-0.00494
37.63	-0.00372
37.64	-0.00253
37.65	-0.00140
37.66	-0.00025
37.67	0.00077
37.68	0.00162
37.69	0.00223
37.7	0.00268
37.71	0.00298
37.72	0.00318
37.73	0.00337
37.74	0.00359
37.75	0.00384
37.76	0.00403
37.77	0.00420
37.78	0.00431
37.79	0.00430
37.8	0.00418
37.81	0.00407
37.82	0.00392
37.83	0.00379
37.84	0.00368
37.85	0.00359
37.86	0.00356
37.87	0.00356
37.88	0.00368
37.89	0.00388
37.9	0.00419
37.91	0.00458
37.92	0.00502
37.93	0.00541
37.94	0.00566
37.95	0.00554
37.96	0.00499
37.97	0.00391
37.98	0.00246
37.99	0.00085
38	-0.00053
38.01	-0.00140
38.02	-0.00158
38.03	-0.00113
38.04	-0.00017
38.05	0.00102
38.06	0.00226
38.07	0.00340
38.08	0.00432
38.09	0.00512
38.1	0.00572
38.11	0.00610
38.12	0.00619
38.13	0.00594
38.14	0.00538
38.15	0.00461
38.16	0.00367
38.17	0.00270
38.18	0.00170
38.19	0.00080
38.2	-0.00004
38.21	-0.00076
38.22	-0.00124
38.23	-0.00143
38.24	-0.00128
38.25	-0.00084
38.26	-0.00018
38.27	0.00058
38.28	0.00134
38.29	0.00192
38.3	0.00218
38.31	0.00202
38.32	0.00142
38.33	0.00048
38.34	-0.00070
38.35	-0.00196
38.36	-0.00314
38.37	-0.00431
38.38	-0.00535
38.39	-0.00635
38.4	-0.00733
38.41	-0.00833
38.42	-0.00934
38.43	-0.01039
38.44	-0.01135
38.45	-0.01202
38.46	-0.01231
38.47	-0.01204
38.48	-0.01120
38.49	-0.00986
38.5	-0.00796
38.51	-0.00568
38.52	-0.00313
38.53	-0.00043
38.54	0.00228
38.55	0.00481
38.56	0.00700
38.57	0.00874
38.58	0.00992
38.59	0.01075
38.6	0.01126
38.61	0.01160
38.62	0.01175
38.63	0.01150
38.64	0.01067
38.65	0.00922
38.66	0.00720
38.67	0.00491
38.68	0.00266
38.69	0.00076
38.7	-0.00060
38.71	-0.00146
38.72	-0.00197
38.73	-0.00226
38.74	-0.00254
38.75	-0.00294
38.76	-0.00344
38.77	-0.00400
38.78	-0.00439
38.79	-0.00455
38.8	-0.00436
38.81	-0.00390
38.82	-0.00322
38.83	-0.00246
38.84	-0.00185
38.85	-0.00161
38.86	-0.00182
38.87	-0.00244
38.88	-0.00318
38.89	-0.00380
38.9	-0.00404
38.91	-0.00383
38.92	-0.00316
38.93	-0.00218
38.94	-0.00106
38.95	0.00001
38.96	0.00088
38.97	0.00139
38.98	0.00154
38.99	0.00136
39	0.00096
39.01	0.00065
39.02	0.00067
39.03	0.00118
39.04	0.00234
39.05	0.00403
39.06	0.00604
39.07	0.00802
39.08	0.00959
39.09	0.01039
39.1	0.01040
39.11	0.00962
39.12	0.00835
39.13	0.00682
39.14	0.00530
39.15	0.00401
39.16	0.00311
39.17	0.00264
39.18	0.00259
39.19	0.00281
39.2	0.00316
39.21	0.00342
39.22	0.00346
39.23	0.00323
39.24	0.00264
39.25	0.00191
39.26	0.00110
39.27	0.00047
39.28	0.00017
39.29	0.00035
39.3	0.00096
39.31	0.00192
39.32	0.00306
39.33	0.00419
39.34	0.00515
39.35	0.00575
39.36	0.00592
39.37	0.00571
39.38	0.00518
39.39	0.00455
39.4	0.00390
39.41	0.00347
39.42	0.00346
39.43	0.00396
39.44	0.00492
39.45	0.00618
39.46	0.00767
39.47	0.00920
39.48	0.01070
39.49	0.01208
39.5	0.01331
39.51	0.01427
39.52	0.01474
39.53	0.01458
39.54	0.01385
39.55	0.01291
39.56	0.01216
39.57	0.01200
39.58	0.01258
39.59	0.01363
39.6	0.01439
39.61	0.01400
39.62	0.01216
39.63	0.00907
39.64	0.00545
39.65	0.00211
39.66	-0.00046
39.67	-0.00200
39.68	-0.00263
39.69	-0.00266
39.7	-0.00256
39.71	-0.00246
39.72	-0.00245
39.73	-0.00251
39.74	-0.00244
39.75	-0.00217
39.76	-0.00167
39.77	-0.00095
39.78	-0.00006
39.79	0.00083
39.8	0.00156
39.81	0.00198
39.82	0.00188
39.83	0.00134
39.84	0.00043
39.85	-0.00074
39.86	-0.00198
39.87	-0.00320
39.88	-0.00432
39.89	-0.00526
39.9	-0.00600
39.91	-0.00643
39.92	-0.00656
39.93	-0.00643
39.94	-0.00608
39.95	-0.00563
39.96	-0.00516
39.97	-0.00472
39.98	-0.00433
39.99	-0.00392
40	-0.00362
40.01	-0.00328
40.02	-0.00294
40.03	-0.00265
40.04	-0.00252
40.05	-0.00277
40.06	-0.00334
40.07	-0.00412
40.08	-0.00486
40.09	-0.00526
40.1	-0.00514
40.11	-0.00455
40.12	-0.00354
40.13	-0.00226
40.14	-0.00103
40.15	-0.00012
40.16	0.00020
40.17	-0.00010
40.18	-0.00080
40.19	-0.00148
40.2	-0.00166
40.21	-0.00113
40.22	0.00016
40.23	0.00200
40.24	0.00388
40.25	0.00515
40.26	0.00532
40.27	0.00421
40.28	0.00192
40.29	-0.00120
40.3	-0.00449
40.31	-0.00736
40.32	-0.00923
40.33	-0.01002
40.34	-0.00997
40.35	-0.00970
40.36	-0.00983
40.37	-0.01079
40.38	-0.01265
40.39	-0.01493
40.4	-0.01688
40.41	-0.01793
40.42	-0.01770
40.43	-0.01627
40.44	-0.01394
40.45	-0.01130
40.46	-0.00894
40.47	-0.00734
40.48	-0.00673
40.49	-0.00696
40.5	-0.00778
40.51	-0.00882
40.52	-0.00978
40.53	-0.01042
40.54	-0.01063
40.55	-0.01051
40.56	-0.01012
40.57	-0.00966
40.58	-0.00924
40.59	-0.00892
40.6	-0.00859
40.61	-0.00818
40.62	-0.00754
40.63	-0.00658
40.64	-0.00536
40.65	-0.00402
40.66	-0.00280
40.67	-0.00196
40.68	-0.00160
40.69	-0.00170
40.7	-0.00218
40.71	-0.00286
40.72	-0.00352
40.73	-0.00392
40.74	-0.00400
40.75	-0.00370
40.76	-0.00304
40.77	-0.00214
40.78	-0.00120
40.79	-0.00025
40.8	0.00055
40.81	0.00110
40.82	0.00131
40.83	0.00116
40.84	0.00061
40.85	-0.00013
40.86	-0.00100
40.87	-0.00192
40.88	-0.00278
40.89	-0.00358
40.9	-0.00432
40.91	-0.00503
40.92	-0.00575
40.93	-0.00641
40.94	-0.00697
40.95	-0.00726
40.96	-0.00719
40.97	-0.00673
40.98	-0.00601
40.99	-0.00509
41	-0.00413
41.01	-0.00337
41.02	-0.00296
41.03	-0.00289
41.04	-0.00320
41.05	-0.00370
41.06	-0.00426
41.07	-0.00461
41.08	-0.00458
41.09	-0.00409
41.1	-0.00320
41.11	-0.00205
41.12	-0.00095
41.13	-0.00018
41.14	-0.00001
41.15	-0.00043
41.16	-0.00136
41.17	-0.00257
41.18	-0.00389
41.19	-0.00515
41.2	-0.00624
41.21	-0.00701
41.22	-0.00738
41.23	-0.00732
41.24	-0.00684
41.25	-0.00602
41.26	-0.00508
41.27	-0.00403
41.28	-0.00304
41.29	-0.00209
41.3	-0.00122
41.31	-0.00041
41.32	0.00035
41.33	0.00092
41.34	0.00116
41.35	0.00103
41.36	0.00048
41.37	-0.00043
41.38	-0.00154
41.39	-0.00272
41.4	-0.00383
41.41	-0.00472
41.42	-0.00523
41.43	-0.00535
41.44	-0.00509
41.45	-0.00454
41.46	-0.00383
41.47	-0.00314
41.48	-0.00262
41.49	-0.00241
41.5	-0.00258
41.51	-0.00313
41.52	-0.00394
41.53	-0.00491
41.54	-0.00593
41.55	-0.00688
41.56	-0.00764
41.57	-0.00805
41.58	-0.00804
41.59	-0.00761
41.6	-0.00682
41.61	-0.00581
41.62	-0.00470
41.63	-0.00362
41.64	-0.00276
41.65	-0.00224
41.66	-0.00209
41.67	-0.00232
41.68	-0.00264
41.69	-0.00276
41.7	-0.00241
41.71	-0.00148
41.72	0.00001
41.73	0.00192
41.74	0.00398
41.75	0.00606
41.76	0.00802
41.77	0.00979
41.78	0.01127
41.79	0.01236
41.8	0.01312
41.81	0.01356
41.82	0.01370
41.83	0.01361
41.84	0.01327
41.85	0.01268
41.86	0.01186
41.87	0.01088
41.88	0.00978
41.89	0.00864
41.9	0.00750
41.91	0.00642
41.92	0.00541
41.93	0.00467
41.94	0.00414
41.95	0.00382
41.96	0.00366
41.97	0.00365
41.98	0.00364
41.99	0.00356
42	0.00342
42.01	0.00322
42.02	0.00301
42.03	0.00286
42.04	0.00289
42.05	0.00314
42.06	0.00360
42.07	0.00426
42.08	0.00506
42.09	0.00592
42.1	0.00683
42.11	0.00786
42.12	0.00914
42.13	0.01078
42.14	0.01261
42.15	0.01434
42.16	0.01567
42.17	0.01636
42.18	0.01639
42.19	0.01598
42.2	0.01544
42.21	0.01511
42.22	0.01518
42.23	0.01562
42.24	0.01646
42.25	0.01746
42.26	0.01838
42.27	0.01898
42.28	0.01909
42.29	0.01866
42.3	0.01776
42.31	0.01650
42.32	0.01495
42.33	0.01325
42.34	0.01135
42.35	0.00938
42.36	0.00733
42.37	0.00540
42.38	0.00378
42.39	0.00258
42.4	0.00192
42.41	0.00166
42.42	0.00173
42.43	0.00193
42.44	0.00216
42.45	0.00238
42.46	0.00272
42.47	0.00332
42.48	0.00425
42.49	0.00548
42.5	0.00688
42.51	0.00814
42.52	0.00910
42.53	0.00954
42.54	0.00956
42.55	0.00926
42.56	0.00880
42.57	0.00833
42.58	0.00794
42.59	0.00769
42.6	0.00752
42.61	0.00738
42.62	0.00720
42.63	0.00694
42.64	0.00660
42.65	0.00616
42.66	0.00569
42.67	0.00522
42.68	0.00476
42.69	0.00434
42.7	0.00395
42.71	0.00358
42.72	0.00323
42.73	0.00283
42.74	0.00246
42.75	0.00210
42.76	0.00181
42.77	0.00180
42.78	0.00211
42.79	0.00280
42.8	0.00377
42.81	0.00499
42.82	0.00629
42.83	0.00756
42.84	0.00875
42.85	0.00964
42.86	0.01014
42.87	0.01025
42.88	0.00995
42.89	0.00934
42.9	0.00844
42.91	0.00726
42.92	0.00584
42.93	0.00424
42.94	0.00245
42.95	0.00060
42.96	-0.00128
42.97	-0.00311
42.98	-0.00474
42.99	-0.00602
43	-0.00691
43.01	-0.00740
43.02	-0.00755
43.03	-0.00752
43.04	-0.00742
43.05	-0.00738
43.06	-0.00736
43.07	-0.00748
43.08	-0.00769
43.09	-0.00797
43.1	-0.00840
43.11	-0.00882
43.12	-0.00931
43.13	-0.00985
43.14	-0.01033
43.15	-0.01067
43.16	-0.01064
43.17	-0.01020
43.18	-0.00918
43.19	-0.00780
43.2	-0.00620
43.21	-0.00476
43.22	-0.00364
43.23	-0.00288
43.24	-0.00242
43.25	-0.00222
43.26	-0.00208
43.27	-0.00188
43.28	-0.00162
43.29	-0.00138
43.3	-0.00157
43.31	-0.00245
43.32	-0.00403
43.33	-0.00598
43.34	-0.00793
43.35	-0.00947
43.36	-0.01046
43.37	-0.01091
43.38	-0.01096
43.39	-0.01081
43.4	-0.01070
43.41	-0.01073
43.42	-0.01091
43.43	-0.01122
43.44	-0.01148
43.45	-0.01172
43.46	-0.01182
43.47	-0.01180
43.48	-0.01166
43.49	-0.01150
43.5	-0.01134
43.51	-0.01123
43.52	-0.01116
43.53	-0.01111
43.54	-0.01094
43.55	-0.01068
43.56	-0.01026
43.57	-0.00968
43.58	-0.00900
43.59	-0.00826
43.6	-0.00754
43.61	-0.00683
43.62	-0.00617
43.63	-0.00565
43.64	-0.00524
43.65	-0.00499
43.66	-0.00490
43.67	-0.00487
43.68	-0.00488
43.69	-0.00493
43.7	-0.00493
43.71	-0.00487
43.72	-0.00473
43.73	-0.00444
43.74	-0.00403
43.75	-0.00347
43.76	-0.00284
43.77	-0.00220
43.78	-0.00156
43.79	-0.00091
43.8	-0.00030
43.81	0.00026
43.82	0.00077
43.83	0.00107
43.84	0.00119
43.85	0.00112
43.86	0.00089
43.87	0.00054
43.88	0.00016
43.89	-0.00025
43.9	-0.00059
43.91	-0.00091
43.92	-0.00120
43.93	-0.00156
43.94	-0.00200
43.95	-0.00258
43.96	-0.00328
43.97	-0.00404
43.98	-0.00488
43.99	-0.00575
44	-0.00661
44.01	-0.00739
44.02	-0.00811
44.03	-0.00863
44.04	-0.00877
44.05	-0.00846
44.06	-0.00770
44.07	-0.00654
44.08	-0.00514
44.09	-0.00364
44.1	-0.00215
44.11	-0.00073
44.12	0.00056
44.13	0.00176
44.14	0.00283
44.15	0.00366
44.16	0.00420
44.17	0.00438
44.18	0.00431
44.19	0.00400
44.2	0.00359
44.21	0.00316
44.22	0.00278
44.23	0.00250
44.24	0.00236
44.25	0.00245
44.26	0.00275
44.27	0.00329
44.28	0.00400
44.29	0.00479
44.3	0.00562
44.31	0.00631
44.32	0.00680
44.33	0.00696
44.34	0.00684
44.35	0.00647
44.36	0.00595
44.37	0.00536
44.38	0.00480
44.39	0.00433
44.4	0.00394
44.41	0.00355
44.42	0.00322
44.43	0.00289
44.44	0.00253
44.45	0.00216
44.46	0.00174
44.47	0.00139
44.48	0.00116
44.49	0.00122
44.5	0.00164
44.51	0.00235
44.52	0.00298
44.53	0.00307
44.54	0.00206
44.55	-0.00019
44.56	-0.00324
44.57	-0.00611
44.58	-0.00784
44.59	-0.00788
44.6	-0.00610
44.61	-0.00284
44.62	0.00116
44.63	0.00506
44.64	0.00757
44.65	0.00779
44.66	0.00541
44.67	0.00115
44.68	-0.00355
44.69	-0.00727
44.7	-0.00899
44.71	-0.00851
44.72	-0.00649
44.73	-0.00394
44.74	-0.00169
44.75	-0.00016
44.76	0.00067
44.77	0.00107
44.78	0.00139
44.79	0.00197
44.8	0.00277
44.81	0.00376
44.82	0.00468
44.83	0.00544
44.84	0.00588
44.85	0.00605
44.86	0.00600
44.87	0.00593
44.88	0.00590
44.89	0.00599
44.9	0.00623
44.91	0.00656
44.92	0.00696
44.93	0.00734
44.94	0.00769
44.95	0.00791
44.96	0.00804
44.97	0.00802
44.98	0.00784
44.99	0.00761
45	0.00730
45.01	0.00698
45.02	0.00667
45.03	0.00628
45.04	0.00580
45.05	0.00522
45.06	0.00449
45.07	0.00366
45.08	0.00277
45.09	0.00185
45.1	0.00096
45.11	0.00022
45.12	-0.00041
45.13	-0.00086
45.14	-0.00119
45.15	-0.00142
45.16	-0.00157
45.17	-0.00174
45.18	-0.00194
45.19	-0.00216
45.2	-0.00240
45.21	-0.00264
45.22	-0.00288
45.23	-0.00308
45.24	-0.00326
45.25	-0.00338
45.26	-0.00352
45.27	-0.00364
45.28	-0.00378
45.29	-0.00391
45.3	-0.00407
45.31	-0.00419
45.32	-0.00426
45.33	-0.00425
45.34	-0.00412
45.35	-0.00388
45.36	-0.00358
45.37	-0.00320
45.38	-0.00287
45.39	-0.00248
45.4	-0.00218
45.41	-0.00190
45.42	-0.00158
45.43	-0.00131
45.44	-0.00101
45.45	-0.00071
45.46	-0.00041
45.47	-0.00013
45.48	0.00005
45.49	0.00008
45.5	-0.00002
45.51	-0.00026
45.52	-0.00059
45.53	-0.00096
45.54	-0.00132
45.55	-0.00161
45.56	-0.00175
45.57	-0.00180
45.58	-0.00169
45.59	-0.00152
45.6	-0.00133
45.61	-0.00113
45.62	-0.00095
45.63	-0.00079
45.64	-0.00070
45.65	-0.00064
45.66	-0.00066
45.67	-0.00077
45.68	-0.00095
45.69	-0.00118
45.7	-0.00142
45.71	-0.00167
45.72	-0.00192
45.73	-0.00217
45.74	-0.00235
45.75	-0.00259
45.76	-0.00280
45.77	-0.00295
45.78	-0.00308
45.79	-0.00314
45.8	-0.00312
45.81	-0.00301
45.82	-0.00290
45.83	-0.00275
45.84	-0.00260
45.85	-0.00248
45.86	-0.00239
45.87	-0.00226
45.88	-0.00221
45.89	-0.00222
45.9	-0.00234
45.91	-0.00253
45.92	-0.00283
45.93	-0.00322
45.94	-0.00361
45.95	-0.00404
45.96	-0.00443
45.97	-0.00482
45.98	-0.00523
45.99	-0.00568
46	-0.00620
46.01	-0.00680
46.02	-0.00750
46.03	-0.00822
46.04	-0.00892
46.05	-0.00958
46.06	-0.01003
46.07	-0.01033
46.08	-0.01044
46.09	-0.01045
46.1	-0.01039
46.11	-0.01031
46.12	-0.01026
46.13	-0.01024
46.14	-0.01020
46.15	-0.00992
46.16	-0.00912
46.17	-0.00779
46.18	-0.00616
46.19	-0.00442
46.2	-0.00296
46.21	-0.00192
46.22	-0.00127
46.23	-0.00098
46.24	-0.00083
46.25	-0.00072
46.26	-0.00052
46.27	-0.00016
46.28	0.00030
46.29	0.00082
46.3	0.00136
46.31	0.00187
46.32	0.00241
46.33	0.00302
46.34	0.00371
46.35	0.00449
46.36	0.00535
46.37	0.00630
46.38	0.00726
46.39	0.00818
46.4	0.00914
46.41	0.01001
46.42	0.01085
46.43	0.01146
46.44	0.01182
46.45	0.01178
46.46	0.01145
46.47	0.01085
46.48	0.01012
46.49	0.00931
46.5	0.00857
46.51	0.00790
46.52	0.00728
46.53	0.00668
46.54	0.00611
46.55	0.00553
46.56	0.00490
46.57	0.00426
46.58	0.00361
46.59	0.00308
46.6	0.00274
46.61	0.00278
46.62	0.00318
46.63	0.00392
46.64	0.00492
46.65	0.00605
46.66	0.00719
46.67	0.00816
46.68	0.00892
46.69	0.00937
46.7	0.00952
46.71	0.00942
46.72	0.00919
46.73	0.00898
46.74	0.00914
46.75	0.00996
46.76	0.01162
46.77	0.01392
46.78	0.01596
46.79	0.01638
46.8	0.01416
46.81	0.00913
46.82	0.00247
46.83	-0.00385
46.84	-0.00802
46.85	-0.00894
46.86	-0.00659
46.87	-0.00169
46.88	0.00443
46.89	0.01022
46.9	0.01412
46.91	0.01534
46.92	0.01372
46.93	0.00983
46.94	0.00472
46.95	-0.00048
46.96	-0.00454
46.97	-0.00660
46.98	-0.00632
46.99	-0.00406
47	-0.00043
47.01	0.00374
47.02	0.00791
47.03	0.01160
47.04	0.01476
47.05	0.01714
47.06	0.01828
47.07	0.01770
47.08	0.01517
47.09	0.01117
47.1	0.00690
47.11	0.00378
47.12	0.00251
47.13	0.00286
47.14	0.00395
47.15	0.00473
47.16	0.00450
47.17	0.00313
47.18	0.00104
47.19	-0.00109
47.2	-0.00276
47.21	-0.00384
47.22	-0.00464
47.23	-0.00550
47.24	-0.00642
47.25	-0.00718
47.26	-0.00743
47.27	-0.00690
47.28	-0.00557
47.29	-0.00349
47.3	-0.00098
47.31	0.00168
47.32	0.00397
47.33	0.00550
47.34	0.00582
47.35	0.00499
47.36	0.00308
47.37	0.00053
47.38	-0.00230
47.39	-0.00504
47.4	-0.00724
47.41	-0.00852
47.42	-0.00874
47.43	-0.00788
47.44	-0.00624
47.45	-0.00413
47.46	-0.00196
47.47	-0.00006
47.48	0.00132
47.49	0.00211
47.5	0.00247
47.51	0.00259
47.52	0.00258
47.53	0.00265
47.54	0.00286
47.55	0.00308
47.56	0.00316
47.57	0.00287
47.58	0.00217
47.59	0.00121
47.6	0.00025
47.61	-0.00037
47.62	-0.00047
47.63	-0.00010
47.64	0.00056
47.65	0.00106
47.66	0.00098
47.67	0.00014
47.68	-0.00152
47.69	-0.00378
47.7	-0.00640
47.71	-0.00895
47.72	-0.01099
47.73	-0.01220
47.74	-0.01240
47.75	-0.01164
47.76	-0.01028
47.77	-0.00892
47.78	-0.00812
47.79	-0.00832
47.8	-0.00940
47.81	-0.01088
47.82	-0.01214
47.83	-0.01274
47.84	-0.01250
47.85	-0.01145
47.86	-0.00988
47.87	-0.00809
47.88	-0.00658
47.89	-0.00565
47.9	-0.00560
47.91	-0.00653
47.92	-0.00823
47.93	-0.01039
47.94	-0.01240
47.95	-0.01379
47.96	-0.01421
47.97	-0.01363
47.98	-0.01226
47.99	-0.01046
48	-0.00853
48.01	-0.00674
48.02	-0.00520
48.03	-0.00386
48.04	-0.00270
48.05	-0.00157
48.06	-0.00047
48.07	0.00043
48.08	0.00094
48.09	0.00084
48.1	0.00013
48.11	-0.00113
48.12	-0.00269
48.13	-0.00424
48.14	-0.00529
48.15	-0.00557
48.16	-0.00488
48.17	-0.00337
48.18	-0.00132
48.19	0.00073
48.2	0.00229
48.21	0.00301
48.22	0.00281
48.23	0.00185
48.24	0.00040
48.25	-0.00115
48.26	-0.00239
48.27	-0.00296
48.28	-0.00272
48.29	-0.00190
48.3	-0.00083
48.31	-0.00002
48.32	0.00017
48.33	-0.00034
48.34	-0.00150
48.35	-0.00304
48.36	-0.00464
48.37	-0.00619
48.38	-0.00728
48.39	-0.00776
48.4	-0.00756
48.41	-0.00672
48.42	-0.00544
48.43	-0.00389
48.44	-0.00229
48.45	-0.00076
48.46	0.00061
48.47	0.00185
48.48	0.00292
48.49	0.00366
48.5	0.00395
48.51	0.00362
48.52	0.00282
48.53	0.00164
48.54	0.00025
48.55	-0.00120
48.56	-0.00262
48.57	-0.00395
48.58	-0.00512
48.59	-0.00601
48.6	-0.00646
48.61	-0.00628
48.62	-0.00541
48.63	-0.00397
48.64	-0.00211
48.65	-0.00005
48.66	0.00199
48.67	0.00367
48.68	0.00456
48.69	0.00426
48.7	0.00280
48.71	0.00064
48.72	-0.00134
48.73	-0.00221
48.74	-0.00142
48.75	0.00116
48.76	0.00510
48.77	0.00959
48.78	0.01333
48.79	0.01507
48.8	0.01405
48.81	0.01046
48.82	0.00564
48.83	0.00149
48.84	-0.00050
48.85	0.00044
48.86	0.00402
48.87	0.00893
48.88	0.01336
48.89	0.01566
48.9	0.01517
48.91	0.01192
48.92	0.00683
48.93	0.00137
48.94	-0.00294
48.95	-0.00499
48.96	-0.00448
48.97	-0.00199
48.98	0.00138
48.99	0.00444
49	0.00642
49.01	0.00700
49.02	0.00636
49.03	0.00508
49.04	0.00395
49.05	0.00347
49.06	0.00376
49.07	0.00461
49.08	0.00558
49.09	0.00628
49.1	0.00648
49.11	0.00617
49.12	0.00557
49.13	0.00508
49.14	0.00498
49.15	0.00545
49.16	0.00640
49.17	0.00776
49.18	0.00928
49.19	0.01067
49.2	0.01168
49.21	0.01210
49.22	0.01187
49.23	0.01110
49.24	0.00995
49.25	0.00880
49.26	0.00796
49.27	0.00768
49.28	0.00815
49.29	0.00919
49.3	0.01064
49.31	0.01210
49.32	0.01298
49.33	0.01279
49.34	0.01127
49.35	0.00868
49.36	0.00575
49.37	0.00326
49.38	0.00168
49.39	0.00127
49.4	0.00181
49.41	0.00292
49.42	0.00426
49.43	0.00540
49.44	0.00612
49.45	0.00638
49.46	0.00623
49.47	0.00578
49.48	0.00528
49.49	0.00478
49.5	0.00413
49.51	0.00282
49.52	0.00017
49.53	-0.00376
49.54	-0.00798
49.55	-0.01127
49.56	-0.01261
49.57	-0.01194
49.58	-0.00990
49.59	-0.00756
49.6	-0.00571
49.61	-0.00469
49.62	-0.00430
49.63	-0.00407
49.64	-0.00356
49.65	-0.00277
49.66	-0.00212
49.67	-0.00234
49.68	-0.00404
49.69	-0.00720
49.7	-0.01111
49.71	-0.01466
49.72	-0.01688
49.73	-0.01722
49.74	-0.01572
49.75	-0.01292
49.76	-0.00941
49.77	-0.00606
49.78	-0.00364
49.79	-0.00271
49.8	-0.00332
49.81	-0.00490
49.82	-0.00654
49.83	-0.00751
49.84	-0.00740
49.85	-0.00618
49.86	-0.00414
49.87	-0.00187
49.88	-0.00017
49.89	0.00041
49.9	-0.00025
49.91	-0.00176
49.92	-0.00330
49.93	-0.00428
49.94	-0.00425
49.95	-0.00323
49.96	-0.00156
49.97	0.00030
49.98	0.00198
49.99	0.00322
50	0.00398
50.01	0.00437
50.02	0.00455
50.03	0.00468
50.04	0.00464
50.05	0.00433
50.06	0.00362
50.07	0.00250
50.08	0.00098
50.09	-0.00068
50.1	-0.00215
50.11	-0.00308
50.12	-0.00330
50.13	-0.00281
50.14	-0.00179
50.15	-0.00052
50.16	0.00072
50.17	0.00174
50.18	0.00246
50.19	0.00290
50.2	0.00325
50.21	0.00343
50.22	0.00342
50.23	0.00311
50.24	0.00240
50.25	0.00128
50.26	-0.00019
50.27	-0.00191
50.28	-0.00367
50.29	-0.00527
50.3	-0.00640
50.31	-0.00676
50.32	-0.00634
50.33	-0.00520
50.34	-0.00364
50.35	-0.00194
50.36	-0.00031
50.37	0.00108
50.38	0.00226
50.39	0.00318
50.4	0.00365
50.41	0.00340
50.42	0.00222
50.43	0.00010
50.44	-0.00250
50.45	-0.00485
50.46	-0.00636
50.47	-0.00665
50.48	-0.00576
50.49	-0.00403
50.5	-0.00212
50.51	-0.00091
50.52	-0.00101
50.53	-0.00236
50.54	-0.00437
50.55	-0.00606
50.56	-0.00674
50.57	-0.00606
50.58	-0.00427
50.59	-0.00205
50.6	-0.00023
50.61	0.00054
50.62	0.00012
50.63	-0.00112
50.64	-0.00254
50.65	-0.00344
50.66	-0.00343
50.67	-0.00244
50.68	-0.00061
50.69	0.00161
50.7	0.00377
50.71	0.00539
50.72	0.00631
50.73	0.00649
50.74	0.00610
50.75	0.00540
50.76	0.00468
50.77	0.00416
50.78	0.00389
50.79	0.00362
50.8	0.00300
50.81	0.00188
50.82	0.00028
50.83	-0.00151
50.84	-0.00313
50.85	-0.00434
50.86	-0.00505
50.87	-0.00522
50.88	-0.00493
50.89	-0.00428
50.9	-0.00343
50.91	-0.00241
50.92	-0.00144
50.93	-0.00059
50.94	-0.00004
50.95	0.00016
50.96	0.00000
50.97	-0.00048
50.98	-0.00115
50.99	-0.00192
51	-0.00263
51.01	-0.00325
51.02	-0.00377
51.03	-0.00412
51.04	-0.00425
51.05	-0.00415
51.06	-0.00390
51.07	-0.00349
51.08	-0.00302
51.09	-0.00259
51.1	-0.00224
51.11	-0.00202
51.12	-0.00209
51.13	-0.00259
51.14	-0.00370
51.15	-0.00544
51.16	-0.00739
51.17	-0.00894
51.18	-0.00956
51.19	-0.00888
51.2	-0.00710
51.21	-0.00480
51.22	-0.00277
51.23	-0.00164
51.24	-0.00168
51.25	-0.00258
51.26	-0.00378
51.27	-0.00464
51.28	-0.00473
51.29	-0.00396
51.3	-0.00252
51.31	-0.00070
51.32	0.00118
51.33	0.00269
51.34	0.00373
51.35	0.00428
51.36	0.00449
51.37	0.00445
51.38	0.00412
51.39	0.00335
51.4	0.00206
51.41	0.00028
51.42	-0.00191
51.43	-0.00420
51.44	-0.00607
51.45	-0.00707
51.46	-0.00697
51.47	-0.00584
51.48	-0.00394
51.49	-0.00167
51.5	0.00048
51.51	0.00210
51.52	0.00295
51.53	0.00308
51.54	0.00276
51.55	0.00226
51.56	0.00188
51.57	0.00178
51.58	0.00192
51.59	0.00217
51.6	0.00244
51.61	0.00254
51.62	0.00252
51.63	0.00241
51.64	0.00247
51.65	0.00281
51.66	0.00348
51.67	0.00415
51.68	0.00450
51.69	0.00420
51.7	0.00329
51.71	0.00202
51.72	0.00086
51.73	0.00018
51.74	0.00014
51.75	0.00062
51.76	0.00138
51.77	0.00215
51.78	0.00269
51.79	0.00311
51.8	0.00347
51.81	0.00380
51.82	0.00409
51.83	0.00428
51.84	0.00430
51.85	0.00410
51.86	0.00376
51.87	0.00331
51.88	0.00289
51.89	0.00254
51.9	0.00228
51.91	0.00217
51.92	0.00212
51.93	0.00214
51.94	0.00215
51.95	0.00217
51.96	0.00220
51.97	0.00222
51.98	0.00223
51.99	0.00226
52	0.00230
52.01	0.00232
52.02	0.00224
52.03	0.00215
52.04	0.00191
52.05	0.00162
52.06	0.00132
52.07	0.00107
52.08	0.00090
52.09	0.00083
52.1	0.00080
52.11	0.00076
52.12	0.00065
52.13	0.00056
52.14	0.00047
52.15	0.00048
52.16	0.00056
52.17	0.00068
52.18	0.00079
52.19	0.00080
52.2	0.00070
52.21	0.00049
52.22	0.00026
52.23	0.00011
52.24	0.00010
52.25	0.00024
52.26	0.00049
52.27	0.00077
52.28	0.00100
52.29	0.00120
52.3	0.00125
52.31	0.00122
52.32	0.00110
52.33	0.00095
52.34	0.00077
52.35	0.00062
52.36	0.00050
52.37	0.00040
52.38	0.00024
52.39	0.00014
52.4	0.00006
52.41	0.00001
52.42	-0.00004
52.43	-0.00002
52.44	0.00002
52.45	0.00007
52.46	0.00014
52.47	0.00022
52.48	0.00023
52.49	0.00023
52.5	0.00020
52.51	0.00014
52.52	0.00010
52.53	0.00006
52.54	0.00002
52.55	-0.00002
52.56	-0.00006
52.57	-0.00011
52.58	-0.00014
52.59	-0.00017
52.6	-0.00024
52.61	-0.00031
52.62	-0.00032
52.63	-0.00034
52.64	-0.00032
52.65	-0.00028
52.66	-0.00020
52.67	-0.00014
52.68	-0.00011
52.69	-0.00011
52.7	-0.00011
52.71	-0.00014
52.72	-0.00020
52.73	-0.00024
52.74	-0.00031
52.75	-0.00032
52.76	-0.00034
52.77	-0.00034
52.78	-0.00032
52.79	-0.00031
52.8	-0.00031
52.81	-0.00030
52.82	-0.00030
52.83	-0.00030
52.84	-0.00030
52.85	-0.00030
52.86	-0.00029
52.87	-0.00028
52.88	-0.00023
52.89	-0.00022
52.9	-0.00020
52.91	-0.00020
52.92	-0.00022
52.93	-0.00022
52.94	-0.00023
52.95	-0.00026
52.96	-0.00025
52.97	-0.00025
52.98	-0.00022
52.99	-0.00020
53	-0.00020
53.01	-0.00020
53.02	-0.00020
53.03	-0.00020
53.04	-0.00020
53.05	-0.00020
53.06	-0.00020
53.07	-0.00020
53.08	-0.00020
53.09	-0.00020
53.1	-0.00019
53.11	-0.00019
53.12	-0.00018
53.13	-0.00018
53.14	-0.00017
53.15	-0.00017
53.16	-0.00017
53.17	-0.00014
53.18	-0.00014
53.19	-0.00014
53.2	-0.00014
53.21	-0.00012
53.22	-0.00012
53.23	-0.00012
53.24	-0.00012
53.25	-0.00012
53.26	-0.00012
53.27	-0.00011
53.28	-0.00011
53.29	-0.00011
53.3	-0.00011
53.31	-0.00011
53.32	-0.00011
53.33	-0.00011
53.34	-0.00011
53.35	-0.00010
53.36	-0.00010
53.37	-0.00010
53.38	-0.00010
53.39	-0.00007
53.4	-0.00007
53.41	-0.00007
53.42	-0.00007
53.43	-0.00007
53.44	-0.00007
53.45	-0.00006
53.46	-0.00006
53.47	-0.00006
53.48	-0.00004
53.49	-0.00004
53.5	-0.00004
53.51	-0.00002
53.52	-0.00002
53.53	-0.00002
53.54	-0.00001
53.55	-0.00001
53.56	0.00000
53.57	0.00000
53.58	0.00000
53.59	0.00001
53.6	0.00001
53.61	0.00001
53.62	0.00002
53.63	0.00002
53.64	0.00002
53.65	0.00004
53.66	0.00004
53.67	0.00006
53.68	0.00006
53.69	0.00006
53.7	0.00007
53.71	0.00007
53.72	0.00007
53.73	0.00007
53.74	0.00007
53.75	0.00010
53.76	0.00010
