1 2.88064e-05 8.627e-05 0.00014781 0.000225744 0.000287736 0.000336252 0.000420882 0.000492499 0.000547495 0.000503981 0.00054608 0.00058731 0.000619595 0.000649718
2 3.55211e-05 0.000117771 0.000246716 0.000317259 0.000652032 0.000625958 0.000813289 0.000958842 0.0010616 0.00101115 0.00122466 0.00126248 0.00169225 0.00152375
3 3.60571e-05 0.000124827 0.000295055 0.000356485 0.000991453 0.000873601 0.00120506 0.00152995 0.00181742 0.00172846 0.00222796 0.00236523 0.00330489 0.00303173
4 3.5153e-05 0.000123719 0.000315041 0.000371431 0.00130283 0.00111955 0.00166437 0.00234921 0.00305826 0.00284102 0.00378684 0.00424954 0.00600648 0.00587586
5 3.2752e-05 0.000115305 0.00030055 0.00035365 0.00141646 0.00123566 0.00196533 0.00310069 0.00450378 0.00415267 0.00588534 0.00708108 0.0102616 0.0108911
6 2.99631e-05 0.000105177 0.000279357 0.000325088 0.00154439 0.00136811 0.00238106 0.00429838 0.00692979 0.00629233 0.00933349 0.0118377 0.0167556 0.0191069
7 2.92298e-05 0.000101342 0.000260984 0.000306392 0.00148339 0.00137654 0.00259616 0.00537267 0.00974125 0.00877966 0.014071 0.0195533 0.0274776 0.033494
8 2.59534e-05 8.93685e-05 0.000222942 0.000265756 0.00129784 0.00123288 0.00254772 0.00616959 0.0128195 0.0116622 0.0201056 0.0306809 0.04162 0.0537908
9 2.0707e-05 7.06541e-05 0.000173309 0.000204659 0.000988688 0.000950691 0.00211834 0.00597187 0.0141579 0.0127341 0.0231545 0.0388821 0.0502538 0.0706452
10 1.75673e-05 5.87587e-05 0.00013681 0.0001641 0.000712074 0.00066485 0.00154251 0.00498349 0.0135342 0.0120118 0.0228988 0.0423502 0.0570756 0.0877396
11 1.60858e-05 5.29802e-05 0.000117861 0.000144402 0.00053264 0.000472755 0.00107335 0.00384916 0.0117732 0.0103252 0.0213606 0.044065 0.0625891 0.104871
12 1.49825e-05 4.89478e-05 0.000105529 0.000132301 0.000417248 0.000356145 0.000736055 0.0028391 0.00970955 0.00871149 0.0197684 0.0448899 0.0664996 0.121249
13 1.40072e-05 4.55254e-05 9.61007e-05 0.000122706 0.000354268 0.000289154 0.000534211 0.00208304 0.00796308 0.00729132 0.0181052 0.0450285 0.0687735 0.136125
14 1.3219e-05 4.27776e-05 9.00215e-05 0.000115192 0.000318995 0.000257305 0.000422272 0.00151692 0.00648826 0.00605271 0.0164068 0.0446606 0.0696775 0.149112
15 1.2949e-05 4.163e-05 8.72409e-05 0.00011078 0.000297501 0.000241925 0.000363105 0.00111155 0.00526082 0.00499586 0.0147422 0.0439136 0.0695825 0.160265
16 1.27885e-05 4.10325e-05 8.55386e-05 0.000108989 0.000283645 0.000233581 0.000332498 0.000830926 0.00425127 0.00410959 0.0131703 0.0429005 0.0687995 0.169863
17 1.26738e-05 4.06309e-05 8.44081e-05 0.000107926 0.000274821 0.000228668 0.000316576 0.000643214 0.0034275 0.00337393 0.0117213 0.0417255 0.0675736 0.178278
18 1.25973e-05 4.03579e-05 8.36713e-05 0.000107238 0.000270214 0.000225674 0.000308918 0.000523658 0.00275929 0.00276775 0.0104014 0.040455 0.0660779 0.185813
19 1.25532e-05 4.02029e-05 8.31932e-05 0.000106795 0.00026761 0.000223954 0.00030537 0.000451848 0.00222023 0.00227107 0.00920946 0.0391281 0.0644235 0.192682
20 1.25259e-05 4.01114e-05 8.28761e-05 0.000106555 0.00026594 0.000223202 0.000303615 0.000411029 0.00178795 0.0018665 0.0081373 0.0377665 0.0626733 0.199035