1 7.386e-05 0.000220693 0.00033576 0.000465595 0.000584987 0.000710454 0.000821265 0.000801508 0.000902022 0.000988688 0.00107405 0.00107715 0.00116253 0.00125647 0.00130854 0.00136749
2 8.96397e-05 0.000357707 0.000547289 0.000781548 0.00137984 0.00142902 0.00197911 0.00229598 0.00220022 0.00260739 0.00286075 0.00289615 0.00383238 0.00305316 0.00405434 0.00320176
3 6.93481e-05 0.000322213 0.000512165 0.000763437 0.00164453 0.00167695 0.00256175 0.00326101 0.00305243 0.00401932 0.00476496 0.00497405 0.00773796 0.00601212 0.00966602 0.0072241
4 5.18169e-05 0.000242105 0.000400735 0.000606195 0.0016191 0.00163598 0.00290463 0.00418853 0.00395527 0.00584507 0.0075117 0.00814156 0.0144643 0.0114713 0.0206454 0.0156249
5 4.75986e-05 0.000220215 0.000332201 0.000540409 0.00158398 0.00161781 0.00317664 0.00486041 0.00489805 0.0077713 0.0108741 0.0121542 0.0239494 0.0201915 0.0384546 0.0301004
6 3.9264e-05 0.000177569 0.000259517 0.000426796 0.00136972 0.00138694 0.00306217 0.00510413 0.00541427 0.00953343 0.0145498 0.0165691 0.0352085 0.0316566 0.0605274 0.049045
7 3.372e-05 0.000148683 0.000202969 0.000342676 0.00115794 0.0011347 0.00277441 0.00496351 0.00554689 0.0107683 0.0178515 0.020483 0.0461171 0.0444152 0.083102 0.0708138
8 2.97703e-05 0.000126307 0.000168909 0.000278782 0.000939334 0.00088042 0.00231693 0.0043982 0.00516752 0.0110256 0.0198606 0.0229331 0.0545968 0.0568558 0.101841 0.0908948
9 2.74479e-05 0.000111672 0.000150847 0.000238152 0.00076226 0.000678255 0.00184898 0.00367918 0.00450831 0.0105386 0.0206612 0.0240561 0.0605378 0.0682561 0.11442 0.106524
10 2.62804e-05 0.000103278 0.000142753 0.000215904 0.000640135 0.000542414 0.00146578 0.00301441 0.00379239 0.0096651 0.0206341 0.0242536 0.0644475 0.0785958 0.121263 0.117663
11 2.56628e-05 9.8609e-05 0.000138675 0.000204335 0.000561552 0.000459439 0.00118394 0.0024784 0.00313269 0.00864488 0.020078 0.0238379 0.0668402 0.0881476 0.123748 0.125159
12 2.52334e-05 9.58305e-05 0.000135841 0.000197838 0.000512381 0.00041134 0.000987966 0.00207587 0.00257297 0.0076171 0.0192077 0.023039 0.068157 0.0972733 0.123259 0.129938
13 2.48926e-05 9.39981e-05 0.000133568 0.000193634 0.000481783 0.000383962 0.000855986 0.00178498 0.00212019 0.00665569 0.0181699 0.0220189 0.0687281 0.106281 0.120857 0.132812
14 2.46189e-05 9.27633e-05 0.00013166 0.000190659 0.000462669 0.000368323 0.000768719 0.00157915 0.00176544 0.00579396 0.0170595 0.0208861 0.068782 0.115414 0.117262 0.134342
15 2.44052e-05 9.19594e-05 0.000130068 0.000188553 0.000450623 0.000359253 0.000711627 0.00143484 0.00149366 0.00504131 0.0159389 0.0197098 0.0684666 0.124815 0.112904 0.134899
16 2.42518e-05 9.14424e-05 0.000128801 0.000187202 0.000442988 0.000353875 0.000674489 0.00133411 0.00128913 0.00439557 0.0148424 0.0185362 0.0678918 0.134585 0.108042 0.134716
17 2.41667e-05 9.11127e-05 0.000127846 0.000186359 0.000438094 0.000350625 0.000650395 0.00126389 0.00113755 0.00384809 0.0137906 0.0173905 0.0671208 0.144758 0.102825 0.133936
18 2.41224e-05 9.09158e-05 0.000127179 0.000185856 0.000434933 0.000348638 0.000634828 0.00121483 0.0010267 0.00338806 0.012796 0.0162906 0.0662038 0.155333 0.0973493 0.132652
19 2.41024e-05 9.08093e-05 0.000126806 0.000185581 0.000432896 0.000347461 0.000624797 0.00118041 0.000946571 0.00300416 0.0118634 0.015244 0.0651729 0.166308 0.0916823 0.130929
20 2.40982e-05 9.07683e-05 0.00012666 0.000185473 0.000431613 0.000346807 0.000618383 0.00115612 0.000889253 0.002686 0.0109942 0.0142543 0.0640544 0.177644 0.085877 0.128815