t(s)	a(g)
0	0.00000
0.02	0.00000
0.04	0.00002
0.06	0.00002
0.08	0.00002
0.1	0.00002
0.12	0.00002
0.14	0.00002
0.16	0.00002
0.18	0.00002
0.2	0.00002
0.22	0.00002
0.24	0.00002
0.26	0.00002
0.28	0.00000
0.3	0.00002
0.32	0.00002
0.34	0.00004
0.36	0.00002
0.38	0.00000
0.4	0.00000
0.42	0.00002
0.44	0.00002
0.46	0.00002
0.48	0.00002
0.5	0.00000
0.52	0.00002
0.54	0.00000
0.56	0.00002
0.58	0.00006
0.6	0.00008
0.62	0.00000
0.64	-0.00008
0.66	-0.00002
0.68	0.00004
0.7	0.00006
0.72	0.00008
0.74	0.00002
0.76	0.00002
0.78	-0.00002
0.8	-0.00006
0.82	0.00000
0.84	0.00012
0.86	0.00008
0.88	0.00000
0.9	-0.00002
0.92	0.00000
0.94	0.00002
0.96	0.00002
0.98	0.00002
1	0.00004
1.02	0.00001
1.04	0.00001
1.06	-0.00003
1.08	-0.00004
1.1	-0.00002
1.12	-0.00004
1.14	0.00002
1.16	0.00006
1.18	0.00011
1.2	0.00011
1.22	0.00005
1.24	-0.00010
1.26	-0.00010
1.28	0.00001
1.3	0.00001
1.32	-0.00005
1.34	-0.00001
1.36	0.00011
1.38	0.00001
1.4	-0.00003
1.42	-0.00005
1.44	-0.00001
1.46	0.00007
1.48	0.00007
1.5	-0.00005
1.52	-0.00010
1.54	-0.00009
1.56	0.00007
1.58	0.00011
1.6	0.00001
1.62	-0.00001
1.64	-0.00003
1.66	-0.00001
1.68	-0.00015
1.7	0.00003
1.72	0.00003
1.74	0.00008
1.76	0.00007
1.78	0.00003
1.8	0.00003
1.82	0.00005
1.84	-0.00003
1.86	-0.00007
1.88	0.00007
1.9	0.00005
1.92	-0.00001
1.94	-0.00013
1.96	-0.00015
1.98	-0.00010
2	0.00013
2.02	0.00026
2.04	0.00003
2.06	-0.00019
2.08	-0.00024
2.1	-0.00005
2.12	0.00018
2.14	0.00005
2.16	-0.00024
2.18	-0.00023
2.2	0.00009
2.22	0.00014
2.24	0.00002
2.26	-0.00006
2.28	0.00014
2.3	0.00008
2.32	-0.00013
2.34	-0.00027
2.36	-0.00009
2.38	0.00009
2.4	0.00033
2.42	0.00008
2.44	-0.00015
2.46	-0.00021
2.48	-0.00033
2.5	-0.00002
2.52	0.00027
2.54	0.00028
2.56	-0.00004
2.58	-0.00004
2.6	-0.00023
2.62	-0.00018
2.64	-0.00014
2.66	0.00016
2.68	0.00021
2.7	0.00006
2.72	-0.00006
2.74	-0.00008
2.76	-0.00019
2.78	0.00000
2.8	-0.00004
2.82	-0.00023
2.84	0.00006
2.86	0.00018
2.88	0.00009
2.9	0.00004
2.92	0.00000
2.94	-0.00025
2.96	-0.00018
2.98	0.00037
3	0.00025
3.02	-0.00057
3.04	-0.00023
3.06	0.00014
3.08	0.00043
3.1	0.00000
3.12	-0.00012
3.14	-0.00025
3.16	0.00002
3.18	0.00037
3.2	0.00004
3.22	-0.00002
3.24	-0.00041
3.26	-0.00039
3.28	0.00009
3.3	0.00039
3.32	0.00009
3.34	0.00004
3.36	-0.00019
3.38	-0.00016
3.4	0.00000
3.42	0.00039
3.44	0.00009
3.46	0.00000
3.48	-0.00018
3.5	-0.00008
3.52	-0.00004
3.54	-0.00009
3.56	-0.00019
3.58	-0.00019
3.6	0.00021
3.62	0.00004
3.64	0.00023
3.66	-0.00021
3.68	-0.00087
3.7	-0.00034
3.72	0.00059
3.74	0.00046
3.76	-0.00023
3.78	-0.00036
3.8	0.00010
3.82	-0.00038
3.84	-0.00001
3.86	0.00098
3.88	0.00062
3.9	-0.00110
3.92	-0.00109
3.94	-0.00003
3.96	0.00063
3.98	0.00081
4	0.00004
4.02	-0.00072
4.04	-0.00015
4.06	0.00070
4.08	0.00087
4.1	-0.00048
4.12	-0.00082
4.14	-0.00008
4.16	0.00053
4.18	0.00045
4.2	-0.00033
4.22	-0.00064
4.24	-0.00064
4.26	-0.00049
4.28	0.00040
4.3	0.00049
4.32	-0.00040
4.34	0.00003
4.36	0.00094
4.38	-0.00074
4.4	-0.00150
4.42	0.00029
4.44	0.00156
4.46	0.00022
4.48	-0.00125
4.5	-0.00093
4.52	0.00032
4.54	0.00111
4.56	0.00047
4.58	-0.00088
4.6	-0.00095
4.62	0.00087
4.64	0.00103
4.66	-0.00020
4.68	-0.00100
4.7	-0.00016
4.72	0.00049
4.74	0.00024
4.76	-0.00018
4.78	-0.00038
4.8	-0.00005
4.82	0.00004
4.84	-0.00004
4.86	0.00013
4.88	0.00026
4.9	-0.00027
4.92	0.00017
4.94	0.00013
4.96	-0.00005
4.98	-0.00051
5	-0.00007
5.02	0.00041
5.04	0.00044
5.06	-0.00051
5.08	-0.00065
5.1	0.00020
5.12	0.00041
5.14	0.00046
5.16	-0.00042
5.18	-0.00015
5.2	-0.00067
5.22	-0.00050
5.24	-0.00019
5.26	0.00043
5.28	0.00023
5.3	0.00006
5.32	0.00010
5.34	-0.00050
5.36	-0.00078
5.38	0.00030
5.4	0.00008
5.42	-0.00004
5.44	-0.00025
5.46	0.00022
5.48	-0.00015
5.5	-0.00103
5.52	-0.00018
5.54	0.00085
5.56	0.00093
5.58	-0.00025
5.6	-0.00125
5.62	-0.00061
5.64	0.00096
5.66	0.00121
5.68	-0.00065
5.7	-0.00180
5.72	-0.00014
5.74	0.00154
5.76	0.00110
5.78	-0.00062
5.8	-0.00155
5.82	-0.00074
5.84	0.00124
5.86	0.00104
5.88	-0.00001
5.9	-0.00045
5.92	-0.00103
5.94	-0.00078
5.96	0.00016
5.98	0.00106
6	0.00053
6.02	-0.00011
6.04	-0.00055
6.06	-0.00062
6.08	0.00020
6.1	0.00028
6.12	0.00012
6.14	-0.00040
6.16	-0.00041
6.18	-0.00015
6.2	0.00034
6.22	0.00034
6.24	-0.00021
6.26	-0.00031
6.28	0.00016
6.3	0.00058
6.32	-0.00005
6.34	-0.00110
6.36	-0.00048
6.38	0.00039
6.4	0.00058
6.42	0.00012
6.44	-0.00060
6.46	-0.00035
6.48	0.00006
6.5	0.00077
6.52	-0.00008
6.54	-0.00041
6.56	0.00037
6.58	-0.00021
6.6	0.00018
6.62	0.00002
6.64	-0.00031
6.66	-0.00014
6.68	-0.00026
6.7	-0.00014
6.72	0.00052
6.74	0.00022
6.76	-0.00031
6.78	-0.00058
6.8	-0.00025
6.82	-0.00009
6.84	0.00044
6.86	0.00012
6.88	0.00022
6.9	-0.00024
6.92	-0.00023
6.94	-0.00023
6.96	0.00024
6.98	0.00054
7	-0.00019
7.02	0.00023
7.04	0.00000
7.06	-0.00035
7.08	0.00029
7.1	0.00077
7.12	-0.00004
7.14	-0.00061
7.16	-0.00012
7.18	0.00062
7.2	0.00018
7.22	-0.00050
7.24	-0.00065
7.26	-0.00033
7.28	0.00003
7.3	0.00011
7.32	0.00064
7.34	0.00012
7.36	-0.00015
7.38	-0.00019
7.4	-0.00012
7.42	-0.00044
7.44	-0.00003
7.46	0.00026
7.48	-0.00019
7.5	-0.00011
7.52	0.00064
7.54	-0.00004
7.56	-0.00046
7.58	0.00010
7.6	0.00022
7.62	0.00002
7.64	-0.00033
7.66	-0.00009
7.68	0.00007
7.7	0.00103
7.72	0.00020
7.74	-0.00046
7.76	-0.00071
7.78	0.00034
7.8	0.00073
7.82	-0.00041
7.84	-0.00014
7.86	-0.00017
7.88	-0.00067
7.9	0.00042
7.92	0.00086
7.94	-0.00037
7.96	0.00112
7.98	-0.00044
8	-0.00093
8.02	-0.00086
8.04	0.00106
8.06	0.00047
8.08	0.00027
8.1	-0.00078
8.12	-0.00039
8.14	-0.00004
8.16	0.00029
8.18	-0.00008
8.2	0.00037
8.22	0.00022
8.24	0.00041
8.26	-0.00060
8.28	0.00018
8.3	-0.00019
8.32	-0.00010
8.34	0.00045
8.36	0.00066
8.38	-0.00035
8.4	-0.00004
8.42	-0.00008
8.44	0.00018
8.46	0.00002
8.48	0.00013
8.5	-0.00002
8.52	-0.00004
8.54	-0.00005
8.56	0.00013
8.58	0.00026
8.6	0.00040
8.62	0.00015
8.64	-0.00032
8.66	-0.00009
8.68	0.00011
8.7	0.00033
8.72	0.00001
8.74	0.00005
8.76	-0.00015
8.78	-0.00020
8.8	-0.00025
8.82	0.00001
8.84	-0.00001
8.86	0.00081
8.88	0.00068
8.9	-0.00017
8.92	-0.00086
8.94	-0.00034
8.96	0.00044
8.98	0.00042
9	0.00017
9.02	0.00019
9.04	-0.00006
9.06	0.00016
9.08	0.00010
9.1	-0.00039
9.12	-0.00038
9.14	0.00031
9.16	0.00091
9.18	0.00025
9.2	-0.00106
9.22	-0.00034
9.24	0.00068
9.26	0.00071
9.28	0.00010
9.3	-0.00046
9.32	-0.00056
9.34	-0.00015
9.36	0.00007
9.38	0.00084
9.4	0.00047
9.42	-0.00043
9.44	-0.00023
9.46	-0.00023
9.48	0.00002
9.5	0.00082
9.52	0.00035
9.54	0.00036
9.56	-0.00017
9.58	-0.00001
9.6	-0.00028
9.62	-0.00014
9.64	0.00014
9.66	0.00076
9.68	0.00031
9.7	-0.00020
9.72	-0.00022
9.74	0.00053
9.76	0.00070
9.78	0.00019
9.8	-0.00054
9.82	-0.00018
9.84	0.00053
9.86	0.00080
9.88	0.00004
9.9	0.00002
9.92	-0.00008
9.94	0.00023
9.96	0.00000
9.98	0.00012
10	-0.00045
10.02	0.00018
10.04	0.00064
10.06	0.00032
10.08	-0.00044
10.1	-0.00050
10.12	0.00043
10.14	0.00009
10.16	-0.00048
10.18	0.00009
10.2	0.00037
10.22	0.00014
10.24	-0.00057
10.26	-0.00027
10.28	-0.00008
10.3	0.00014
10.32	0.00030
10.34	-0.00016
10.36	0.00002
10.38	0.00065
10.4	0.00072
10.42	-0.00055
10.44	-0.00052
10.46	0.00046
10.48	0.00127
10.5	0.00026
10.52	-0.00004
10.54	-0.00059
10.56	0.00049
10.58	0.00114
10.6	0.00131
10.62	0.00049
10.64	0.00085
10.66	0.00053
10.68	-0.00025
10.7	-0.00023
10.72	0.00177
10.74	0.00138
10.76	-0.00029
10.78	-0.00090
10.8	0.00028
10.82	0.00132
10.84	0.00144
10.86	0.00107
10.88	0.00044
10.9	0.00019
10.92	-0.00047
10.94	0.00013
10.96	-0.00006
10.98	-0.00010
11	0.00025
11.02	0.00106
11.04	-0.00079
11.06	-0.00149
11.08	-0.00015
11.1	0.00026
11.12	-0.00053
11.14	-0.00080
11.16	-0.00071
11.18	-0.00077
11.2	0.00027
11.22	-0.00039
11.24	-0.00204
11.26	-0.00211
11.28	-0.00194
11.3	-0.00058
11.32	0.00017
11.34	0.00003
11.36	0.00045
11.38	0.00175
11.4	0.00205
11.42	0.00054
11.44	0.00039
11.46	0.00062
11.48	-0.00111
11.5	-0.00022
11.52	-0.00132
11.54	-0.00259
11.56	-0.00072
11.58	0.00053
11.6	-0.00383
11.62	-0.00559
11.64	-0.00285
11.66	-0.00027
11.68	0.00101
11.7	0.00127
11.72	-0.00028
11.74	0.00023
11.76	0.00315
11.78	0.00658
11.8	0.00332
11.82	0.00425
11.84	0.00611
11.86	0.00401
11.88	0.00113
11.9	0.00400
11.92	0.00586
11.94	0.00539
11.96	0.00074
11.98	0.00137
12	0.00387
12.02	0.00305
12.04	0.00061
12.06	0.00189
12.08	0.00257
12.1	0.00245
12.12	0.00196
12.14	0.00546
12.16	0.00586
12.18	0.00616
12.2	0.00274
12.22	0.00404
12.24	0.00713
12.26	0.00498
12.28	0.00205
12.3	-0.00125
12.32	-0.00098
12.34	-0.00139
12.36	0.00022
12.38	-0.00029
12.4	0.00283
12.42	0.00673
12.44	-0.00043
12.46	-0.00266
12.48	-0.00214
12.5	0.00171
12.52	0.00216
12.54	0.00323
12.56	0.00032
12.58	0.00284
12.6	0.00846
12.62	0.00576
12.64	0.00772
12.66	0.00843
12.68	-0.00098
12.7	-0.00652
12.72	-0.00523
12.74	0.00167
12.76	0.00253
12.78	-0.00485
12.8	-0.00254
12.82	0.00171
12.84	-0.00063
12.86	0.01319
12.88	0.01268
12.9	0.00060
12.92	0.00543
12.94	0.01087
12.96	0.01379
12.98	0.00767
13	0.00419
13.02	-0.00247
13.04	0.00511
13.06	0.00148
13.08	-0.00483
13.1	-0.00074
13.12	-0.00989
13.14	-0.01219
13.16	-0.01688
13.18	-0.01703
13.2	-0.00449
13.22	-0.00528
13.24	-0.01246
13.26	-0.01067
13.28	-0.01569
13.3	-0.02077
13.32	-0.01814
13.34	-0.01602
13.36	-0.01399
13.38	-0.01357
13.4	-0.02753
13.42	-0.02723
13.44	-0.02585
13.46	-0.02232
13.48	-0.02389
13.5	-0.02193
13.52	-0.01132
13.54	0.00186
13.56	-0.00463
13.58	-0.00643
13.6	0.01902
13.62	0.04121
13.64	0.04695
13.66	0.05687
13.68	0.04063
13.7	0.03596
13.72	0.02766
13.74	0.00245
13.76	-0.00369
13.78	-0.02549
13.8	-0.04626
13.82	-0.03547
13.84	-0.02729
13.86	-0.03172
13.88	-0.05667
13.9	-0.06907
13.92	-0.06038
13.94	-0.02439
13.96	-0.00258
13.98	0.00386
14	0.00444
14.02	-0.00154
14.04	0.00925
14.06	0.03087
14.08	0.05297
14.1	0.06929
14.12	0.04738
14.14	0.02042
14.16	0.00129
14.18	0.00276
14.2	0.00457
14.22	-0.02480
14.24	-0.04525
14.26	-0.05324
14.28	-0.02883
14.3	0.00463
14.32	0.01258
14.34	0.01297
14.36	-0.02162
14.38	-0.04601
14.4	-0.01090
14.42	0.04942
14.44	0.05073
14.46	0.03976
14.48	-0.00564
14.5	-0.01579
14.52	-0.00357
14.54	0.02539
14.56	0.03306
14.58	-0.01440
14.6	-0.04469
14.62	-0.03785
14.64	-0.01758
14.66	0.04341
14.68	0.05812
14.7	0.02859
14.72	-0.00342
14.74	-0.01734
14.76	0.00491
14.78	0.02621
14.8	0.05947
14.82	0.05238
14.84	0.00033
14.86	-0.03366
14.88	-0.03482
14.9	0.02321
14.92	0.07215
14.94	0.03948
14.96	-0.02117
14.98	-0.05060
15	-0.01217
15.02	0.01898
15.04	0.05419
15.06	0.02744
15.08	-0.01331
15.1	-0.01791
15.12	-0.01217
15.14	0.00532
15.16	0.04336
15.18	0.02348
15.2	-0.00796
15.22	-0.03476
15.24	-0.01881
15.26	0.02467
15.28	0.06320
15.3	0.08925
15.32	0.04594
15.34	0.02160
15.36	0.00641
15.38	0.05705
15.4	0.09859
15.42	0.07759
15.44	0.03038
15.46	-0.01331
15.48	0.00886
15.5	0.01192
15.52	-0.00160
15.54	-0.01057
15.56	-0.00774
15.58	-0.02493
15.6	-0.05160
15.62	-0.10069
15.64	-0.08389
15.66	-0.03685
15.68	-0.00105
15.7	-0.03115
15.72	-0.06225
15.74	-0.06893
15.76	-0.01970
15.78	0.02930
15.8	0.04609
15.82	0.00839
15.84	-0.01403
15.86	-0.04691
15.88	-0.06179
15.9	-0.00290
15.92	0.02141
15.94	0.02291
15.96	-0.00160
15.98	-0.03571
16	-0.01052
16.02	0.05674
16.04	0.02048
16.06	-0.00042
16.08	-0.00575
16.1	0.01429
16.12	0.01347
16.14	0.02700
16.16	0.00565
16.18	-0.01871
16.2	-0.07048
16.22	-0.08969
16.24	-0.04136
16.26	-0.02775
16.28	-0.05635
16.3	-0.07212
16.32	-0.07876
16.34	-0.06386
16.36	-0.01856
16.38	0.04232
16.4	0.07130
16.42	-0.00160
16.44	-0.01998
16.46	0.01997
16.48	0.03801
16.5	0.02400
16.52	-0.00607
16.54	-0.01413
16.56	0.01984
16.58	0.01728
16.6	0.01368
16.62	0.00349
16.64	-0.02156
16.66	-0.03028
16.68	-0.03800
16.7	-0.05166
16.72	-0.03566
16.74	-0.02771
16.76	0.02714
16.78	0.03396
16.8	0.05679
16.82	0.06431
16.84	0.04306
16.86	0.00959
16.88	-0.01280
16.9	0.00766
16.92	-0.01923
16.94	-0.03327
16.96	-0.02821
16.98	-0.03064
17	-0.07381
17.02	-0.09550
17.04	-0.09501
17.06	-0.06030
17.08	-0.02414
17.1	-0.04112
17.12	-0.01357
17.14	-0.00114
17.16	0.00753
17.18	-0.01545
17.2	-0.03582
17.22	-0.00972
17.24	0.05948
17.26	0.09789
17.28	0.02993
17.3	-0.02840
17.32	-0.05094
17.34	-0.02643
17.36	-0.00247
17.38	0.05343
17.4	0.03609
17.42	0.01983
17.44	-0.00037
17.46	0.00231
17.48	0.02147
17.5	-0.02038
17.52	-0.04738
17.54	0.00661
17.56	0.01763
17.58	-0.00306
17.6	-0.02024
17.62	0.00063
17.64	0.02560
17.66	-0.01805
17.68	-0.04334
17.7	-0.02648
17.72	-0.01856
17.74	-0.01447
17.76	-0.02741
17.78	-0.06382
17.8	-0.05813
17.82	0.02587
17.84	0.10664
17.86	0.12542
17.88	0.13134
17.9	0.12963
17.92	0.09511
17.94	0.08195
17.96	0.09525
17.98	0.07778
18	0.05638
18.02	0.02111
18.04	-0.00155
18.06	-0.00974
18.08	-0.01968
18.1	-0.04918
18.12	-0.03414
18.14	-0.03627
18.16	-0.03445
18.18	-0.00869
18.2	-0.00362
18.22	-0.00639
18.24	0.02276
18.26	0.01829
18.28	-0.00985
18.3	0.01676
18.32	0.03756
18.34	0.05450
18.36	0.04169
18.38	0.02905
18.4	-0.00270
18.42	0.03165
18.44	0.00387
18.46	-0.01139
18.48	-0.05438
18.5	-0.05534
18.52	-0.02935
18.54	-0.01837
18.56	-0.05025
18.58	-0.04474
18.6	-0.03882
18.62	-0.01626
18.64	0.00249
18.66	-0.01256
18.68	0.01923
18.7	0.04308
18.72	0.07052
18.74	0.05136
18.76	0.00420
18.78	-0.01991
18.8	-0.01867
18.82	-0.03554
18.84	-0.06241
18.86	-0.07056
18.88	-0.05025
18.9	-0.00171
18.92	0.02163
18.94	-0.01326
18.96	-0.03804
18.98	-0.01283
19	0.00866
19.02	0.00873
19.04	-0.02511
19.06	-0.02255
19.08	0.02177
19.1	0.03822
19.12	0.04581
19.14	0.04546
19.16	0.01450
19.18	0.02732
19.2	0.04346
19.22	0.03033
19.24	0.00257
19.26	-0.01039
19.28	-0.03814
19.3	-0.02743
19.32	0.02052
19.34	0.03544
19.36	0.02744
19.38	0.02115
19.4	-0.00131
19.42	0.02014
19.44	0.00749
19.46	-0.01677
19.48	-0.02872
19.5	0.00331
19.52	-0.00607
19.54	-0.01585
19.56	-0.01993
19.58	-0.01409
19.6	0.01899
19.62	0.04250
19.64	0.01126
19.66	-0.03230
19.68	0.01235
19.7	0.04173
19.72	0.04041
19.74	0.06549
19.76	0.06706
19.78	0.05210
19.8	0.03464
19.82	-0.01340
19.84	-0.04037
19.86	-0.02367
19.88	-0.01881
19.9	-0.01611
19.92	-0.02181
19.94	-0.01283
19.96	-0.01734
19.98	-0.00871
20	0.01096
20.02	0.00645
20.04	-0.03904
20.06	-0.04883
20.08	-0.02520
20.1	-0.00906
20.12	0.00300
20.14	-0.00334
20.16	-0.01815
20.18	-0.01125
20.2	-0.03624
20.22	-0.03496
20.24	-0.01403
20.26	0.00152
20.28	0.00453
20.3	-0.01432
20.32	-0.02558
20.34	-0.04542
20.36	-0.01509
20.38	-0.01430
20.4	-0.01573
20.42	-0.00436
20.44	-0.01019
20.46	0.01125
20.48	-0.00027
20.5	-0.01841
20.52	0.04378
20.54	0.05551
20.56	-0.00198
20.58	-0.03629
20.6	-0.04591
20.62	-0.02596
20.64	-0.00034
20.66	-0.01980
20.68	-0.03649
20.7	-0.01679
20.72	0.01864
20.74	0.07212
20.76	0.07219
20.78	0.05397
20.8	0.01866
20.82	0.02990
20.84	0.05964
20.86	0.02427
20.88	-0.01222
20.9	-0.00469
20.92	-0.00272
20.94	-0.00615
20.96	-0.03849
20.98	-0.05505
21	-0.01807
21.02	0.00330
21.04	0.01183
21.06	0.00461
21.08	0.03485
21.1	0.06169
21.12	0.04443
21.14	0.01959
21.16	0.01195
21.18	0.00402
21.2	0.02432
21.22	0.03255
21.24	0.02404
21.26	-0.00827
21.28	-0.01850
21.3	-0.03801
21.32	-0.04414
21.34	-0.00735
21.36	0.03081
21.38	0.00586
21.4	-0.03014
21.42	-0.07987
21.44	-0.04113
21.46	-0.00159
21.48	0.02677
21.5	0.05822
21.52	0.05519
21.54	0.05652
21.56	0.03350
21.58	0.02786
21.6	-0.00267
21.62	-0.00236
21.64	0.01488
21.66	0.01306
21.68	-0.00342
21.7	-0.00277
21.72	-0.03004
21.74	-0.06133
21.76	-0.09259
21.78	-0.04601
21.8	-0.00868
21.82	0.01445
21.84	-0.00064
21.86	0.00296
21.88	0.02004
21.9	0.03556
21.92	0.05585
21.94	0.05243
21.96	0.00902
21.98	0.00224
22	-0.01767
22.02	-0.00123
22.04	-0.00802
22.06	-0.04720
22.08	-0.05962
22.1	-0.03190
22.12	-0.00087
22.14	0.01495
22.16	-0.00783
22.18	-0.02752
22.2	0.00544
22.22	0.04651
22.24	0.07532
22.26	0.06382
22.28	0.03002
22.3	0.00832
22.32	0.02666
22.34	0.02167
22.36	0.01690
22.38	0.00253
22.4	-0.01200
22.42	-0.02643
22.44	-0.04398
22.46	-0.06116
22.48	-0.05052
22.5	-0.01946
22.52	-0.00608
22.54	-0.00135
22.56	0.03165
22.58	0.02966
22.6	0.02167
22.62	0.01555
22.64	0.04740
22.66	0.02426
22.68	-0.02503
22.7	-0.02123
22.72	0.01271
22.74	-0.00711
22.76	-0.03604
22.78	-0.02754
22.8	-0.00247
22.82	0.00802
22.84	-0.03523
22.86	-0.04153
22.88	-0.04513
22.9	-0.01526
22.92	-0.00008
22.94	0.04347
22.96	0.03557
22.98	0.01978
23	0.01395
23.02	0.00117
23.04	0.02198
23.06	0.04215
23.08	0.00981
23.1	-0.02628
23.12	-0.04981
23.14	-0.03061
23.16	-0.00038
23.18	-0.00939
23.2	-0.03415
23.22	-0.03917
23.24	-0.01193
23.26	0.03317
23.28	0.02752
23.3	0.02347
23.32	-0.00376
23.34	0.00842
23.36	0.03426
23.38	0.04126
23.4	-0.00347
23.42	-0.04353
23.44	-0.06880
23.46	-0.04786
23.48	-0.00440
23.5	0.00675
23.52	-0.03991
23.54	-0.05387
23.56	-0.00958
23.58	0.00279
23.6	0.00111
23.62	0.00789
23.64	0.00723
23.66	-0.00218
23.68	-0.01617
23.7	0.00224
23.72	0.03258
23.74	0.04729
23.76	0.03180
23.78	0.01161
23.8	-0.01050
23.82	0.00718
23.84	0.04239
23.86	0.03038
23.88	-0.01063
23.9	-0.02604
23.92	0.00411
23.94	0.03233
23.96	-0.00342
23.98	-0.04415
24	-0.02577
24.02	-0.01647
24.04	-0.02726
24.06	-0.00977
24.08	-0.01025
24.1	-0.04173
24.12	-0.05273
24.14	-0.01878
24.16	0.03615
24.18	0.02649
24.2	0.02365
24.22	0.02868
24.24	0.03167
24.26	0.01614
24.28	0.00472
24.3	0.00156
24.32	0.01863
24.34	-0.00685
24.36	-0.03351
24.38	-0.03655
24.4	-0.01075
24.42	0.00626
24.44	0.01828
24.46	0.02064
24.48	-0.00222
24.5	-0.01712
24.52	0.02205
24.54	0.04567
24.56	0.01787
24.58	-0.00479
24.6	-0.02314
24.62	-0.04287
24.64	-0.03630
24.66	-0.01740
24.68	-0.02647
24.7	-0.02036
24.72	-0.03406
24.74	-0.04403
24.76	-0.00328
24.78	0.02256
24.8	0.01333
24.82	0.02035
24.84	0.06418
24.86	0.03999
24.88	0.01440
24.9	-0.01150
24.92	-0.01250
24.94	-0.01448
24.96	0.00187
24.98	0.00554
25	0.01083
25.02	0.00019
25.04	0.00769
25.06	0.00842
25.08	0.00307
25.1	-0.00007
25.12	-0.00678
25.14	-0.01304
25.16	0.01693
25.18	0.01550
25.2	0.02266
25.22	0.02264
25.24	-0.00733
25.26	-0.04092
25.28	-0.01702
25.3	-0.03210
25.32	-0.04589
25.34	-0.02701
25.36	-0.01248
25.38	-0.01810
25.4	0.00887
25.42	-0.01130
25.44	-0.02398
25.46	-0.01407
25.48	-0.01422
25.5	0.00794
25.52	0.03230
25.54	0.04324
25.56	0.02849
25.58	0.01750
25.6	0.00335
25.62	0.00229
25.64	0.00915
25.66	-0.00729
25.68	-0.01187
25.7	-0.03681
25.72	-0.04692
25.74	-0.02817
25.76	0.00585
25.78	0.02749
25.8	0.01540
25.82	-0.00747
25.84	-0.00435
25.86	0.01389
25.88	-0.03811
25.9	-0.00526
25.92	-0.00080
25.94	-0.02178
25.96	-0.01816
25.98	-0.01095
26	-0.00390
26.02	-0.00075
26.04	-0.00366
26.06	0.00225
26.08	0.00682
26.1	0.02254
26.12	0.03734
26.14	0.03852
26.16	0.01125
26.18	0.01670
26.2	0.04869
26.22	0.02672
26.24	-0.01089
26.26	-0.02294
26.28	-0.01145
26.3	0.01367
26.32	0.01267
26.34	0.01497
26.36	0.01059
26.38	-0.00708
26.4	-0.00370
26.42	0.02101
26.44	0.01539
26.46	0.00572
26.48	-0.00325
26.5	-0.01622
26.52	-0.00475
26.54	0.02625
26.56	0.03560
26.58	-0.01592
26.6	-0.03866
26.62	-0.04097
26.64	0.01278
26.66	0.03894
26.68	0.01504
26.7	0.00417
26.72	-0.00670
26.74	-0.05587
26.76	-0.04474
26.78	-0.02019
26.8	0.00123
26.82	-0.00815
26.84	0.00841
26.86	0.01858
26.88	-0.01449
26.9	-0.01778
26.92	0.00480
26.94	0.03072
26.96	0.05004
26.98	0.05127
27	0.03663
27.02	0.03914
27.04	0.02700
27.06	-0.01543
27.08	-0.00854
27.1	0.01062
27.12	0.01616
27.14	-0.00781
27.16	-0.02104
27.18	-0.02306
27.2	0.00871
27.22	0.01356
27.24	0.01791
27.26	0.03845
27.28	0.05904
27.3	0.01604
27.32	-0.01005
27.34	0.00126
27.36	0.01438
27.38	-0.00120
27.4	-0.01482
27.42	-0.04134
27.44	-0.04345
27.46	-0.03967
27.48	-0.02974
27.5	-0.01534
27.52	-0.01551
27.54	-0.00684
27.56	0.02520
27.58	0.03704
27.6	0.02995
27.62	0.01141
27.64	-0.00031
27.66	0.01290
27.68	0.00131
27.7	0.00606
27.72	-0.00268
27.74	0.00613
27.76	0.02546
27.78	0.02927
27.8	0.00799
27.82	-0.00807
27.84	-0.02820
27.86	-0.03880
27.88	-0.04583
27.9	-0.03285
27.92	-0.02915
27.94	-0.01894
27.96	-0.01593
27.98	0.00324
28	0.00736
28.02	0.01663
28.04	0.01905
28.06	0.02369
28.08	0.01427
28.1	0.03129
28.12	0.03388
28.14	-0.00449
28.16	-0.05152
28.18	-0.08422
28.2	-0.04427
28.22	-0.02025
28.24	-0.00007
28.26	0.01139
28.28	-0.02385
28.3	-0.05182
28.32	-0.03057
28.34	-0.01054
28.36	0.01736
28.38	0.02229
28.4	0.02096
28.42	0.01982
28.44	0.03406
28.46	0.03114
28.48	0.02905
28.5	0.03924
28.52	0.02179
28.54	-0.01051
28.56	-0.03309
28.58	-0.02612
28.6	-0.00349
28.62	-0.02755
28.64	-0.07781
28.66	-0.06287
28.68	-0.02295
28.7	0.03294
28.72	0.03258
28.74	0.02202
28.76	0.00656
28.78	0.00738
28.8	0.01840
28.82	0.04521
28.84	0.02651
28.86	0.01167
28.88	0.01093
28.9	0.02643
28.92	0.02388
28.94	0.02868
28.96	0.00150
28.98	-0.02745
29	-0.02794
29.02	-0.02042
29.04	0.02487
29.06	0.01074
29.08	-0.04023
29.1	-0.03561
29.12	0.00153
29.14	0.00404
29.16	0.00139
29.18	-0.00671
29.2	0.00629
29.22	0.02214
29.24	0.02253
29.26	-0.01239
29.28	-0.01782
29.3	-0.01433
29.32	-0.00426
29.34	0.00467
29.36	0.01930
29.38	0.00960
29.4	-0.01237
29.42	-0.02268
29.44	-0.01445
29.46	-0.00243
29.48	-0.02648
29.5	-0.04007
29.52	-0.01532
29.54	0.02940
29.56	0.03727
29.58	0.01597
29.6	0.01415
29.62	0.01462
29.64	0.03044
29.66	0.05577
29.68	0.02858
29.7	0.00643
29.72	-0.00549
29.74	-0.01760
29.76	-0.03743
29.78	-0.03611
29.8	-0.03268
29.82	-0.02102
29.84	-0.00368
29.86	-0.02062
29.88	-0.03822
29.9	-0.01836
29.92	0.02989
29.94	0.04688
29.96	0.04031
29.98	0.00823
30	-0.00702
30.02	-0.01408
30.04	0.01320
30.06	0.01351
30.08	0.01256
30.1	-0.03219
30.12	-0.04484
30.14	-0.01854
30.16	-0.01463
30.18	-0.01669
30.2	-0.00894
30.22	-0.00132
30.24	-0.00420
30.26	-0.00840
30.28	-0.00582
30.3	0.01179
30.32	0.02905
30.34	0.04739
30.36	0.04307
30.38	0.01639
30.4	-0.00627
30.42	-0.01016
30.44	-0.00417
30.46	0.00770
30.48	0.00591
30.5	-0.02234
30.52	-0.00464
30.54	0.01200
30.56	0.01787
30.58	0.00894
30.6	0.02270
30.62	0.01301
30.64	0.00495
30.66	-0.00154
30.68	-0.00242
30.7	0.00501
30.72	0.00204
30.74	0.00469
30.76	-0.01114
30.78	-0.01093
30.8	-0.01270
30.82	-0.01586
30.84	-0.03070
30.86	-0.03531
30.88	-0.02356
30.9	0.00779
30.92	0.02450
30.94	0.04025
30.96	0.03410
30.98	-0.01060
31	-0.03384
31.02	-0.02607
31.04	-0.00380
31.06	0.00190
31.08	-0.02775
31.1	-0.03014
31.12	-0.01864
31.14	-0.01134
31.16	-0.01260
31.18	-0.00052
31.2	-0.00666
31.22	-0.00023
31.24	-0.00107
31.26	-0.01700
31.28	-0.02740
31.3	-0.00238
31.32	0.02419
31.34	0.01542
31.36	0.00088
31.38	0.00935
31.4	0.03606
31.42	0.01646
31.44	-0.01832
31.46	-0.03871
31.48	-0.01368
31.5	0.02640
31.52	0.00981
31.54	-0.01307
31.56	-0.00055
31.58	0.03494
31.6	0.02782
31.62	-0.00981
31.64	-0.03204
31.66	0.00345
31.68	0.03560
31.7	0.03258
31.72	0.01766
31.74	-0.00469
31.76	-0.02967
31.78	-0.01153
31.8	0.02096
31.82	0.00548
31.84	-0.02529
31.86	-0.03337
31.88	-0.01188
31.9	0.00723
31.92	0.00256
31.94	-0.00166
31.96	0.01266
31.98	0.02627
32	0.01572
32.02	-0.00565
32.04	-0.02446
32.06	-0.03347
32.08	-0.01426
32.1	-0.00386
32.12	-0.03783
32.14	-0.02549
32.16	0.00968
32.18	0.04516
32.2	0.01461
32.22	-0.02325
32.24	-0.02334
32.26	0.00167
32.28	0.01849
32.3	0.01383
32.32	0.00683
32.34	0.02143
32.36	0.02666
32.38	0.01695
32.4	0.02781
32.42	0.01930
32.44	0.01931
32.46	0.00736
32.48	0.00117
32.5	-0.03271
32.52	-0.01823
32.54	0.01453
32.56	0.02845
32.58	0.00597
32.6	-0.03389
32.62	-0.04232
32.64	0.00639
32.66	0.02673
32.68	-0.00805
32.7	-0.03955
32.72	-0.02363
32.74	0.01413
32.76	0.02449
32.78	0.02742
32.8	0.03748
32.82	0.01791
32.84	-0.00344
32.86	0.01288
32.88	0.01118
32.9	0.00646
32.92	0.00345
32.94	0.00750
32.96	-0.00955
32.98	-0.02436
33	-0.02489
33.02	-0.00679
33.04	-0.02415
33.06	-0.02250
33.08	-0.00553
33.1	0.00691
33.12	-0.00598
33.14	0.01485
33.16	0.02178
33.18	0.02052
33.2	0.00135
33.22	-0.00558
33.24	-0.00469
33.26	0.01161
33.28	0.00148
33.3	-0.00070
33.32	-0.00230
33.34	-0.01898
33.36	-0.02302
33.38	-0.01533
33.4	-0.00852
33.42	-0.00275
33.44	0.00504
33.46	-0.01228
33.48	-0.03527
33.5	-0.03543
33.52	-0.02998
33.54	-0.01206
33.56	0.01494
33.58	0.04158
33.6	0.04079
33.62	0.03103
33.64	0.04364
33.66	0.04752
33.68	0.03355
33.7	0.01283
33.72	-0.01040
33.74	-0.00260
33.76	-0.00153
33.78	-0.02028
33.8	-0.02744
33.82	-0.01734
33.84	0.00410
33.86	0.01091
33.88	0.02271
33.9	0.01102
33.92	0.01790
33.94	0.02618
33.96	0.03361
33.98	0.03876
34	0.03127
34.02	0.01716
34.04	-0.00204
34.06	-0.00807
34.08	0.00779
34.1	0.00111
34.12	-0.02938
34.14	-0.02365
34.16	-0.03035
34.18	-0.03882
34.2	-0.02657
34.22	0.00198
34.24	0.02199
34.26	0.02919
34.28	0.01329
34.3	0.00106
34.32	-0.01226
34.34	-0.02165
34.36	-0.00316
34.38	0.00088
34.4	-0.00958
34.42	-0.02807
34.44	-0.02218
34.46	-0.00231
34.48	0.00444
34.5	-0.00604
34.52	-0.01811
34.54	-0.02554
34.56	-0.02547
34.58	-0.01869
34.6	-0.02034
34.62	-0.05100
34.64	-0.03051
34.66	-0.01294
34.68	0.00299
34.7	0.05093
34.72	0.05130
34.74	0.02427
34.76	0.02653
34.78	0.01935
34.8	0.01269
34.82	0.01491
34.84	0.01048
34.86	-0.02683
34.88	-0.04165
34.9	-0.01672
34.92	0.00679
34.94	-0.00205
34.96	-0.00559
34.98	0.00125
35	-0.00625
35.02	-0.02185
35.04	-0.03767
35.06	-0.00477
35.08	0.02187
35.1	0.01266
35.12	0.00523
35.14	0.00673
35.16	-0.00211
35.18	0.00333
35.2	-0.00664
35.22	-0.02574
35.24	-0.03017
35.26	-0.01818
35.28	-0.02424
35.3	-0.05759
35.32	-0.07787
35.34	-0.06305
35.36	-0.04317
35.38	-0.03203
35.4	-0.02360
35.42	-0.01512
35.44	-0.02007
35.46	-0.00180
35.48	0.01611
35.5	0.01241
35.52	0.01825
35.54	0.02512
35.56	0.02818
35.58	0.02107
35.6	0.02039
35.62	0.02346
35.64	0.02350
35.66	-0.00101
35.68	-0.01652
35.7	-0.01298
35.72	-0.01601
35.74	0.01354
35.76	0.03424
35.78	0.03021
35.8	0.02614
35.82	0.04446
35.84	0.07669
35.86	0.07900
35.88	0.03778
35.9	0.01402
35.92	0.04915
35.94	0.07995
35.96	0.08700
35.98	0.03869
36	0.01321
36.02	0.00269
36.04	0.00477
36.06	0.00425
36.08	-0.02378
36.1	-0.04137
36.12	-0.01474
36.14	0.01798
36.16	0.02589
36.18	0.02031
36.2	0.00626
36.22	-0.00085
36.24	0.01738
36.26	0.03750
36.28	0.00689
36.3	-0.02041
36.32	-0.00154
36.34	0.02292
36.36	0.05441
36.38	0.07149
36.4	0.04187
36.42	-0.00080
36.44	-0.02210
36.46	-0.02414
36.48	-0.02177
36.5	-0.04054
36.52	-0.04180
36.54	-0.04284
36.56	-0.03342
36.58	-0.02272
36.6	-0.03093
36.62	-0.01953
36.64	0.00562
36.66	0.01798
36.68	0.03153
36.7	0.03172
36.72	0.02805
36.74	0.05036
36.76	0.07423
36.78	0.06788
36.8	0.00921
36.82	-0.03117
36.84	-0.02512
36.86	0.00881
36.88	0.04615
36.9	0.03932
36.92	0.04037
36.94	0.09853
36.96	0.16738
36.98	0.17753
37	0.12660
37.02	0.05825
37.04	0.05023
37.06	0.04259
37.08	0.01285
37.1	-0.05769
37.12	-0.11262
37.14	-0.09073
37.16	-0.02881
37.18	0.00883
37.2	-0.00299
37.22	-0.01834
37.24	0.01738
37.26	0.04901
37.28	0.03285
37.3	-0.02589
37.32	-0.07642
37.34	-0.06296
37.36	-0.04007
37.38	-0.10897
37.4	-0.18956
37.42	-0.21761
37.44	-0.13631
37.46	-0.05529
37.48	-0.05709
37.5	-0.10392
37.52	-0.11026
37.54	-0.06243
37.56	-0.01421
37.58	-0.02916
37.6	-0.08756
37.62	-0.11943
37.64	-0.13574
37.66	-0.13377
37.68	-0.13242
37.7	-0.15407
37.72	-0.11405
37.74	-0.05308
37.76	0.00413
37.78	-0.00299
37.8	-0.05791
37.82	-0.08765
37.84	-0.05424
37.86	-0.00935
37.88	-0.02546
37.9	-0.06219
37.92	-0.09000
37.94	-0.07526
37.96	-0.03110
37.98	0.00325
38	0.04971
38.02	0.06663
38.04	0.06640
38.06	0.05948
38.08	0.03188
38.1	0.00913
38.12	0.03741
38.14	0.08767
38.16	0.09128
38.18	0.06026
38.2	0.05150
38.22	0.06800
38.24	0.09785
38.26	0.09590
38.28	0.01035
38.3	-0.05258
38.32	-0.04154
38.34	0.01589
38.36	0.10059
38.38	0.11237
38.4	0.08141
38.42	0.10516
38.44	0.14880
38.46	0.11794
38.48	0.02474
38.5	-0.09829
38.52	-0.16327
38.54	-0.12216
38.56	-0.02324
38.58	0.00414
38.6	-0.08815
38.62	-0.11947
38.64	0.03539
38.66	0.23850
38.68	0.27874
38.7	0.17214
38.72	0.09689
38.74	0.13240
38.76	0.15959
38.78	0.06289
38.8	-0.10516
38.82	-0.18914
38.84	-0.17099
38.86	-0.11706
38.88	-0.07046
38.9	-0.04997
38.92	-0.06511
38.94	-0.05535
38.96	0.03059
38.98	0.08287
39	0.09191
39.02	0.03226
39.04	-0.04364
39.06	-0.06262
39.08	-0.01491
39.1	0.09045
39.12	0.14670
39.14	0.09554
39.16	0.02095
39.18	-0.03624
39.2	-0.08582
39.22	-0.12620
39.24	-0.11229
39.26	-0.03431
39.28	0.05921
39.3	0.09127
39.32	0.05217
39.34	-0.01923
39.36	-0.06173
39.38	-0.07791
39.4	-0.09174
39.42	-0.08956
39.44	-0.05344
39.46	0.00683
39.48	0.08004
39.5	0.14941
39.52	0.18773
39.54	0.21954
39.56	0.26203
39.58	0.27235
39.6	0.21476
39.62	0.11633
39.64	0.03010
39.66	-0.03187
39.68	-0.04917
39.7	-0.08242
39.72	-0.13420
39.74	-0.13589
39.76	-0.11737
39.78	-0.09441
39.8	-0.10619
39.82	-0.12878
39.84	-0.11769
39.86	-0.06657
39.88	-0.00336
39.9	-0.00336
39.92	-0.04853
39.94	-0.05686
39.96	-0.03971
39.98	-0.02105
40	-0.01876
40.02	-0.02534
40.04	-0.01828
40.06	0.01260
40.08	0.03322
40.1	0.06967
40.12	0.11346
40.14	0.12970
40.16	0.09743
40.18	0.07531
40.2	0.07147
40.22	0.08616
40.24	0.10288
40.26	0.11140
40.28	0.05987
40.3	0.05325
40.32	0.12136
40.34	0.16856
40.36	0.14278
40.38	0.03714
40.4	-0.08815
40.42	-0.13121
40.44	-0.10920
40.46	-0.11090
40.48	-0.12719
40.5	-0.13242
40.52	-0.07252
40.54	0.02914
40.56	0.10274
40.58	0.09665
40.6	0.03929
40.62	0.04632
40.64	0.12317
40.66	0.17661
40.68	0.17230
40.7	0.13538
40.72	0.07131
40.74	-0.00474
40.76	-0.09504
40.78	-0.08032
40.8	-0.04668
40.82	-0.08614
40.84	-0.15231
40.86	-0.20035
40.88	-0.19922
40.9	-0.11924
40.92	-0.03310
40.94	-0.02960
40.96	-0.08073
40.98	-0.11678
41	-0.10151
41.02	-0.03501
41.04	0.04107
41.06	0.01755
41.08	-0.04919
41.1	-0.13134
41.12	-0.16002
41.14	-0.12136
41.16	-0.03167
41.18	0.01901
41.2	0.00166
41.22	-0.00086
41.24	0.07455
41.26	0.13704
41.28	0.14969
41.3	0.09935
41.32	0.04180
41.34	-0.02853
41.36	-0.05837
41.38	-0.07964
41.4	-0.07687
41.42	-0.06356
41.44	-0.06362
41.46	-0.05643
41.48	-0.02824
41.5	0.02819
41.52	0.06273
41.54	0.05212
41.56	-0.00265
41.58	-0.03352
41.6	-0.00725
41.62	0.01213
41.64	-0.00001
41.66	-0.03251
41.68	-0.02460
41.7	-0.00101
41.72	-0.02898
41.74	-0.08426
41.76	-0.10896
41.78	-0.06422
41.8	0.00995
41.82	0.03912
41.84	0.01792
41.86	-0.00604
41.88	0.02007
41.9	0.05730
41.92	0.06040
41.94	0.02876
41.96	-0.01726
41.98	-0.06151
42	-0.05713
42.02	-0.00559
42.04	0.01712
42.06	-0.02067
42.08	-0.07338
42.1	-0.09729
42.12	-0.03301
42.14	0.05047
42.16	0.07512
42.18	0.04078
42.2	0.00692
42.22	0.03094
42.24	0.05815
42.26	0.01738
42.28	-0.05035
42.3	-0.06676
42.32	-0.02747
42.34	0.00742
42.36	-0.01307
42.38	-0.06742
42.4	-0.07512
42.42	-0.04058
42.44	-0.01180
42.46	-0.00208
42.48	0.00439
42.5	0.05434
42.52	0.07622
42.54	0.05093
42.56	-0.02141
42.58	-0.05674
42.6	-0.03300
42.62	-0.00588
42.64	-0.04471
42.66	-0.10127
42.68	-0.10940
42.7	-0.05211
42.72	0.03027
42.74	0.09850
42.76	0.10179
42.78	0.10713
42.8	0.14424
42.82	0.15499
42.84	0.11794
42.86	0.10820
42.88	0.08629
42.9	0.10461
42.92	0.15411
42.94	0.15225
42.96	0.07322
42.98	0.04936
43	0.05528
43.02	0.03892
43.04	0.01212
43.06	-0.00313
43.08	0.00898
43.1	0.04307
43.12	0.06833
43.14	0.06082
43.16	0.06322
43.18	0.02400
43.2	-0.03158
43.22	-0.05573
43.24	-0.04015
43.26	-0.04288
43.28	-0.04732
43.3	-0.05650
43.32	-0.05493
43.34	-0.02843
43.36	0.01032
43.38	0.02672
43.4	0.02198
43.42	-0.00546
43.44	-0.00557
43.46	0.00645
43.48	0.00137
43.5	-0.03212
43.52	-0.08680
43.54	-0.11797
43.56	-0.12580
43.58	-0.10267
43.6	-0.03954
43.62	0.02482
43.64	0.05814
43.66	0.03890
43.68	0.01910
43.7	0.03521
43.72	0.05931
43.74	0.06127
43.76	-0.00220
43.78	-0.10259
43.8	-0.15342
43.82	-0.12302
43.84	-0.05483
43.86	-0.00326
43.88	-0.04663
43.9	-0.11684
43.92	-0.11039
43.94	-0.03701
43.96	-0.01369
43.98	-0.05101
44	-0.10414
44.02	-0.11062
44.04	-0.00811
44.06	0.08306
44.08	0.08460
44.1	0.04013
44.12	0.01881
44.14	-0.00260
44.16	-0.00708
44.18	-0.01804
44.2	-0.00908
44.22	0.02036
44.24	0.07031
44.26	0.06128
44.28	0.03402
44.3	0.01868
44.32	0.01754
44.34	0.05472
44.36	0.09596
44.38	0.08854
44.4	0.08353
44.42	0.09681
44.44	0.09589
44.46	0.10969
44.48	0.10899
44.5	0.10130
44.52	0.05483
44.54	-0.00022
44.56	0.00554
44.58	0.04627
44.6	0.04442
44.62	-0.01623
44.64	-0.09566
44.66	-0.15804
44.68	-0.15121
44.7	-0.13069
44.72	-0.15617
44.74	-0.19236
44.76	-0.17474
44.78	-0.14036
44.8	-0.10548
44.82	-0.11209
44.84	-0.12419
44.86	-0.07389
44.88	0.02849
44.9	0.11400
44.92	0.12041
44.94	0.08440
44.96	0.08149
44.98	0.12817
45	0.15057
45.02	0.09495
45.04	0.01651
45.06	0.01482
45.08	0.10087
45.1	0.16433
45.12	0.14265
45.14	0.07877
45.16	0.04126
45.18	0.05195
45.2	0.05440
45.22	0.00394
45.24	-0.06528
45.26	-0.09957
45.28	-0.08831
45.3	-0.05301
45.32	-0.03120
45.34	-0.04286
45.36	-0.02521
45.38	0.04846
45.4	0.11926
45.42	0.09738
45.44	0.00092
45.46	-0.04395
45.48	-0.02212
45.5	0.01214
45.52	-0.01373
45.54	-0.09132
45.56	-0.12836
45.58	-0.09141
45.6	-0.00901
45.62	0.05250
45.64	0.04852
45.66	0.03115
45.68	0.05780
45.7	0.10014
45.72	0.11474
45.74	0.06531
45.76	0.02113
45.78	-0.00005
45.8	-0.01979
45.82	-0.06379
45.84	-0.11083
45.86	-0.14498
45.88	-0.12129
45.9	-0.04493
45.92	0.00484
45.94	-0.01311
45.96	-0.03407
45.98	-0.02938
46	-0.03735
46.02	-0.06944
46.04	-0.08101
46.06	-0.04099
46.08	0.00728
46.1	0.03824
46.12	0.02446
46.14	0.00829
46.16	0.01688
46.18	0.05589
46.2	0.09698
46.22	0.08291
46.24	0.00455
46.26	-0.01692
46.28	0.03035
46.3	0.04456
46.32	-0.03898
46.34	-0.13309
46.36	-0.13793
46.38	-0.07500
46.4	-0.02033
46.42	-0.01024
46.44	0.00416
46.46	0.04427
46.48	0.09194
46.5	0.09082
46.52	0.03030
46.54	-0.00844
46.56	0.00534
46.58	0.03253
46.6	0.04290
46.62	0.03098
46.64	0.00838
46.66	-0.00577
46.68	-0.01979
46.7	-0.03410
46.72	-0.04512
46.74	-0.05906
46.76	-0.05041
46.78	-0.04159
46.8	-0.04352
46.82	-0.02892
46.84	-0.00507
46.86	0.01167
46.88	0.01665
46.9	0.01426
46.92	-0.01538
46.94	-0.02922
46.96	-0.02610
46.98	-0.01667
47	0.00063
47.02	-0.00528
47.04	-0.02208
47.06	0.00730
47.08	0.05568
47.1	0.05707
47.12	0.00822
47.14	-0.03283
47.16	-0.04030
47.18	-0.01035
47.2	-0.00092
47.22	-0.04111
47.24	-0.08603
47.26	-0.11573
47.28	-0.11721
47.3	-0.08599
47.32	-0.05126
47.34	-0.03583
47.36	-0.03747
47.38	0.00288
47.4	0.06491
47.42	0.10286
47.44	0.10168
47.46	0.06418
47.48	0.03294
47.5	0.03194
47.52	0.06727
47.54	0.08487
47.56	0.08612
47.58	0.05104
47.6	0.02089
47.62	0.02762
47.64	0.04917
47.66	0.01522
47.68	-0.05023
47.7	-0.09518
47.72	-0.08389
47.74	-0.04499
47.76	-0.02118
47.78	-0.02164
47.8	-0.03152
47.82	-0.01325
47.84	0.02041
47.86	0.04002
47.88	0.03523
47.9	0.03018
47.92	0.01513
47.94	0.01205
47.96	0.00795
47.98	0.00206
48	-0.00943
48.02	-0.01751
48.04	-0.00658
48.06	0.00978
48.08	0.01104
48.1	-0.01713
48.12	-0.04259
48.14	-0.03732
48.16	-0.00535
48.18	0.01429
48.2	0.01138
48.22	0.00770
48.24	0.01328
48.26	0.02445
48.28	0.04555
48.3	0.06814
48.32	0.09060
48.34	0.10131
48.36	0.09469
48.38	0.09082
48.4	0.11338
48.42	0.11817
48.44	0.06798
48.46	-0.01185
48.48	-0.04832
48.5	-0.03134
48.52	-0.02131
48.54	-0.01520
48.56	-0.00814
48.58	0.00234
48.6	0.01110
48.62	0.01056
48.64	0.01329
48.66	0.01681
48.68	0.02137
48.7	0.01997
48.72	0.02156
48.74	0.02957
48.76	0.03311
48.78	0.02372
48.8	0.01006
48.82	0.00650
48.84	0.00315
48.86	-0.01099
48.88	-0.04530
48.9	-0.05602
48.92	-0.05314
48.94	-0.06373
48.96	-0.06792
48.98	-0.04793
49	-0.00845
49.02	0.01392
49.04	0.01791
49.06	0.02605
49.08	0.02653
49.1	0.00682
49.12	-0.01285
49.14	-0.01279
49.16	0.00757
49.18	0.01545
49.2	0.01647
49.22	0.01683
49.24	0.01215
49.26	-0.00235
49.28	-0.04534
49.3	-0.10099
49.32	-0.11609
49.34	-0.06792
49.36	-0.01147
49.38	-0.00705
49.4	-0.04251
49.42	-0.04703
49.44	0.01019
49.46	0.05084
49.48	0.03731
49.5	0.03259
49.52	0.04291
49.54	0.05693
49.56	0.07060
49.58	0.06033
49.6	0.02495
49.62	-0.01639
49.64	-0.02601
49.66	-0.00751
49.68	0.00980
49.7	-0.00580
49.72	-0.02408
49.74	-0.00759
49.76	0.00626
49.78	-0.00980
49.8	-0.02287
49.82	-0.02545
49.84	-0.02450
49.86	-0.00918
49.88	0.02268
49.9	0.03968
49.92	0.04354
49.94	0.06136
49.96	0.07384
49.98	0.06125
50	0.02970
50.02	0.01805
50.04	0.02118
50.06	0.02198
50.08	-0.00003
50.1	-0.01628
50.12	-0.02445
50.14	-0.03633
50.16	-0.06104
50.18	-0.07797
50.2	-0.08772
50.22	-0.08566
50.24	-0.06113
50.26	-0.04153
50.28	-0.01932
50.3	-0.00078
50.32	0.00418
50.34	0.00262
50.36	0.01363
50.38	0.01385
50.4	0.00283
50.42	-0.02182
50.44	-0.04717
50.46	-0.05830
50.48	-0.05959
50.5	-0.04915
50.52	-0.04284
50.54	-0.03761
50.56	-0.04091
50.58	-0.03410
50.6	-0.01511
50.62	0.00248
50.64	-0.00358
50.66	-0.02338
50.68	-0.04344
50.7	-0.04024
50.72	-0.02794
50.74	-0.02820
50.76	-0.02342
50.78	-0.02073
50.8	-0.01429
50.82	-0.01437
50.84	-0.00789
50.86	0.01023
50.88	0.02330
50.9	0.02279
50.92	0.01372
50.94	0.00460
50.96	0.00104
50.98	-0.02010
51	-0.03798
51.02	-0.04698
51.04	-0.05322
51.06	-0.04488
51.08	-0.01798
51.1	0.01240
51.12	0.02611
51.14	0.01382
51.16	0.00003
51.18	0.00068
51.2	0.01915
51.22	0.04352
51.24	0.03460
51.26	0.02542
51.28	0.03976
51.3	0.05440
51.32	0.02116
51.34	-0.03799
51.36	-0.07861
51.38	-0.08487
51.4	-0.06665
51.42	-0.05479
51.44	-0.04055
51.46	-0.02721
51.48	-0.02175
51.5	-0.01976
51.52	0.00697
51.54	0.01994
51.56	0.00174
51.58	-0.01369
51.6	-0.00289
51.62	0.03026
51.64	0.05099
51.66	0.03881
51.68	0.01561
51.7	-0.00892
51.72	-0.01707
51.74	-0.02010
51.76	-0.02380
51.78	-0.02933
51.8	-0.03361
51.82	-0.02307
51.84	-0.01680
51.86	-0.00624
51.88	0.00351
51.9	0.00642
51.92	-0.01119
51.94	-0.02852
51.96	-0.00922
51.98	0.04474
52	0.07141
52.02	0.05720
52.04	0.05406
52.06	0.06758
52.08	0.05996
52.1	0.01794
52.12	-0.02451
52.14	-0.03645
52.16	-0.02777
52.18	-0.02145
52.2	-0.02318
52.22	-0.01745
52.24	-0.00660
52.26	-0.00804
52.28	-0.01379
52.3	-0.02131
52.32	-0.03623
52.34	-0.03504
52.36	-0.01724
52.38	-0.00319
52.4	-0.00942
52.42	-0.02953
52.44	-0.03374
52.46	-0.00207
52.48	0.02956
52.5	0.03065
52.52	0.00247
52.54	-0.02215
52.56	-0.00905
52.58	0.02618
52.6	0.03154
52.62	0.00910
52.64	-0.00966
52.66	0.00110
52.68	0.01448
52.7	0.02388
52.72	0.03171
52.74	0.03373
52.76	0.03498
52.78	0.05034
52.8	0.05813
52.82	0.04802
52.84	0.02762
52.86	0.00928
52.88	0.00594
52.9	0.01672
52.92	0.03578
52.94	0.03685
52.96	0.02163
52.98	0.01172
53	0.02470
53.02	0.04840
53.04	0.04901
53.06	0.02219
53.08	-0.00414
53.1	-0.00252
53.12	0.01846
53.14	0.02668
53.16	0.02210
53.18	0.00884
53.2	-0.01048
53.22	-0.00824
53.24	0.00332
53.26	0.00682
53.28	-0.00103
53.3	-0.00353
53.32	0.00545
53.34	0.01749
53.36	0.01594
53.38	0.00875
53.4	0.00522
53.42	0.01332
53.44	0.02847
53.46	0.04017
53.48	0.04756
53.5	0.05407
53.52	0.05282
53.54	0.04796
53.56	0.03536
53.58	0.02545
53.6	0.02327
53.62	0.02255
53.64	0.02058
53.66	0.01781
53.68	0.02247
53.7	0.02918
53.72	0.03261
53.74	0.03652
53.76	0.03732
53.78	0.03673
53.8	0.03017
53.82	0.02461
53.84	0.01682
53.86	0.01560
53.88	0.03329
53.9	0.06301
53.92	0.07476
53.94	0.04985
53.96	0.01398
53.98	-0.01409
54	-0.01933
54.02	-0.00454
54.04	0.00121
54.06	-0.00018
54.08	-0.00061
54.1	0.00977
54.12	0.02492
54.14	0.03049
54.16	0.03175
54.18	0.02839
54.2	0.02807
54.22	0.02986
54.24	0.02445
54.26	0.02272
54.28	0.01715
54.3	0.00392
54.32	-0.00023
54.34	0.00050
54.36	-0.00471
54.38	-0.01184
54.4	-0.01427
54.42	-0.00413
54.44	0.00045
54.46	-0.00553
54.48	-0.01267
54.5	-0.00787
54.52	0.01108
54.54	0.03199
54.56	0.04527
54.58	0.04338
54.6	0.04097
54.62	0.04557
54.64	0.04145
54.66	0.02130
54.68	-0.00733
54.7	-0.01985
54.72	-0.00505
54.74	0.00710
54.76	-0.00768
54.78	-0.04240
54.8	-0.05664
54.82	-0.03329
54.84	-0.00966
54.86	0.00410
54.88	0.00162
54.9	-0.00533
54.92	0.00081
54.94	0.01518
54.96	0.01122
54.98	-0.00313
55	-0.02234
55.02	-0.02645
55.04	-0.01894
55.06	-0.02722
55.08	-0.05686
55.1	-0.08108
55.12	-0.08831
55.14	-0.07901
55.16	-0.05894
55.18	-0.03349
55.2	-0.01520
55.22	-0.00833
55.24	-0.00579
55.26	-0.00552
55.28	-0.02172
55.3	-0.04810
55.32	-0.05977
55.34	-0.04743
55.36	-0.03180
55.38	-0.01800
55.4	-0.01109
55.42	-0.01507
55.44	-0.01298
55.46	-0.00893
55.48	-0.00908
55.5	-0.01439
55.52	-0.01428
55.54	-0.00982
55.56	-0.00224
55.58	-0.00270
55.6	0.00183
55.62	-0.00123
55.64	-0.02014
55.66	-0.04843
55.68	-0.05827
55.7	-0.04898
55.72	-0.03257
55.74	-0.03085
55.76	-0.03408
55.78	-0.03131
55.8	-0.01300
55.82	0.00983
55.84	0.02842
55.86	0.02719
55.88	0.01497
55.9	-0.00403
55.92	-0.01490
55.94	-0.02008
55.96	-0.01910
55.98	-0.01939
56	-0.02264
56.02	-0.03696
56.04	-0.04638
56.06	-0.04823
56.08	-0.04831
56.1	-0.04794
56.12	-0.05232
56.14	-0.05958
56.16	-0.06387
56.18	-0.06924
56.2	-0.06740
56.22	-0.05249
56.24	-0.02946
56.26	-0.01411
56.28	-0.01634
56.3	-0.02143
56.32	-0.01098
56.34	0.00163
56.36	-0.00484
56.38	-0.02679
56.4	-0.04729
56.42	-0.05121
56.44	-0.04644
56.46	-0.04771
56.48	-0.04820
56.5	-0.03670
56.52	-0.02523
56.54	-0.02225
56.56	-0.02540
56.58	-0.02746
56.6	-0.01282
56.62	0.01808
56.64	0.03751
56.66	0.03656
56.68	0.02750
56.7	0.02449
56.72	0.03016
56.74	0.02309
56.76	0.01186
56.78	0.01733
56.8	0.02960
56.82	0.02322
56.84	0.00480
56.86	-0.00761
56.88	0.00706
56.9	0.04067
56.92	0.05376
56.94	0.04214
56.96	0.03750
56.98	0.05092
57	0.07055
57.02	0.07048
57.04	0.05374
57.06	0.04322
57.08	0.04189
57.1	0.03543
57.12	0.02216
57.14	0.00711
57.16	-0.00851
57.18	-0.01402
57.2	-0.01254
57.22	-0.00965
57.24	-0.01121
57.26	-0.01272
57.28	-0.00411
57.3	0.00723
57.32	0.01291
57.34	0.01630
57.36	0.02733
57.38	0.03757
57.4	0.03674
57.42	0.02337
57.44	0.01243
57.46	0.01146
57.48	0.01171
57.5	0.00625
57.52	-0.00253
57.54	0.00054
57.56	0.00969
57.58	0.01096
57.6	0.00256
57.62	-0.00739
57.64	-0.00337
57.66	0.00632
57.68	0.00425
57.7	-0.00316
57.72	0.00677
57.74	0.02953
57.76	0.04705
57.78	0.04701
57.8	0.03665
57.82	0.03340
57.84	0.03466
57.86	0.03116
57.88	0.02270
57.9	0.01138
57.92	-0.00080
57.94	-0.00236
57.96	0.00467
57.98	0.00873
58	0.00553
58.02	0.00566
58.04	0.01683
58.06	0.03300
58.08	0.04058
58.1	0.04063
58.12	0.03477
58.14	0.03261
58.16	0.02297
58.18	0.01704
58.2	0.01870
58.22	0.02798
58.24	0.02752
58.26	0.02057
58.28	0.01366
58.3	0.00460
58.32	0.00426
58.34	0.00839
58.36	0.00386
58.38	-0.00985
58.4	-0.02020
58.42	-0.01422
58.44	-0.00523
58.46	-0.00002
58.48	-0.00748
58.5	-0.01401
58.52	-0.00722
58.54	0.01649
58.56	0.02913
58.58	0.02295
58.6	0.00987
58.62	0.00432
58.64	0.01793
58.66	0.03234
58.68	0.02838
58.7	0.01464
58.72	0.00359
58.74	-0.00424
58.76	-0.01610
58.78	-0.02782
58.8	-0.03267
58.82	-0.03270
58.84	-0.02966
58.86	-0.01998
58.88	-0.00381
58.9	0.01221
58.92	0.02167
58.94	0.02330
58.96	0.01698
58.98	0.01446
59	0.00884
59.02	-0.00222
59.04	-0.00730
59.06	-0.00906
59.08	-0.00738
59.1	0.00012
59.12	-0.00642
59.14	-0.02754
59.16	-0.04057
59.18	-0.04216
59.2	-0.03046
59.22	-0.01171
59.24	0.00079
59.26	0.00654
59.28	0.01574
59.3	0.02077
59.32	0.01530
59.34	0.00570
59.36	-0.00556
59.38	-0.02170
59.4	-0.03545
59.42	-0.04402
59.44	-0.04337
59.46	-0.03851
59.48	-0.02930
59.5	-0.02082
59.52	-0.01520
59.54	-0.01426
59.56	-0.01989
59.58	-0.03065
59.6	-0.03541
59.62	-0.02549
59.64	-0.01650
59.66	-0.01312
59.68	-0.01418
59.7	-0.01365
59.72	-0.01144
59.74	-0.01738
59.76	-0.02735
59.78	-0.02985
59.8	-0.02307
59.82	-0.01742
59.84	-0.00949
59.86	-0.00430
59.88	-0.00910
59.9	-0.01365
59.92	-0.01050
59.94	-0.01520
59.96	-0.02493
59.98	-0.03210
60	-0.03518
60.02	-0.03302
60.04	-0.01869
60.06	0.00117
60.08	0.01839
60.1	0.01926
60.12	0.01018
60.14	0.01261
60.16	0.02208
60.18	0.01968
60.2	-0.00255
60.22	-0.02871
60.24	-0.03870
60.26	-0.03431
60.28	-0.03541
60.3	-0.04716
60.32	-0.04790
60.34	-0.02321
60.36	0.01251
60.38	0.03904
60.4	0.04452
60.42	0.03736
60.44	0.03669
60.46	0.03855
60.48	0.03828
60.5	0.03072
60.52	0.02137
60.54	0.00701
60.56	-0.00533
60.58	-0.01303
60.6	-0.01049
60.62	-0.01809
60.64	-0.02989
60.66	-0.03563
60.68	-0.02438
60.7	-0.00329
60.72	0.01102
60.74	0.01687
60.76	0.01795
60.78	0.02090
60.8	0.02571
60.82	0.02805
60.84	0.02051
60.86	0.01119
60.88	0.00242
60.9	-0.00132
60.92	-0.00918
60.94	-0.01584
60.96	-0.01444
60.98	-0.01003
61	-0.01100
61.02	-0.01797
61.04	-0.02909
61.06	-0.03541
61.08	-0.03198
61.1	-0.02163
61.12	-0.00885
61.14	0.00673
61.16	0.02222
61.18	0.02633
61.2	0.02406
61.22	0.01837
61.24	0.01266
61.26	0.01210
61.28	0.01720
61.3	0.01698
61.32	0.01109
61.34	0.01012
61.36	0.00860
61.38	0.00626
61.4	0.00734
61.42	0.00733
61.44	0.00956
61.46	0.00989
61.48	0.00891
61.5	0.00742
61.52	0.01588
61.54	0.02878
61.56	0.03400
61.58	0.02467
61.6	0.01110
61.62	0.00026
61.64	-0.00918
61.66	-0.01852
61.68	-0.01455
61.7	-0.00227
61.72	0.00716
61.74	0.00897
61.76	0.00930
61.78	0.01407
61.8	0.01978
61.82	0.02453
61.84	0.02806
61.86	0.02189
61.88	0.01530
61.9	0.01131
61.92	0.01353
61.94	0.01719
61.96	0.02394
61.98	0.02887
62	0.02605
62.02	0.02266
62.04	0.01822
62.06	0.01167
62.08	0.00252
62.1	-0.00464
62.12	-0.00824
62.14	-0.00315
62.16	0.00182
62.18	0.00788
62.2	0.01205
62.22	0.00990
62.24	0.00867
62.26	0.01198
62.28	0.01808
62.3	0.02119
62.32	0.02121
62.34	0.01591
62.36	0.00884
62.38	0.00512
62.4	0.00636
62.42	0.00595
62.44	-0.00195
62.46	-0.02366
62.48	-0.03926
62.5	-0.04085
62.52	-0.03665
62.54	-0.02924
62.56	-0.02835
62.58	-0.02919
62.6	-0.02165
62.62	-0.00285
62.64	0.00756
62.66	0.00473
62.68	-0.00585
62.7	-0.00608
62.72	-0.00543
62.74	-0.01482
62.76	-0.02484
62.78	-0.02485
62.8	-0.01741
62.82	-0.01504
62.84	-0.01663
62.86	-0.01218
62.88	-0.00530
62.9	-0.00606
62.92	-0.01607
62.94	-0.01883
62.96	-0.01162
62.98	-0.00911
63	-0.01929
63.02	-0.03501
63.04	-0.03464
63.06	-0.02062
63.08	-0.01119
63.1	-0.01545
63.12	-0.01835
63.14	-0.00601
63.16	0.01080
63.18	0.01712
63.2	0.01658
63.22	0.01356
63.24	0.01449
63.26	0.02002
63.28	0.02631
63.3	0.01665
63.32	0.00132
63.34	-0.01347
63.36	-0.02684
63.38	-0.03215
63.4	-0.03303
63.42	-0.03358
63.44	-0.02816
63.46	-0.01603
63.48	-0.00623
63.5	0.00648
63.52	0.01746
63.54	0.01609
63.56	0.01059
63.58	0.00923
63.6	0.01426
63.62	0.01838
63.64	0.01637
63.66	0.01178
63.68	0.00844
63.7	0.01261
63.72	0.01673
63.74	0.00612
63.76	-0.01426
63.78	-0.02132
63.8	-0.01856
63.82	-0.01801
63.84	-0.02059
63.86	-0.02534
63.88	-0.02361
63.9	-0.01317
63.92	0.00091
63.94	0.00410
63.96	0.00759
63.98	0.00565
64	0.00380
64.02	0.01016
64.04	0.01324
64.06	0.00922
64.08	0.00562
64.1	0.00279
64.12	-0.00069
64.14	-0.00664
64.16	-0.01333
64.18	-0.00984
64.2	0.00295
64.22	0.01637
64.24	0.01723
64.26	0.00815
64.28	-0.00082
64.3	0.00310
64.32	0.01021
64.34	0.01343
64.36	0.01093
64.38	0.00872
64.4	0.01703
64.42	0.02329
64.44	0.01630
64.46	0.00645
64.48	0.00507
64.5	0.00784
64.52	0.00712
64.54	0.00085
64.56	-0.00272
64.58	-0.00124
64.6	0.00455
64.62	0.00989
64.64	0.00977
64.66	0.00916
64.68	0.00797
64.7	0.00870
64.72	0.00883
64.74	0.00338
64.76	-0.00035
64.78	0.00304
64.8	0.00567
64.82	0.00463
64.84	0.00015
64.86	-0.00357
64.88	-0.00374
64.9	-0.00143
64.92	0.00271
64.94	0.01160
64.96	0.01907
64.98	0.01842
65	0.01877
65.02	0.02275
65.04	0.02675
65.06	0.02167
65.08	0.01563
65.1	0.01510
65.12	0.01496
65.14	0.00748
65.16	-0.00165
65.18	-0.00809
65.2	-0.01108
65.22	-0.01023
65.24	-0.01421
65.26	-0.02638
65.28	-0.03288
65.3	-0.03110
65.32	-0.02967
65.34	-0.02671
65.36	-0.02440
65.38	-0.01736
65.4	-0.01148
65.42	-0.01346
65.44	-0.01508
65.46	-0.01082
65.48	-0.00193
65.5	0.00126
65.52	-0.00457
65.54	-0.01324
65.56	-0.01975
65.58	-0.02502
65.6	-0.02205
65.62	-0.01964
65.64	-0.01746
65.66	-0.01706
65.68	-0.01542
65.7	-0.01472
65.72	-0.01446
65.74	-0.01308
65.76	-0.01116
65.78	-0.00903
65.8	-0.00792
65.82	-0.00385
65.84	0.00611
65.86	0.01637
65.88	0.01891
65.9	0.01210
65.92	0.00456
65.94	0.00455
65.96	0.01491
65.98	0.02693
66	0.03087
66.02	0.02693
66.04	0.02217
66.06	0.01857
66.08	0.01688
66.1	0.01064
66.12	0.00398
66.14	0.00131
66.16	0.00691
66.18	0.01720
66.2	0.02331
66.22	0.02446
66.24	0.02941
66.26	0.04002
66.28	0.04860
66.3	0.04980
66.32	0.04608
66.34	0.03658
66.36	0.02444
66.38	0.01116
66.4	-0.00267
66.42	-0.01874
66.44	-0.03079
66.46	-0.03363
66.48	-0.03185
66.5	-0.02488
66.52	-0.01469
66.54	-0.00339
66.56	0.00214
66.58	0.00826
66.6	0.01481
66.62	0.01954
66.64	0.01776
66.66	0.00439
66.68	-0.01269
66.7	-0.01748
66.72	-0.00759
66.74	-0.00101
66.76	-0.00439
66.78	-0.01409
66.8	-0.01893
66.82	-0.01876
66.84	-0.02198
66.86	-0.02292
66.88	-0.01565
66.9	-0.00616
66.92	0.00172
66.94	0.00770
66.96	0.01237
66.98	0.01608
67	0.00908
67.02	0.00133
67.04	-0.00081
67.06	0.00068
67.08	0.00375
67.1	0.00515
67.12	0.00796
67.14	0.01025
67.16	0.01084
67.18	0.00610
67.2	-0.00115
67.22	-0.00712
67.24	-0.00799
67.26	-0.00750
67.28	-0.00669
67.3	-0.00239
67.32	0.00437
67.34	0.01027
67.36	0.01173
67.38	0.01196
67.4	0.01108
67.42	0.00852
67.44	-0.00382
67.46	-0.01467
67.48	-0.01600
67.5	-0.01266
67.52	-0.00566
67.54	-0.00713
67.56	-0.01204
67.58	-0.01560
67.6	-0.01602
67.62	-0.01861
67.64	-0.02177
67.66	-0.02513
67.68	-0.02622
67.7	-0.02174
67.72	-0.01222
67.74	0.00123
67.76	0.00466
67.78	-0.00424
67.8	-0.01082
67.82	-0.00906
67.84	-0.00731
67.86	-0.01118
67.88	-0.01297
67.9	-0.01271
67.92	-0.01300
67.94	-0.01081
67.96	-0.00882
67.98	-0.00530
68	-0.00547
68.02	-0.00891
68.04	-0.01469
68.06	-0.01604
68.08	-0.01539
68.1	-0.01354
68.12	-0.00853
68.14	-0.00570
68.16	-0.00667
68.18	-0.00506
68.2	0.00138
68.22	0.00954
68.24	0.01165
68.26	0.01454
68.28	0.02043
68.3	0.02100
68.32	0.02019
68.34	0.01710
68.36	0.01862
68.38	0.02326
68.4	0.01965
68.42	0.01026
68.44	0.00224
68.46	0.00009
68.48	0.00574
68.5	0.01346
68.52	0.01359
68.54	0.01007
68.56	0.00821
68.58	0.01271
68.6	0.01380
68.62	0.01287
68.64	0.01479
68.66	0.01685
68.68	0.01310
68.7	0.00384
68.72	-0.00334
68.74	-0.00493
68.76	-0.00230
68.78	0.00285
68.8	0.00591
68.82	0.00118
68.84	-0.00503
68.86	-0.00886
68.88	-0.01061
68.9	-0.01606
68.92	-0.02357
68.94	-0.02463
68.96	-0.01906
68.98	-0.01527
69	-0.01496
69.02	-0.01529
69.04	-0.01414
69.06	-0.00915
69.08	-0.00067
69.1	0.00432
69.12	0.00512
69.14	0.00398
69.16	0.00430
69.18	0.00879
69.2	0.01108
69.22	0.00609
69.24	-0.00217
69.26	-0.01047
69.28	-0.01783
69.3	-0.02262
69.32	-0.02494
69.34	-0.02403
69.36	-0.01991
69.38	-0.00956
69.4	0.00335
69.42	0.01105
69.44	0.01000
69.46	0.00494
69.48	0.00362
69.5	0.00444
69.52	0.00421
69.54	0.00315
69.56	0.00231
69.58	0.00642
69.6	0.01245
69.62	0.01665
69.64	0.01748
69.66	0.01610
69.68	0.01593
69.7	0.01709
69.72	0.01576
69.74	0.01459
69.76	0.01203
69.78	0.00768
69.8	0.00074
69.82	-0.00582
69.84	-0.00825
69.86	-0.00419
69.88	0.00272
69.9	0.00330
69.92	0.00203
69.94	0.00688
69.96	0.01468
69.98	0.01396
70	0.00721
70.02	0.00874
70.04	0.01853
70.06	0.02306
70.08	0.01755
70.1	0.00763
70.12	0.00152
70.14	-0.00043
70.16	-0.00654
70.18	-0.01718
70.2	-0.02263
70.22	-0.01703
70.24	-0.00537
70.26	0.00304
70.28	0.00615
70.3	0.01074
70.32	0.01857
70.34	0.02859
70.36	0.02916
70.38	0.02212
70.4	0.01360
70.42	0.00937
70.44	0.00477
70.46	-0.00347
70.48	-0.01144
70.5	-0.01275
70.52	-0.01158
70.54	-0.01004
70.56	-0.01051
70.58	-0.01049
70.6	-0.00243
70.62	0.00532
70.64	0.00512
70.66	-0.00376
70.68	-0.01501
70.7	-0.02131
70.72	-0.01892
70.74	-0.01883
70.76	-0.01812
70.78	-0.01778
70.8	-0.01475
70.82	-0.00706
70.84	0.00301
70.86	0.00486
70.88	-0.00364
70.9	-0.01414
70.92	-0.01608
70.94	-0.01465
70.96	-0.01633
70.98	-0.02057
71	-0.02563
71.02	-0.02803
71.04	-0.02816
71.06	-0.02889
71.08	-0.02690
71.1	-0.02297
71.12	-0.01873
71.14	-0.01366
71.16	-0.00637
71.18	-0.00046
71.2	0.00433
71.22	0.00622
71.24	0.00541
71.26	0.00481
71.28	0.00031
71.3	-0.01008
71.32	-0.01894
71.34	-0.01680
71.36	-0.01002
71.38	-0.00414
71.4	-0.00045
71.42	0.00223
71.44	0.00636
71.46	0.01039
71.48	0.00842
71.5	0.00012
71.52	-0.00680
71.54	-0.00845
71.56	-0.00440
71.58	-0.00122
71.6	0.00315
71.62	0.00775
71.64	0.01134
71.66	0.01427
71.68	0.01715
71.7	0.01889
71.72	0.01583
71.74	0.01226
71.76	0.01143
71.78	0.01510
71.8	0.01881
71.82	0.02389
71.84	0.02315
71.86	0.01635
71.88	0.00502
71.9	-0.00301
71.92	-0.00334
71.94	0.00257
71.96	0.01169
71.98	0.02051
72	0.02388
72.02	0.02485
72.04	0.02637
72.06	0.02905
72.08	0.02882
72.1	0.02122
72.12	0.01121
72.14	0.00133
72.16	-0.00302
72.18	-0.00578
72.2	-0.00689
72.22	-0.00532
72.24	0.00161
72.26	0.01014
72.28	0.01399
72.3	0.01265
72.32	0.01066
72.34	0.01015
72.36	0.01181
72.38	0.01142
72.4	0.00653
72.42	0.00231
72.44	0.00183
72.46	0.00268
72.48	0.00485
72.5	0.00777
72.52	0.00997
72.54	0.01231
72.56	0.01336
72.58	0.01204
72.6	0.00988
72.62	0.00557
72.64	0.00061
72.66	-0.00132
72.68	0.00028
72.7	-0.00002
72.72	-0.00274
72.74	-0.00368
72.76	-0.00752
72.78	-0.01383
72.8	-0.01863
72.82	-0.01940
72.84	-0.01775
72.86	-0.01523
72.88	-0.01213
72.9	-0.00756
72.92	-0.00503
72.94	-0.00438
72.96	-0.00596
72.98	-0.00382
73	-0.00317
73.02	-0.00397
73.04	-0.00483
73.06	0.00172
73.08	0.01087
73.1	0.01842
73.12	0.01734
73.14	0.01216
73.16	0.00454
73.18	-0.00007
73.2	-0.00461
73.22	-0.00849
73.24	-0.00977
73.26	-0.00924
73.28	-0.00542
73.3	-0.00090
73.32	0.00140
73.34	0.00311
73.36	0.00683
73.38	0.00567
73.4	0.00105
73.42	-0.00077
73.44	0.00049
73.46	0.00166
73.48	0.00190
73.5	0.00185
73.52	-0.00084
73.54	-0.00566
73.56	-0.00936
73.58	-0.01137
73.6	-0.01427
73.62	-0.01740
73.64	-0.02038
73.66	-0.02135
73.68	-0.02016
73.7	-0.01738
73.72	-0.01165
73.74	-0.00463
73.76	0.00298
73.78	0.00716
73.8	0.00789
73.82	0.00547
73.84	0.00386
73.86	0.00186
73.88	0.00063
73.9	-0.00568
73.92	-0.01216
73.94	-0.01669
73.96	-0.01953
73.98	-0.01743
74	-0.01122
74.02	-0.00608
74.04	-0.00324
74.06	-0.00213
74.08	-0.00578
74.1	-0.01010
74.12	-0.01068
74.14	-0.00624
74.16	-0.00116
74.18	0.00184
74.2	0.00170
74.22	0.00064
74.24	-0.00217
74.26	-0.00288
74.28	0.00157
74.3	0.00453
74.32	0.00124
74.34	-0.00391
74.36	-0.00358
74.38	0.00198
74.4	0.00532
74.42	0.00702
74.44	0.01009
74.46	0.01378
74.48	0.01483
74.5	0.01509
74.52	0.01343
74.54	0.01356
74.56	0.01911
74.58	0.02463
74.6	0.02582
74.62	0.01947
74.64	0.01098
74.66	0.00785
74.68	0.00780
74.7	0.00858
74.72	0.00647
74.74	0.00612
74.76	0.00417
74.78	0.00091
74.8	-0.00269
74.82	-0.00244
74.84	0.00043
74.86	0.00500
74.88	0.00560
74.9	0.00451
74.92	0.00361
74.94	0.00607
74.96	0.00782
74.98	0.00564
75	0.00153
75.02	0.00204
75.04	0.00220
75.06	0.00326
75.08	0.00199
75.1	-0.00039
75.12	-0.00048
75.14	0.00541
75.16	0.00938
75.18	0.00833
75.2	0.00328
75.22	-0.00178
75.24	-0.00163
75.26	-0.00233
75.28	-0.00495
75.3	-0.00519
75.32	-0.00093
75.34	0.00055
75.36	0.00163
75.38	0.00157
75.4	0.00330
75.42	0.00361
75.44	0.00613
75.46	0.00700
75.48	0.00156
75.5	-0.00868
75.52	-0.01600
75.54	-0.01585
75.56	-0.01158
75.58	-0.01155
75.6	-0.01296
75.62	-0.00725
75.64	0.00449
75.66	0.01164
75.68	0.01191
75.7	0.01337
75.72	0.01551
75.74	0.01441
75.76	0.00869
75.78	-0.00207
75.8	-0.00908
75.82	-0.00633
75.84	-0.00409
75.86	-0.01001
75.88	-0.02078
75.9	-0.02800
75.92	-0.02563
75.94	-0.02093
75.96	-0.01920
75.98	-0.01703
76	-0.01131
76.02	-0.00391
76.04	0.00121
76.06	0.00272
76.08	0.00004
76.1	-0.00374
76.12	-0.00942
76.14	-0.01157
76.16	-0.01551
76.18	-0.02069
76.2	-0.02068
76.22	-0.01800
76.24	-0.01272
76.26	-0.00934
76.28	-0.00893
76.3	-0.00466
76.32	0.00252
76.34	0.00648
76.36	0.00505
76.38	0.00304
76.4	0.00310
76.42	0.00406
76.44	0.00201
76.46	-0.00123
76.48	-0.00193
76.5	0.00063
76.52	0.00155
76.54	-0.00028
76.56	-0.00277
76.58	-0.00309
76.6	-0.00405
76.62	-0.00632
76.64	-0.00689
76.66	-0.00587
76.68	-0.00477
76.7	-0.00357
76.72	-0.00268
76.74	-0.00327
76.76	-0.00483
76.78	-0.00651
76.8	-0.00799
76.82	-0.00484
76.84	-0.00132
76.86	0.00115
76.88	0.00181
76.9	0.00275
76.92	0.00262
76.94	0.00211
76.96	0.00291
76.98	0.00349
77	0.00470
77.02	0.00444
77.04	0.00431
77.06	0.00509
77.08	0.00904
77.1	0.01409
77.12	0.02023
77.14	0.02140
77.16	0.01778
77.18	0.01195
77.2	0.00465
77.22	-0.00658
77.24	-0.00972
77.26	-0.00388
77.28	0.00328
77.3	0.00450
77.32	0.00307
77.34	0.00479
77.36	0.00905
77.38	0.01440
77.4	0.01569
77.42	0.01167
77.44	0.00653
77.46	0.00673
77.48	0.01234
77.5	0.01553
77.52	0.01449
77.54	0.00873
77.56	0.00385
77.58	0.00081
77.6	-0.00216
77.62	-0.00556
77.64	-0.00578
77.66	-0.00428
77.68	-0.00050
77.7	0.00395
77.72	0.00732
77.74	0.00934
77.76	0.00676
77.78	-0.00001
77.8	-0.00460
77.82	-0.00409
77.84	-0.00076
77.86	0.00152
77.88	0.00216
77.9	0.00070
77.92	0.00231
77.94	0.00462
77.96	0.00532
77.98	0.00683
78	0.00432
78.02	-0.00036
78.04	-0.00335
78.06	-0.00551
78.08	-0.00808
78.1	-0.00897
78.12	-0.01051
78.14	-0.01361
78.16	-0.01632
78.18	-0.01581
78.2	-0.01095
78.22	-0.00698
78.24	-0.00623
78.26	-0.00665
78.28	-0.00258
78.3	0.00225
78.32	0.00388
78.34	0.00144
78.36	0.00012
78.38	-0.00106
78.4	-0.00090
78.42	-0.00115
78.44	-0.00539
78.46	-0.01363
78.48	-0.02042
78.5	-0.02070
78.52	-0.01784
78.54	-0.01516
78.56	-0.01383
78.58	-0.01038
78.6	-0.00286
78.62	0.00198
78.64	0.00315
78.66	0.00586
78.68	0.01019
78.7	0.00999
78.72	0.00468
78.74	0.00179
78.76	0.00590
78.78	0.00920
78.8	0.00720
78.82	0.00138
78.84	-0.00335
78.86	-0.00468
78.88	-0.00665
78.9	-0.00954
78.92	-0.01338
78.94	-0.01499
78.96	-0.01007
78.98	-0.00351
79	-0.00066
79.02	-0.00164
79.04	-0.00345
79.06	-0.00061
79.08	0.00337
79.1	0.00355
79.12	-0.00112
79.14	-0.00296
79.16	-0.00321
79.18	-0.00138
79.2	-0.00088
79.22	-0.00199
79.24	-0.00302
79.26	-0.00157
79.28	0.00081
79.3	-0.00090
79.32	-0.00485
79.34	-0.00717
79.36	-0.00364
79.38	0.00004
79.4	-0.00080
79.42	-0.00350
79.44	-0.00237
79.46	0.00072
79.48	0.00277
79.5	0.00334
79.52	0.00545
79.54	0.00694
79.56	0.00990
79.58	0.01111
79.6	0.00863
79.62	0.00155
79.64	-0.00139
79.66	-0.00134
79.68	-0.00268
79.7	-0.00386
79.72	-0.00348
79.74	0.00144
79.76	0.00477
79.78	0.00473
79.8	0.00456
79.82	0.00555
79.84	0.00738
79.86	0.00829
79.88	0.00806
79.9	0.00904
79.92	0.00790
79.94	0.00757
79.96	0.00507
79.98	0.00242
80	-0.00090
80.02	-0.00080
80.04	0.00272
80.06	0.00485
80.08	0.00537
80.1	0.00514
80.12	0.00532
80.14	0.00553
80.16	0.00492
80.18	0.00265
80.2	0.00180
80.22	0.00442
80.24	0.00771
80.26	0.00971
80.28	0.01051
80.3	0.01112
80.32	0.01221
80.34	0.00999
80.36	0.00605
80.38	0.00249
80.4	-0.00037
80.42	-0.00038
80.44	-0.00109
80.46	-0.00105
80.48	-0.00060
80.5	-0.00065
80.52	-0.00095
80.54	0.00003
80.56	0.00337
80.58	0.00694
80.6	0.01013
80.62	0.01334
80.64	0.01457
80.66	0.01369
80.68	0.00938
80.7	0.00571
80.72	0.00230
80.74	-0.00410
80.76	-0.01105
80.78	-0.01381
80.8	-0.01367
80.82	-0.01248
80.84	-0.01230
80.86	-0.01343
80.88	-0.00869
80.9	-0.00341
80.92	-0.00231
80.94	-0.00313
80.96	-0.00430
80.98	-0.00520
81	-0.00254
81.02	-0.00020
81.04	-0.00077
81.06	-0.00331
81.08	-0.00538
81.1	-0.00655
81.12	-0.00628
81.14	-0.00783
81.16	-0.01017
81.18	-0.00950
81.2	-0.00882
81.22	-0.00691
81.24	-0.00620
81.26	-0.00719
81.28	-0.00748
81.3	-0.00743
81.32	-0.00652
81.34	-0.00209
81.36	0.00282
81.38	0.00540
81.4	0.00200
81.42	-0.00189
81.44	-0.00375
81.46	-0.00485
81.48	-0.00686
81.5	-0.01086
81.52	-0.01447
81.54	-0.01130
81.56	-0.00535
81.58	-0.00448
81.6	-0.00757
81.62	-0.00865
81.64	-0.00513
81.66	0.00074
81.68	0.00262
81.7	0.00013
81.72	-0.00167
81.74	0.00148
81.76	0.00389
81.78	0.00297
81.8	0.00007
81.82	0.00038
81.84	0.00322
81.86	0.00569
81.88	0.00484
81.9	0.00247
81.92	0.00173
81.94	0.00234
81.96	0.00323
81.98	0.00075
82	-0.00415
82.02	-0.00867
82.04	-0.00725
82.06	-0.00369
82.08	-0.00276
82.1	-0.00252
82.12	-0.00180
82.14	0.00299
82.16	0.00973
82.18	0.01372
82.2	0.01454
82.22	0.01494
82.24	0.01594
82.26	0.01589
82.28	0.01181
82.3	0.00703
82.32	0.00703
82.34	0.00927
82.36	0.00898
82.38	0.00528
82.4	0.00185
82.42	0.00347
82.44	0.00848
82.46	0.01250
82.48	0.01204
82.5	0.01146
82.52	0.01510
82.54	0.01723
82.56	0.01581
82.58	0.01176
82.6	0.00791
82.62	0.00568
82.64	0.00653
82.66	0.00758
82.68	0.00520
82.7	0.00361
82.72	0.00468
82.74	0.00741
82.76	0.01027
82.78	0.00914
82.8	0.00844
82.82	0.00978
82.84	0.00889
82.86	0.00596
82.88	0.00355
82.9	0.00496
82.92	0.00643
82.94	0.00687
82.96	0.00287
82.98	-0.00208
83	-0.00549
83.02	-0.00395
83.04	-0.00444
83.06	-0.00593
83.08	-0.00719
83.1	-0.00589
83.12	-0.00402
83.14	-0.00076
83.16	0.00071
83.18	0.00329
83.2	0.00731
83.22	0.01089
83.24	0.00927
83.26	0.00673
83.28	0.00350
83.3	0.00192
83.32	0.00190
83.34	0.00081
83.36	-0.00620
83.38	-0.01282
83.4	-0.01445
83.42	-0.00957
83.44	-0.00426
83.46	-0.00131
83.48	-0.00134
83.5	0.00135
83.52	0.00287
83.54	0.00229
83.56	-0.00317
83.58	-0.00600
83.6	-0.00339
83.62	0.00128
83.64	0.00000
83.66	-0.00608
83.68	-0.01040
83.7	-0.01062
83.72	-0.01325
83.74	-0.01674
83.76	-0.01975
83.78	-0.02091
83.8	-0.02130
83.82	-0.02353
83.84	-0.02734
83.86	-0.02507
83.88	-0.01632
83.9	-0.00813
83.92	-0.00649
83.94	-0.01074
83.96	-0.01392
83.98	-0.01211
84	-0.00935
84.02	-0.00992
84.04	-0.01092
84.06	-0.00922
84.08	-0.00771
84.1	-0.00809
84.12	-0.00905
84.14	-0.00680
84.16	-0.00262
84.18	-0.00033
84.2	0.00097
84.22	0.00135
84.24	0.00085
84.26	0.00192
84.28	0.00439
84.3	0.00687
84.32	0.00826
84.34	0.00700
84.36	0.00383
84.38	0.00077
84.4	-0.00100
84.42	0.00286
84.44	0.00917
84.46	0.01419
84.48	0.01248
84.5	0.00723
84.52	0.00246
84.54	-0.00013
84.56	-0.00285
84.58	-0.00622
84.6	-0.00761
84.62	-0.00472
84.64	0.00139
84.66	0.00489
84.68	0.00521
84.7	0.00444
84.72	0.00578
84.74	0.00839
84.76	0.00922
84.78	0.00294
84.8	-0.00385
84.82	-0.00513
84.84	-0.00381
84.86	-0.00336
84.88	-0.00279
84.9	-0.00367
84.92	-0.00515
84.94	-0.00653
84.96	-0.00591
84.98	-0.00353
85	-0.00114
85.02	0.00120
85.04	0.00423
85.06	0.00527
85.08	0.00402
85.1	0.00050
85.12	0.00030
85.14	0.00141
85.16	0.00290
85.18	0.00200
85.2	-0.00010
85.22	-0.00323
85.24	-0.00160
85.26	0.00223
85.28	0.00329
85.3	0.00165
85.32	0.00050
85.34	-0.00061
85.36	-0.00263
85.38	-0.00447
85.4	-0.00623
85.42	-0.00973
85.44	-0.01058
85.46	-0.00867
85.48	-0.00400
85.5	0.00010
85.52	0.00189
85.54	0.00281
85.56	0.00420
85.58	0.00368
85.6	0.00324
85.62	0.00312
85.64	0.00183
85.66	-0.00026
85.68	-0.00136
85.7	-0.00172
85.72	-0.00265
85.74	-0.00502
85.76	-0.00507
85.78	-0.00590
85.8	-0.00666
85.82	-0.00580
85.84	-0.00265
85.86	0.00117
85.88	0.00481
85.9	0.00714
85.92	0.00779
85.94	0.00690
85.96	0.00314
85.98	0.00001
86	-0.00057
86.02	0.00298
86.04	0.00451
86.06	0.00401
86.08	0.00243
86.1	0.00017
86.12	0.00002
86.14	0.00184
86.16	0.00453
86.18	0.00625
86.2	0.00469
86.22	0.00184
86.24	0.00158
86.26	0.00466
86.28	0.00669
86.3	0.00647
86.32	0.00537
86.34	0.00345
86.36	0.00117
86.38	0.00086
86.4	0.00029
86.42	0.00064
86.44	0.00016
86.46	-0.00146
86.48	-0.00024
86.5	0.00196
86.52	0.00373
86.54	0.00367
86.56	0.00072
86.58	-0.00060
86.6	0.00175
86.62	0.00338
86.64	0.00465
86.66	0.00529
86.68	0.00542
86.7	0.00487
86.72	0.00454
86.74	0.00606
86.76	0.00865
86.78	0.00895
86.8	0.00475
86.82	-0.00042
86.84	-0.00252
86.86	-0.00106
86.88	0.00191
86.9	0.00168
86.92	-0.00042
86.94	-0.00105
86.96	0.00026
86.98	0.00484
87	0.00778
87.02	0.00803
87.04	0.00732
87.06	0.00821
87.08	0.00680
87.1	0.00339
87.12	-0.00097
87.14	-0.00003
87.16	0.00264
87.18	0.00359
87.2	0.00071
87.22	-0.00124
87.24	-0.00230
87.26	-0.00014
87.28	0.00333
87.3	0.00709
87.32	0.00689
87.34	0.00630
87.36	0.00680
87.38	0.00626
87.4	0.00216
87.42	-0.00054
87.44	-0.00017
87.46	0.00118
87.48	-0.00172
87.5	-0.00499
87.52	-0.00397
87.54	0.00117
87.56	0.00456
87.58	0.00496
87.6	0.00295
87.62	0.00135
87.64	0.00093
87.66	0.00118
87.68	0.00014
87.7	-0.00067
87.72	-0.00081
87.74	0.00059
87.76	0.00043
87.78	-0.00183
87.8	-0.00311
87.82	-0.00167
87.84	-0.00249
87.86	-0.00583
87.88	-0.00654
87.9	-0.00575
87.92	-0.00295
87.94	-0.00176
87.96	-0.00574
87.98	-0.00875
88	-0.00775
88.02	-0.00325
88.04	-0.00180
88.06	-0.00345
88.08	-0.00638
88.1	-0.00637
88.12	-0.00612
88.14	-0.00568
88.16	-0.00311
88.18	0.00039
88.2	-0.00032
88.22	-0.00330
88.24	-0.00593
88.26	-0.00808
88.28	-0.00757
88.3	-0.00655
88.32	-0.00719
88.34	-0.00737
88.36	-0.00944
88.38	-0.01147
88.4	-0.01037
88.42	-0.00730
88.44	-0.00465
88.46	-0.00404
88.48	-0.00417
88.5	-0.00081
88.52	0.00216
88.54	0.00161
88.56	-0.00149
88.58	-0.00148
88.6	-0.00201
88.62	-0.00227
88.64	-0.00551
88.66	-0.00938
88.68	-0.00949
88.7	-0.00375
88.72	0.00257
88.74	0.00398
88.76	-0.00061
88.78	-0.00384
88.8	-0.00107
88.82	0.00496
88.84	0.00885
88.86	0.00829
88.88	0.00548
88.9	0.00461
88.92	0.00572
88.94	0.00668
88.96	0.00485
88.98	0.00278
89	0.00068
89.02	0.00211
89.04	0.00383
89.06	0.00314
89.08	-0.00042
89.1	-0.00138
89.12	-0.00113
89.14	0.00216
89.16	0.00330
89.18	0.00367
89.2	0.00505
89.22	0.00560
89.24	0.00377
89.26	0.00255
89.28	-0.00016
89.3	-0.00023
89.32	0.00057
89.34	0.00142
89.36	-0.00085
89.38	-0.00315
89.4	-0.00209
89.42	0.00129
89.44	0.00411
89.46	0.00435
89.48	0.00280
89.5	0.00170
89.52	0.00197
89.54	0.00379
89.56	0.00458
89.58	0.00715
89.6	0.00964
89.62	0.00850
89.64	0.00578
89.66	0.00494
89.68	0.00556
89.7	0.00434
89.72	0.00231
89.74	-0.00061
89.76	-0.00388
89.78	-0.00615
89.8	-0.00355
89.82	0.00339
89.84	0.00686
89.86	0.00699
89.88	0.00443
89.9	0.00220
89.92	-0.00053
89.94	-0.00341
89.96	-0.00551
89.98	-0.00497
90	-0.00607
90.02	-0.00975
90.04	-0.01220
90.06	-0.01119
90.08	-0.00947
90.1	-0.00937
90.12	-0.01281
90.14	-0.01427
90.16	-0.01028
90.18	-0.00518
90.2	-0.00436
90.22	-0.00696
90.24	-0.00751
90.26	-0.00293
90.28	0.00119
90.3	0.00069
90.32	-0.00363
90.34	-0.00722
90.36	-0.00646
90.38	-0.00343
90.4	-0.00084
90.42	0.00170
90.44	0.00365
90.46	0.00381
90.48	0.00386
90.5	0.00180
90.52	0.00020
90.54	0.00099
90.56	0.00480
90.58	0.00757
90.6	0.00715
90.62	0.00333
90.64	0.00065
90.66	0.00215
90.68	0.00430
90.7	0.00393
90.72	0.00148
90.74	-0.00197
90.76	-0.00294
90.78	-0.00249
90.8	0.00023
90.82	0.00246
90.84	0.00384
90.86	0.00331
90.88	0.00341
90.9	0.00136
90.92	-0.00021
90.94	-0.00049
90.96	0.00105
90.98	0.00281
91	0.00501
91.02	0.00612
91.04	0.00549
91.06	0.00214
91.08	0.00016
91.1	-0.00071
91.12	-0.00187
91.14	-0.00350
91.16	-0.00432
91.18	-0.00186
91.2	0.00186
91.22	0.00483
91.24	0.00678
91.26	0.00744
91.28	0.00937
91.3	0.01033
91.32	0.00948
91.34	0.00690
91.36	0.00430
91.38	0.00295
91.4	0.00375
91.42	0.00260
91.44	0.00060
91.46	-0.00141
91.48	-0.00152
91.5	0.00030
91.52	0.00252
91.54	0.00156
91.56	0.00066
91.58	0.00308
91.6	0.00670
91.62	0.00776
91.64	0.00521
91.66	0.00355
91.68	0.00429
91.7	0.00506
91.72	0.00329
91.74	-0.00020
91.76	-0.00381
91.78	-0.00309
91.8	0.00079
91.82	0.00329
91.84	0.00091
91.86	-0.00384
91.88	-0.00676
91.9	-0.00658
91.92	-0.00625
91.94	-0.00583
91.96	-0.00561
91.98	-0.00477
92	-0.00520
92.02	-0.00438
92.04	-0.00181
92.06	-0.00024
92.08	0.00078
92.1	0.00278
92.12	0.00517
92.14	0.00602
92.16	0.00433
92.18	0.00254
92.2	0.00096
92.22	0.00143
92.24	0.00212
92.26	0.00057
92.28	-0.00141
92.3	-0.00240
92.32	-0.00164
92.34	-0.00047
92.36	0.00025
92.38	-0.00004
92.4	-0.00020
92.42	0.00083
92.44	0.00146
92.46	0.00103
92.48	-0.00025
92.5	-0.00189
92.52	-0.00358
92.54	-0.00575
92.56	-0.00772
92.58	-0.00757
92.6	-0.00770
92.62	-0.01060
92.64	-0.01321
92.66	-0.01358
92.68	-0.01217
92.7	-0.00875
92.72	-0.00428
92.74	-0.00042
92.76	0.00177
92.78	0.00121
92.8	-0.00020
92.82	-0.00022
92.84	0.00136
92.86	0.00375
92.88	0.00496
92.9	0.00304
92.92	0.00074
92.94	0.00268
92.96	0.00541
92.98	0.00657
93	0.00510
93.02	0.00331
93.04	0.00372
93.06	0.00336
93.08	0.00280
93.1	0.00505
93.12	0.00657
93.14	0.00652
93.16	0.00775
93.18	0.00660
93.2	0.00569
93.22	0.00461
93.24	0.00443
93.26	0.00530
93.28	0.00537
93.3	0.00256
93.32	-0.00050
93.34	-0.00189
93.36	-0.00180
93.38	-0.00165
93.4	-0.00237
93.42	-0.00190
93.44	-0.00156
93.46	-0.00155
93.48	-0.00235
93.5	-0.00345
93.52	-0.00552
93.54	-0.00528
93.56	-0.00492
93.58	-0.00428
93.6	-0.00449
93.62	-0.00492
93.64	-0.00367
93.66	-0.00162
93.68	-0.00155
93.7	-0.00444
93.72	-0.00682
93.74	-0.00768
93.76	-0.00833
93.78	-0.00839
93.8	-0.00931
93.82	-0.00940
93.84	-0.00762
93.86	-0.00443
93.88	-0.00254
93.9	-0.00318
93.92	-0.00767
93.94	-0.00955
93.96	-0.00806
93.98	-0.00474
94	-0.00320
94.02	-0.00488
94.04	-0.00373
94.06	0.00015
94.08	0.00287
94.1	0.00343
94.12	0.00234
94.14	0.00256
94.16	0.00417
94.18	0.00401
94.2	0.00063
94.22	-0.00256
94.24	-0.00256
94.26	0.00032
94.28	0.00202
94.3	0.00026
94.32	-0.00228
94.34	-0.00171
94.36	0.00124
94.38	0.00345
94.4	0.00401
94.42	0.00533
94.44	0.00765
94.46	0.00939
94.48	0.01057
94.5	0.00993
94.52	0.00760
94.54	0.00443
94.56	0.00210
94.58	-0.00098
94.6	-0.00291
94.62	-0.00213
94.64	-0.00126
94.66	0.00134
94.68	0.00303
94.7	0.00411
94.72	0.00543
94.74	0.00692
94.76	0.00853
94.78	0.00844
94.8	0.00773
94.82	0.00671
94.84	0.00475
94.86	0.00173
94.88	-0.00162
94.9	-0.00185
94.92	-0.00104
94.94	-0.00071
94.96	-0.00143
94.98	-0.00167
95	-0.00170
95.02	-0.00075
95.04	-0.00139
95.06	-0.00277
95.08	-0.00254
95.1	-0.00314
95.12	-0.00474
95.14	-0.00467
95.16	-0.00553
95.18	-0.00718
95.2	-0.00980
95.22	-0.01102
95.24	-0.00912
95.26	-0.00679
95.28	-0.00576
95.3	-0.00421
95.32	-0.00315
95.34	-0.00221
95.36	-0.00054
95.38	0.00149
95.4	0.00209
95.42	0.00068
95.44	-0.00249
95.46	-0.00325
95.48	-0.00164
95.5	-0.00122
95.52	-0.00149
95.54	-0.00287
95.56	-0.00436
95.58	-0.00549
95.6	-0.00438
95.62	-0.00567
95.64	-0.00841
95.66	-0.00990
95.68	-0.00884
95.7	-0.00822
95.72	-0.00851
95.74	-0.00955
95.76	-0.00786
95.78	-0.00542
95.8	-0.00459
95.82	-0.00425
95.84	-0.00419
95.86	-0.00446
95.88	-0.00450
95.9	-0.00510
95.92	-0.00446
95.94	-0.00389
95.96	-0.00434
95.98	-0.00391
96	-0.00197
96.02	0.00035
96.04	0.00363
96.06	0.00503
96.08	0.00490
96.1	0.00470
96.12	0.00556
96.14	0.00684
96.16	0.00698
96.18	0.00611
96.2	0.00411
96.22	0.00194
96.24	0.00146
96.26	0.00260
96.28	0.00333
96.3	0.00292
96.32	0.00371
96.34	0.00588
96.36	0.00876
96.38	0.00904
96.4	0.00739
96.42	0.00665
96.44	0.00667
96.46	0.00551
96.48	0.00544
96.5	0.00375
96.52	0.00282
96.54	0.00091
96.56	-0.00041
96.58	-0.00160
96.6	0.00075
96.62	0.00312
96.64	0.00410
96.66	0.00486
96.68	0.00508
96.7	0.00454
96.72	0.00467
96.74	0.00694
96.76	0.00743
96.78	0.00655
96.8	0.00646
96.82	0.00653
96.84	0.00748
96.86	0.00696
96.88	0.00588
96.9	0.00335
96.92	0.00300
96.94	0.00421
96.96	0.00565
96.98	0.00650
97	0.00557
97.02	0.00405
97.04	0.00449
97.06	0.00483
97.08	0.00344
97.1	0.00244
97.12	0.00262
97.14	0.00266
97.16	0.00333
97.18	0.00354
97.2	0.00331
97.22	0.00286
97.24	0.00343
97.26	0.00345
97.28	0.00541
97.3	0.00565
97.32	0.00693
97.34	0.00791
97.36	0.00855
97.38	0.00745
97.4	0.00638
97.42	0.00637
97.44	0.00546
97.46	0.00495
97.48	0.00290
97.5	-0.00049
97.52	-0.00176
97.54	-0.00398
97.56	-0.00607
97.58	-0.00837
97.6	-0.00933
97.62	-0.00868
97.64	-0.00628
97.66	-0.00483
97.68	-0.00381
97.7	-0.00375
97.72	-0.00411
97.74	-0.00321
97.76	-0.00117
97.78	-0.00137
97.8	-0.00299
97.82	-0.00510
97.84	-0.00596
97.86	-0.00584
97.88	-0.00543
97.9	-0.00822
97.92	-0.01009
97.94	-0.01104
97.96	-0.00961
97.98	-0.00709
98	-0.00492
98.02	-0.00371
98.04	-0.00264
98.06	-0.00095
98.08	0.00232
98.1	0.00302
98.12	0.00252
98.14	0.00081
98.16	0.00060
98.18	0.00152
98.2	0.00274
98.22	0.00406
98.24	0.00470
98.26	0.00359
98.28	0.00174
98.3	0.00054
98.32	0.00187
98.34	0.00283
98.36	0.00331
98.38	0.00377
98.4	0.00341
98.42	0.00332
98.44	0.00250
98.46	0.00155
98.48	0.00149
98.5	0.00362
98.52	0.00360
98.54	0.00248
98.56	0.00126
98.58	0.00060
98.6	0.00019
98.62	0.00082
98.64	0.00098
98.66	0.00169
98.68	0.00281
98.7	0.00320
98.72	0.00272
98.74	-0.00063
98.76	-0.00168
98.78	-0.00073
98.8	0.00112
98.82	0.00018
98.84	-0.00147
98.86	-0.00213
98.88	-0.00171
98.9	-0.00162
98.92	-0.00184
98.94	-0.00339
98.96	-0.00517
98.98	-0.00526
99	-0.00304
99.02	-0.00099
99.04	-0.00059
99.06	-0.00171
99.08	-0.00099
99.1	-0.00029
99.12	0.00247
99.14	0.00318
99.16	0.00221
99.18	0.00078
99.2	0.00191
99.22	0.00262
99.24	0.00178
99.26	0.00120
99.28	0.00333
99.3	0.00448
99.32	0.00170
99.34	-0.00045
99.36	0.00134
99.38	0.00463
99.4	0.00638
99.42	0.00530
99.44	0.00243
99.46	0.00193
99.48	0.00345
99.5	0.00364
99.52	0.00256
99.54	0.00163
99.56	0.00448
99.58	0.00888
99.6	0.00872
99.62	0.00554
99.64	0.00419
99.66	0.00308
99.68	0.00383
99.7	0.00498
99.72	0.00130
99.74	-0.00639
99.76	-0.00940
99.78	-0.00676
99.8	-0.00222
99.82	-0.00229
99.84	-0.00551
99.86	-0.00758
99.88	-0.00571
99.9	-0.00171
99.92	0.00079
99.94	0.00142
99.96	0.00018
99.98	-0.00031
100	-0.00028
100.02	-0.00130
100.04	-0.00370
100.06	-0.00644
100.08	-0.00706
100.1	-0.00612
100.12	-0.00383
100.14	-0.00289
100.16	-0.00285
100.18	-0.00345
100.2	-0.00304
100.22	-0.00071
100.24	0.00048
100.26	0.00155
100.28	0.00238
100.3	0.00197
100.32	0.00274
100.34	0.00226
100.36	0.00228
100.38	0.00162
100.4	0.00011
100.42	-0.00125
100.44	-0.00183
100.46	-0.00346
100.48	-0.00384
100.5	-0.00403
100.52	-0.00520
100.54	-0.00350
100.56	-0.00252
100.58	-0.00289
100.6	-0.00313
100.62	-0.00272
100.64	-0.00096
100.66	-0.00075
100.68	0.00034
100.7	0.00025
100.72	-0.00031
100.74	-0.00089
100.76	-0.00369
100.78	-0.00519
100.8	-0.00471
100.82	-0.00527
100.84	-0.00535
100.86	-0.00489
100.88	-0.00253
100.9	-0.00334
100.92	-0.00469
100.94	-0.00553
100.96	-0.00334
100.98	-0.00317
101	-0.00285
101.02	-0.00168
101.04	-0.00131
101.06	-0.00075
101.08	0.00025
101.1	0.00028
101.12	-0.00123
101.14	-0.00318
101.16	-0.00352
101.18	-0.00291
101.2	-0.00204
101.22	-0.00240
101.24	-0.00256
101.26	-0.00341
101.28	-0.00460
101.3	-0.00405
101.32	-0.00332
101.34	-0.00564
101.36	-0.00707
101.38	-0.00848
101.4	-0.00846
101.42	-0.00687
101.44	-0.00582
101.46	-0.00727
101.48	-0.01011
101.5	-0.00997
101.52	-0.00484
101.54	-0.00171
101.56	-0.00260
101.58	-0.00422
101.6	-0.00397
101.62	-0.00190
101.64	-0.00163
101.66	-0.00236
101.68	-0.00200
101.7	-0.00338
101.72	-0.00480
101.74	-0.00548
101.76	-0.00597
101.78	-0.00722
101.8	-0.00488
101.82	-0.00088
101.84	0.00099
101.86	0.00114
101.88	0.00112
101.9	0.00283
101.92	0.00532
101.94	0.00711
101.96	0.00884
101.98	0.00910
102	0.00797
102.02	0.00665
102.04	0.00578
102.06	0.00412
102.08	0.00308
102.1	0.00234
102.12	0.00317
102.14	0.00373
102.16	0.00218
102.18	0.00027
102.2	0.00140
102.22	0.00510
102.24	0.00698
102.26	0.00658
102.28	0.00484
102.3	0.00334
102.32	0.00343
102.34	0.00563
102.36	0.00642
102.38	0.00412
102.4	0.00218
102.42	0.00154
102.44	0.00104
102.46	0.00029
102.48	0.00026
102.5	0.00166
102.52	0.00244
102.54	0.00082
102.56	-0.00060
102.58	-0.00119
102.6	-0.00062
102.62	0.00033
102.64	0.00233
102.66	0.00309
102.68	0.00445
102.7	0.00559
102.72	0.00530
102.74	0.00385
102.76	0.00201
102.78	0.00083
102.8	0.00145
102.82	0.00012
102.84	-0.00132
102.86	-0.00488
102.88	-0.00707
102.9	-0.00600
102.92	-0.00201
102.94	0.00034
102.96	-0.00080
102.98	-0.00202
103	-0.00088
103.02	0.00139
103.04	0.00503
103.06	0.00569
103.08	0.00532
103.1	0.00484
103.12	0.00347
103.14	0.00204
103.16	0.00109
103.18	0.00143
103.2	0.00312
103.22	0.00548
103.24	0.00805
103.26	0.00815
103.28	0.00687
103.3	0.00735
103.32	0.00981
103.34	0.01138
103.36	0.01186
103.38	0.01095
103.4	0.00907
103.42	0.00768
103.44	0.00731
103.46	0.00808
103.48	0.00714
103.5	0.00504
103.52	0.00305
103.54	0.00170
103.56	-0.00044
103.58	-0.00155
103.6	-0.00184
103.62	-0.00008
103.64	0.00207
103.66	0.00196
103.68	0.00108
103.7	-0.00118
103.72	-0.00252
103.74	-0.00229
103.76	-0.00170
103.78	-0.00274
103.8	-0.00677
103.82	-0.00945
103.84	-0.01046
103.86	-0.01071
103.88	-0.01161
103.9	-0.01105
103.92	-0.01130
103.94	-0.01206
103.96	-0.01248
103.98	-0.01104
104	-0.00886
104.02	-0.00653
104.04	-0.00548
104.06	-0.00461
104.08	-0.00284
104.1	-0.00196
104.12	-0.00236
104.14	-0.00449
104.16	-0.00505
104.18	-0.00479
104.2	-0.00513
104.22	-0.00460
104.24	-0.00526
104.26	-0.00581
104.28	-0.00482
104.3	-0.00275
104.32	-0.00051
104.34	0.00208
104.36	0.00330
104.38	0.00417
104.4	0.00359
104.42	0.00482
104.44	0.00589
104.46	0.00770
104.48	0.00904
104.5	0.00873
104.52	0.00672
104.54	0.00525
104.56	0.00385
104.58	0.00303
104.6	0.00123
104.62	-0.00045
104.64	-0.00120
104.66	-0.00287
104.68	-0.00370
104.7	-0.00279
104.72	-0.00341
104.74	-0.00372
104.76	-0.00417
104.78	-0.00365
104.8	-0.00248
104.82	-0.00182
104.84	-0.00269
104.86	-0.00235
104.88	-0.00077
104.9	0.00089
104.92	0.00173
104.94	0.00115
104.96	-0.00145
104.98	-0.00331
105	-0.00444
105.02	-0.00385
105.04	-0.00408
105.06	-0.00370
105.08	-0.00128
105.1	-0.00028
105.12	-0.00069
105.14	0.00015
105.16	0.00197
105.18	0.00383
105.2	0.00377
105.22	0.00378
105.24	0.00479
105.26	0.00626
105.28	0.00763
105.3	0.00793
105.32	0.00599
105.34	0.00364
105.36	0.00181
105.38	-0.00030
105.4	-0.00159
105.42	-0.00107
105.44	-0.00139
105.46	-0.00190
105.48	-0.00383
105.5	-0.00469
105.52	-0.00275
105.54	-0.00068
105.56	-0.00001
105.58	-0.00126
105.6	-0.00206
105.62	-0.00191
105.64	-0.00104
105.66	-0.00091
105.68	-0.00166
105.7	-0.00281
105.72	-0.00209
105.74	-0.00231
105.76	-0.00357
105.78	-0.00527
105.8	-0.00487
105.82	-0.00549
105.84	-0.00570
105.86	-0.00598
105.88	-0.00670
105.9	-0.00746
105.92	-0.00682
105.94	-0.00620
105.96	-0.00441
105.98	-0.00165
106	0.00113
106.02	0.00318
106.04	0.00514
106.06	0.00670
106.08	0.00782
106.1	0.00759
106.12	0.00664
106.14	0.00604
106.16	0.00681
106.18	0.00790
106.2	0.00689
106.22	0.00627
106.24	0.00560
106.26	0.00781
106.28	0.01006
106.3	0.01077
106.32	0.00980
106.34	0.00904
106.36	0.01047
106.38	0.01230
106.4	0.01160
106.42	0.01067
106.44	0.00943
106.46	0.00786
106.48	0.00674
106.5	0.00548
106.52	0.00359
106.54	0.00396
106.56	0.00525
106.58	0.00481
106.6	0.00278
106.62	0.00239
106.64	0.00288
106.66	0.00402
106.68	0.00409
106.7	0.00294
106.72	0.00274
106.74	0.00051
106.76	-0.00060
106.78	-0.00120
106.8	-0.00231
106.82	-0.00204
106.84	-0.00226
106.86	-0.00244
106.88	-0.00206
106.9	-0.00278
106.92	-0.00352
106.94	-0.00197
106.96	0.00095
106.98	0.00134
107	0.00181
107.02	0.00108
107.04	0.00091
107.06	0.00062
107.08	-0.00093
107.1	-0.00259
107.12	-0.00097
107.14	-0.00026
107.16	-0.00021
107.18	-0.00028
107.2	-0.00129
107.22	-0.00235
107.24	-0.00184
107.26	-0.00185
107.28	-0.00217
107.3	-0.00284
107.32	-0.00266
107.34	-0.00134
107.36	-0.00120
107.38	-0.00176
107.4	-0.00029
107.42	-0.00149
107.44	-0.00204
107.46	-0.00139
107.48	-0.00154
107.5	-0.00139
107.52	-0.00045
107.54	-0.00181
107.56	-0.00139
107.58	-0.00094
107.6	-0.00176
107.62	-0.00262
107.64	-0.00071
107.66	0.00097
107.68	-0.00100
107.7	-0.00512
107.72	-0.00635
107.74	-0.00412
107.76	-0.00155
107.78	-0.00217
107.8	-0.00363
107.82	-0.00326
107.84	-0.00169
107.86	-0.00267
107.88	-0.00343
107.9	-0.00614
107.92	-0.00809
107.94	-0.00696
107.96	-0.00769
107.98	-0.01106
108	-0.01222
108.02	-0.01287
108.04	-0.01379
108.06	-0.01382
108.08	-0.00983
108.1	-0.00579
108.12	-0.00504
108.14	-0.00680
108.16	-0.00684
108.18	-0.00647
108.2	-0.00515
108.22	-0.00392
108.24	-0.00579
108.26	-0.00658
108.28	-0.00484
108.3	-0.00412
108.32	-0.00365
108.34	-0.00404
108.36	-0.00491
108.38	-0.00435
108.4	-0.00374
108.42	-0.00424
108.44	-0.00232
108.46	-0.00014
108.48	0.00023
108.5	0.00158
108.52	0.00344
108.54	0.00513
108.56	0.00708
108.58	0.00790
108.6	0.00689
108.62	0.00650
108.64	0.00524
108.66	0.00376
108.68	0.00331
108.7	0.00406
108.72	0.00512
108.74	0.00484
108.76	0.00475
108.78	0.00467
108.8	0.00412
108.82	0.00227
108.84	0.00180
108.86	0.00196
108.88	0.00272
108.9	0.00409
108.92	0.00442
108.94	0.00354
108.96	0.00274
108.98	0.00224
109	0.00201
109.02	0.00175
109.04	0.00224
109.06	0.00400
109.08	0.00332
109.1	0.00304
109.12	0.00328
109.14	0.00373
109.16	0.00401
109.18	0.00475
109.2	0.00452
109.22	0.00473
109.24	0.00531
109.26	0.00510
109.28	0.00502
109.3	0.00478
109.32	0.00537
109.34	0.00558
109.36	0.00592
109.38	0.00625
109.4	0.00615
109.42	0.00471
109.44	0.00358
109.46	0.00472
109.48	0.00298
109.5	0.00128
109.52	-0.00001
109.54	0.00053
109.56	-0.00068
109.58	-0.00242
109.6	-0.00391
109.62	-0.00386
109.64	-0.00477
109.66	-0.00548
109.68	-0.00656
109.7	-0.00640
109.72	-0.00532
109.74	-0.00366
109.76	-0.00334
109.78	-0.00442
109.8	-0.00373
109.82	-0.00347
109.84	-0.00332
109.86	-0.00340
109.88	-0.00398
109.9	-0.00420
109.92	-0.00320
109.94	-0.00258
109.96	-0.00096
109.98	0.00088
110	0.00015
110.02	-0.00106
110.04	0.00024
110.06	0.00083
110.08	0.00052
110.1	0.00050
110.12	0.00183
110.14	0.00115
110.16	-0.00020
110.18	-0.00153
110.2	0.00043
110.22	0.00117
110.24	0.00021
110.26	0.00149
110.28	0.00197
110.3	0.00250
110.32	0.00309
110.34	0.00279
110.36	0.00298
110.38	0.00292
110.4	0.00237
110.42	0.00229
110.44	0.00222
110.46	-0.00017
110.48	-0.00302
110.5	-0.00389
110.52	-0.00353
110.54	-0.00258
110.56	-0.00175
110.58	-0.00032
110.6	-0.00066
110.62	-0.00184
110.64	-0.00172
110.66	-0.00046
110.68	0.00012
110.7	-0.00017
110.72	-0.00054
110.74	-0.00131
110.76	-0.00097
110.78	0.00014
110.8	0.00074
110.82	0.00001
110.84	-0.00175
110.86	-0.00207
110.88	-0.00106
110.9	-0.00124
110.92	-0.00103
110.94	-0.00171
110.96	-0.00182
110.98	-0.00100
111	-0.00006
111.02	-0.00080
111.04	-0.00204
111.06	-0.00234
111.08	-0.00319
111.1	-0.00267
111.12	-0.00375
111.14	-0.00420
111.16	-0.00366
111.18	-0.00311
111.2	-0.00345
111.22	-0.00485
111.24	-0.00429
111.26	-0.00212
111.28	-0.00024
111.3	0.00073
111.32	0.00143
111.34	0.00205
111.36	0.00289
111.38	0.00372
111.4	0.00279
111.42	0.00182
111.44	0.00165
111.46	0.00128
111.48	0.00181
111.5	0.00196
111.52	0.00192
111.54	0.00197
111.56	0.00226
111.58	0.00265
111.6	0.00256
111.62	0.00258
111.64	0.00231
111.66	0.00192
111.68	0.00207
111.7	0.00223
111.72	0.00277
111.74	0.00266
111.76	0.00259
111.78	0.00256
111.8	0.00150
111.82	0.00016
111.84	0.00023
111.86	0.00029
111.88	0.00018
111.9	0.00004
111.92	0.00002
111.94	-0.00004
111.96	-0.00048
111.98	-0.00017
112	0.00175
112.02	0.00240
112.04	0.00137
112.06	0.00095
112.08	0.00190
112.1	0.00259
112.12	0.00241
112.14	0.00140
112.16	0.00191
112.18	0.00295
112.2	0.00298
112.22	0.00211
112.24	0.00054
112.26	-0.00032
112.28	0.00061
112.3	0.00118
112.32	0.00095
112.34	0.00095
112.36	0.00220
112.38	0.00371
112.4	0.00459
112.42	0.00409
112.44	0.00292
112.46	0.00193
112.48	0.00119
112.5	0.00161
112.52	0.00188
112.54	0.00097
112.56	-0.00040
112.58	-0.00076
112.6	0.00099
112.62	0.00149
112.64	0.00007
112.66	-0.00041
112.68	0.00011
112.7	0.00076
112.72	0.00062
112.74	0.00083
112.76	0.00041
112.78	0.00165
112.8	0.00225
112.82	0.00220
112.84	0.00107
112.86	0.00022
112.88	-0.00024
112.9	-0.00011
112.92	-0.00092
112.94	-0.00206
112.96	-0.00287
112.98	-0.00336
113	-0.00227
113.02	-0.00149
113.04	-0.00167
113.06	-0.00207
113.08	-0.00220
113.1	-0.00197
113.12	-0.00223
113.14	-0.00233
113.16	-0.00248
113.18	-0.00199
113.2	-0.00120
113.22	-0.00134
113.24	-0.00255
113.26	-0.00337
113.28	-0.00259
113.3	-0.00144
113.32	-0.00121
113.34	-0.00220
113.36	-0.00222
113.38	-0.00120
113.4	-0.00125
113.42	-0.00259
113.44	-0.00315
113.46	-0.00162
113.48	-0.00080
113.5	-0.00084
113.52	-0.00181
113.54	-0.00225
113.56	-0.00266
113.58	-0.00340
113.6	-0.00303
113.62	-0.00189
113.64	-0.00092
113.66	-0.00012
113.68	0.00082
113.7	0.00114
113.72	0.00128
113.74	0.00139
113.76	0.00138
113.78	0.00104
113.8	0.00132
113.82	0.00091
113.84	0.00046
113.86	0.00141
113.88	0.00225
113.9	0.00124
113.92	0.00000
113.94	0.00102
113.96	0.00109
113.98	-0.00044
114	-0.00123
114.02	-0.00050
114.04	0.00057
114.06	0.00144
114.08	0.00191
114.1	0.00098
114.12	-0.00021
114.14	-0.00065
114.16	-0.00095
114.18	-0.00291
114.2	-0.00438
114.22	-0.00415
114.24	-0.00220
114.26	-0.00028
114.28	0.00067
114.3	0.00034
114.32	0.00051
114.34	0.00101
114.36	0.00106
114.38	-0.00020
114.4	-0.00101
114.42	-0.00041
114.44	0.00062
114.46	-0.00036
114.48	-0.00147
114.5	-0.00153
114.52	-0.00096
114.54	-0.00098
114.56	-0.00119
114.58	-0.00110
114.6	-0.00096
114.62	-0.00125
114.64	-0.00050
114.66	0.00042
114.68	-0.00003
114.7	-0.00021
114.72	0.00021
114.74	0.00065
114.76	0.00041
114.78	0.00036
114.8	0.00011
114.82	0.00014
114.84	0.00019
114.86	0.00022
114.88	0.00004
114.9	0.00001
114.92	-0.00009
114.94	-0.00009
114.96	0.00010
114.98	0.00031
115	0.00103
115.02	0.00127
115.04	0.00134
115.06	0.00117
115.08	0.00143
115.1	0.00172
115.12	0.00169
115.14	0.00158
115.16	0.00160
115.18	0.00196
115.2	0.00101
115.22	-0.00004
115.24	-0.00021
115.26	0.00067
115.28	0.00081
115.3	0.00034
115.32	0.00005
115.34	0.00020
115.36	0.00100
115.38	0.00095
115.4	0.00026
115.42	-0.00032
115.44	0.00019
115.46	0.00086
115.48	0.00055
115.5	-0.00026
115.52	-0.00055
115.54	0.00025
115.56	0.00133
115.58	0.00108
115.6	-0.00020
115.62	-0.00084
115.64	-0.00066
115.66	-0.00044
115.68	-0.00005
115.7	0.00022
115.72	-0.00007
115.74	-0.00044
115.76	-0.00042
115.78	-0.00017
115.8	0.00055
115.82	0.00152
115.84	0.00177
115.86	-0.00007
115.88	-0.00159
115.9	-0.00079
115.92	0.00104
115.94	0.00140
115.96	-0.00028
115.98	-0.00217
116	-0.00249
116.02	-0.00073
116.04	0.00099
116.06	0.00069
116.08	-0.00082
116.1	-0.00103
116.12	-0.00007
116.14	0.00061
116.16	0.00073
116.18	0.00067
116.2	0.00051
116.22	0.00036
116.24	0.00020
116.26	-0.00011
116.28	-0.00021
116.3	-0.00012
116.32	-0.00019
116.34	-0.00030
116.36	-0.00032
116.38	-0.00011
116.4	0.00007
116.42	0.00021
116.44	0.00022
116.46	-0.00001
116.48	-0.00005
116.5	0.00020
116.52	0.00020
116.54	-0.00015
116.56	-0.00046
116.58	-0.00021
116.6	-0.00002
116.62	0.00010
116.64	0.00000
116.66	-0.00023
116.68	-0.00025
116.7	-0.00002
116.72	0.00021
116.74	0.00010
116.76	-0.00010
116.78	0.00007
116.8	0.00048
116.82	0.00049
116.84	0.00030
116.86	0.00016
116.88	0.00018
116.9	0.00025
116.92	0.00024
116.94	0.00000
116.96	-0.00015
116.98	-0.00005
117	0.00005
117.02	-0.00003
117.04	-0.00015
117.06	-0.00017
117.08	-0.00024
117.1	-0.00019
117.12	0.00001
117.14	0.00009
117.16	0.00001
117.18	0.00005
117.2	0.00011
117.22	0.00006
117.24	-0.00005
117.26	-0.00003
117.28	-0.00007
117.3	-0.00011
117.32	-0.00012
117.34	-0.00009
117.36	-0.00009
117.38	-0.00012
117.4	-0.00019
117.42	-0.00021
117.44	-0.00016
117.46	-0.00016
117.48	-0.00014
117.5	-0.00014
117.52	-0.00010
117.54	-0.00004
117.56	-0.00008
117.58	-0.00016
117.6	-0.00018
117.62	-0.00011
117.64	-0.00010
117.66	-0.00018
117.68	-0.00022
117.7	-0.00022
117.72	-0.00015
117.74	-0.00013
117.76	-0.00015
117.78	-0.00015
117.8	-0.00010
117.82	-0.00009
117.84	-0.00013
117.86	-0.00015
117.88	-0.00017
117.9	-0.00016
117.92	-0.00014
117.94	-0.00008
117.96	-0.00002
117.98	-0.00002
118	-0.00008
118.02	-0.00009
118.04	-0.00006
118.06	-0.00006
118.08	-0.00006
118.1	-0.00006
118.12	-0.00008
118.14	-0.00008
118.16	-0.00006
118.18	-0.00004
118.2	-0.00006
118.22	-0.00006
118.24	-0.00004
118.26	-0.00002
118.28	0.00000
118.3	0.00000
118.32	-0.00002
118.34	-0.00002
118.36	-0.00002
118.38	0.00000
118.4	0.00000
118.42	-0.00002
118.44	-0.00002
118.46	0.00000
118.48	-0.00002
118.5	-0.00002
118.52	-0.00004
118.54	-0.00004
118.56	-0.00004
118.58	-0.00004
118.6	-0.00002
118.62	-0.00002
118.64	-0.00001
118.66	-0.00003
118.68	-0.00005
118.7	-0.00005
118.72	-0.00003
118.74	-0.00001
118.76	-0.00001
118.78	-0.00003
118.8	-0.00003
118.82	-0.00003
118.84	-0.00001
118.86	-0.00001
118.88	-0.00001
118.9	-0.00001
118.92	-0.00001
118.94	-0.00001
118.96	-0.00001
118.98	-0.00001
119	-0.00001
119.02	-0.00001
119.04	-0.00001
119.06	-0.00001
119.08	-0.00001
119.1	-0.00001
119.12	-0.00001
119.14	-0.00001
119.16	-0.00001
119.18	-0.00001
119.2	-0.00001
119.22	-0.00001
119.24	-0.00001
119.26	-0.00001
119.28	-0.00001
119.3	-0.00001
119.32	0.00001
119.34	0.00001
119.36	0.00001
119.38	0.00001
119.4	0.00001
119.42	0.00001
119.44	0.00001
119.46	0.00001
119.48	0.00001
119.5	0.00001
119.52	0.00001
119.54	0.00001
119.56	0.00001
119.58	0.00001
119.6	0.00001
119.62	0.00001
119.64	0.00001
119.66	0.00001
119.68	0.00001
119.7	0.00001
119.72	0.00001
119.74	0.00001
119.76	0.00001
119.78	0.00001
119.8	0.00001
119.82	0.00001
119.84	0.00001
119.86	0.00001
119.88	0.00001
119.9	0.00003
119.92	0.00003
119.94	0.00003
119.96	0.00003
119.98	0.00002
