1 3.58243e-05 0.000104353 0.000168303 0.000239939 0.000286999 0.0003221 0.00038517 0.000450433 0.000508413 0.000476065 0.000520435 0.000558992 0.000585246 0.000604879
2 3.82854e-05 0.000126701 0.000256135 0.000311266 0.000592624 0.000571631 0.000748164 0.00089641 0.000992817 0.000947893 0.00112706 0.00113274 0.00150362 0.00128641
3 3.39193e-05 0.000118103 0.000278738 0.000321308 0.000869066 0.000771188 0.00107915 0.00136963 0.00158966 0.00148606 0.00182859 0.00179374 0.00240991 0.00196788
4 3.01484e-05 0.00010539 0.000263873 0.000298495 0.000998057 0.000846082 0.0012539 0.00172414 0.0021387 0.00190733 0.00232838 0.0022129 0.00276439 0.00229051
5 2.7152e-05 9.39636e-05 0.000236277 0.000265663 0.00100729 0.000833886 0.00130028 0.00194756 0.00258026 0.00215855 0.00255532 0.00234182 0.00279129 0.00245578
6 2.55649e-05 8.74162e-05 0.000215936 0.000242954 0.000972827 0.000792291 0.0012893 0.00210002 0.00296622 0.00230865 0.0026189 0.0023896 0.00270117 0.00251762
7 2.48081e-05 8.41499e-05 0.000203429 0.000229926 0.00093257 0.000748203 0.00125631 0.00221632 0.00334314 0.00240786 0.00259594 0.00239216 0.0025683 0.00252456
8 2.4424e-05 8.24903e-05 0.000196239 0.000223446 0.000897547 0.000710316 0.00121944 0.00231727 0.00373284 0.00247955 0.00254297 0.00237134 0.00244148 0.00250665
9 2.41802e-05 8.14871e-05 0.000191875 0.000219913 0.000868889 0.000679503 0.00118301 0.00241006 0.00414185 0.002529 0.0024787 0.00233495 0.00233843 0.00248909
10 2.39708e-05 8.0681e-05 0.000188876 0.000217462 0.00084479 0.000654256 0.00114738 0.00249339 0.00456705 0.00255517 0.0024048 0.00228522 0.00225577 0.00248243
11 2.37765e-05 7.99537e-05 0.000186706 0.000215427 0.000823984 0.00063325 0.00111272 0.00256593 0.00500919 0.00255802 0.00232314 0.00222438 0.00219146 0.00248382
12 2.36128e-05 7.93229e-05 0.000184916 0.000213613 0.000806284 0.000615882 0.00107931 0.00262683 0.00546893 0.00253862 0.00223781 0.00215484 0.00214296 0.00249114
13 2.34811e-05 7.88211e-05 0.00018331 0.000211936 0.000791241 0.000601533 0.00104773 0.00267524 0.00594297 0.00249845 0.00215105 0.00207864 0.00210807 0.0025026
14 2.33596e-05 7.83679e-05 0.000181832 0.000210394 0.000778138 0.000589471 0.00101869 0.00271075 0.00642815 0.00243975 0.00206441 0.00199864 0.00208527 0.00251684
15 2.32452e-05 7.79442e-05 0.000180457 0.00020898 0.000766488 0.000579149 0.000992007 0.0027348 0.00692159 0.0023653 0.00197992 0.00191664 0.00207274 0.00253634
16 2.31316e-05 7.75269e-05 0.00017913 0.000207641 0.000755789 0.000570046 0.000967297 0.00274816 0.00741788 0.00227801 0.00189798 0.00183387 0.00206862 0.00256054
17 2.30199e-05 7.71175e-05 0.000177846 0.000206372 0.000745791 0.000561851 0.000944342 0.00275059 0.00791229 0.00218034 0.00181908 0.00175158 0.0020717 0.00258815
18 2.2911e-05 7.67187e-05 0.000176608 0.000205183 0.000736371 0.000554384 0.000923024 0.00274227 0.00840045 0.00207509 0.00174368 0.0016716 0.00208113 0.00261802
19 2.28055e-05 7.63324e-05 0.000175421 0.000204074 0.000727464 0.000547533 0.000903266 0.00272374 0.00887839 0.00196683 0.00167222 0.00160051 0.00209573 0.00264927
20 2.26985e-05 7.59428e-05 0.000174245 0.000203008 0.000718864 0.000541129 0.000885332 0.00269517 0.00934075 0.00186164 0.00160471 0.00153662 0.00211389 0.00268076