1 7.72511e-05 0.000230476 0.000346953 0.000479422 0.000609914 0.000728633 0.000843483 0.000829366 0.000916837 0.00100111 0.00107676 0.00106702 0.00113714 0.00118515 0.00122828 0.00124875
2 9.03956e-05 0.000373099 0.00052459 0.000803556 0.00145318 0.00145863 0.00201229 0.00237728 0.00220908 0.00263901 0.0028824 0.0029281 0.00392465 0.00295696 0.00411552 0.0032464
3 7.99905e-05 0.000399575 0.000537369 0.000943884 0.00216287 0.00209048 0.00326801 0.00415167 0.0037505 0.00474335 0.0054007 0.00535234 0.00767728 0.00575689 0.00826825 0.00664736
4 7.75803e-05 0.000413452 0.000550675 0.00105338 0.00285853 0.00280553 0.00483784 0.00635094 0.00574718 0.00747819 0.00864817 0.00813892 0.0121461 0.0101656 0.0150428 0.0128837
5 6.50728e-05 0.000353765 0.000476413 0.000961664 0.00297383 0.00308856 0.00584147 0.00783665 0.00737407 0.00987347 0.0116501 0.0103548 0.0157097 0.0149165 0.021052 0.0190628
6 5.41681e-05 0.000283097 0.000387748 0.000779938 0.00263617 0.00292358 0.00601876 0.00818543 0.00814788 0.0112045 0.0134804 0.0111893 0.0168158 0.0178806 0.0236471 0.0225244
7 4.77668e-05 0.000233785 0.000323661 0.000621064 0.00219546 0.00255902 0.0056966 0.00784108 0.00830643 0.0117325 0.0143942 0.0111106 0.0163457 0.0191933 0.0237383 0.0237825
8 4.52721e-05 0.000208984 0.000291038 0.000524025 0.00185963 0.00221619 0.00529337 0.00739153 0.00834787 0.0121383 0.0152173 0.0109248 0.0156635 0.0200793 0.023277 0.024605
9 4.41232e-05 0.000196369 0.000274818 0.000468097 0.00162287 0.00192825 0.00489219 0.00694909 0.00837108 0.0125603 0.0161258 0.0107789 0.0150314 0.0208122 0.0226764 0.0253734
10 4.33092e-05 0.000188969 0.000265359 0.00043437 0.00145376 0.0016902 0.0045041 0.00651956 0.00837421 0.012997 0.0171252 0.0106685 0.014453 0.0214131 0.02198 0.0261079
11 4.26341e-05 0.000183836 0.000258712 0.000412974 0.00133115 0.00149498 0.00413435 0.00610646 0.00835328 0.0134423 0.0182151 0.0105849 0.0139199 0.0218928 0.0212765 0.0268173
12 4.19976e-05 0.000179611 0.000253188 0.000397832 0.00123883 0.00133526 0.00378579 0.00570899 0.00830091 0.0138833 0.0193866 0.0105163 0.0134176 0.0222514 0.0206279 0.0274965
13 4.13633e-05 0.00017574 0.000248092 0.000385786 0.00116617 0.00120553 0.00346011 0.00532733 0.00821044 0.0143057 0.0206287 0.0104532 0.0129388 0.0224886 0.020029 0.0281416
14 4.07373e-05 0.000172062 0.000243337 0.000375398 0.00110674 0.00110015 0.00315937 0.00496454 0.00807984 0.0147006 0.0219368 0.0103917 0.0124808 0.022611 0.019476 0.0287616
15 4.01226e-05 0.000168525 0.000238787 0.000365987 0.00105647 0.00101414 0.00288562 0.00462239 0.00790898 0.0150599 0.0233103 0.0103291 0.0120423 0.0226288 0.0189654 0.0293675
16 3.95184e-05 0.000165099 0.000234373 0.000357204 0.00101293 0.000943621 0.00263873 0.00430208 0.0076988 0.0153756 0.0247464 0.0102643 0.0116229 0.0225525 0.0184948 0.0299684
17 3.89254e-05 0.000161793 0.000230077 0.000348885 0.000974375 0.000885156 0.00241843 0.00400586 0.00745148 0.0156396 0.0262393 0.0101954 0.0112216 0.022388 0.018062 0.0305711
18 3.8344e-05 0.000158646 0.000225892 0.000341082 0.000939521 0.000836077 0.0022238 0.0037335 0.0071704 0.0158453 0.0277825 0.0101209 0.0108387 0.0221411 0.0176651 0.0311821
19 3.77748e-05 0.000155612 0.000221819 0.000333679 0.000907544 0.000794439 0.00205254 0.00348552 0.00686007 0.0159874 0.0293693 0.0100395 0.0104743 0.0218175 0.0173027 0.0318428
20 3.72193e-05 0.000152633 0.0002178 0.000326503 0.000877644 0.000758438 0.00190226 0.00325971 0.00652417 0.0160599 0.0309851 0.00994854 0.010127 0.0214153 0.0169742 0.0325628