t(s)	a(g)
0	0.00000
0.01	0.00000
0.02	0.00074
0.03	0.00074
0.04	0.00073
0.05	0.00073
0.06	0.00073
0.07	0.00073
0.08	0.00073
0.09	0.00072
0.1	0.00073
0.11	0.00073
0.12	0.00073
0.13	0.00072
0.14	0.00072
0.15	0.00072
0.16	0.00072
0.17	0.00071
0.18	0.00071
0.19	0.00071
0.2	0.00071
0.21	0.00071
0.22	0.00070
0.23	0.00071
0.24	0.00071
0.25	0.00071
0.26	0.00070
0.27	0.00070
0.28	0.00070
0.29	0.00070
0.3	0.00070
0.31	0.00069
0.32	0.00070
0.33	0.00070
0.34	0.00070
0.35	0.00069
0.36	0.00069
0.37	0.00068
0.38	0.00068
0.39	0.00069
0.4	0.00068
0.41	0.00068
0.42	0.00069
0.43	0.00070
0.44	0.00070
0.45	0.00069
0.46	0.00068
0.47	0.00067
0.48	0.00066
0.49	0.00065
0.5	0.00064
0.51	0.00064
0.52	0.00066
0.53	0.00067
0.54	0.00066
0.55	0.00066
0.56	0.00066
0.57	0.00068
0.58	0.00072
0.59	0.00073
0.6	0.00072
0.61	0.00069
0.62	0.00067
0.63	0.00065
0.64	0.00057
0.65	0.00053
0.66	0.00054
0.67	0.00058
0.68	0.00061
0.69	0.00065
0.7	0.00068
0.71	0.00071
0.72	0.00065
0.73	0.00064
0.74	0.00076
0.75	0.00078
0.76	0.00077
0.77	0.00070
0.78	0.00062
0.79	0.00065
0.8	0.00058
0.81	0.00043
0.82	0.00050
0.83	0.00068
0.84	0.00069
0.85	0.00065
0.86	0.00077
0.87	0.00072
0.88	0.00050
0.89	0.00061
0.9	0.00080
0.91	0.00074
0.92	0.00078
0.93	0.00077
0.94	0.00059
0.95	0.00063
0.96	0.00072
0.97	0.00056
0.98	0.00063
0.99	0.00087
1	0.00110
1.01	0.00088
1.02	0.00075
1.03	0.00057
1.04	0.00048
1.05	0.00034
1.06	0.00069
1.07	0.00031
1.08	0.00023
1.09	0.00034
1.1	0.00056
1.11	0.00062
1.12	0.00101
1.13	0.00128
1.14	0.00040
1.15	0.00013
1.16	0.00029
1.17	0.00009
1.18	-0.00035
1.19	-0.00023
1.2	-0.00030
1.21	-0.00022
1.22	0.00017
1.23	0.00001
1.24	0.00035
1.25	0.00065
1.26	0.00028
1.27	-0.00009
1.28	0.00002
1.29	-0.00001
1.3	0.00132
1.31	0.00235
1.32	0.00288
1.33	0.00268
1.34	0.00174
1.35	0.00073
1.36	0.00005
1.37	-0.00049
1.38	-0.00107
1.39	-0.00022
1.4	-0.00094
1.41	-0.00166
1.42	-0.00203
1.43	-0.00161
1.44	-0.00049
1.45	-0.00016
1.46	0.00112
1.47	0.00163
1.48	0.00097
1.49	0.00019
1.5	0.00042
1.51	0.00030
1.52	0.00009
1.53	-0.00084
1.54	-0.00089
1.55	-0.00105
1.56	0.00052
1.57	0.00007
1.58	-0.00083
1.59	-0.00035
1.6	0.00074
1.61	0.00140
1.62	0.00122
1.63	0.00131
1.64	-0.00089
1.65	-0.00397
1.66	-0.00529
1.67	-0.00483
1.68	-0.00344
1.69	0.00088
1.7	0.00295
1.71	0.00180
1.72	0.00120
1.73	0.00145
1.74	-0.00029
1.75	0.00015
1.76	0.00007
1.77	-0.00007
1.78	0.00006
1.79	0.00117
1.8	0.00002
1.81	-0.00024
1.82	0.00017
1.83	-0.00145
1.84	-0.00362
1.85	-0.00132
1.86	0.00049
1.87	-0.00040
1.88	0.00007
1.89	0.00006
1.9	-0.00002
1.91	0.00002
1.92	0.00086
1.93	0.00241
1.94	0.00321
1.95	0.00319
1.96	0.00318
1.97	0.00446
1.98	0.00327
1.99	-0.00109
2	-0.00449
2.01	-0.00402
2.02	-0.00040
2.03	-0.00319
2.04	-0.00533
2.05	0.00483
2.06	0.00108
2.07	-0.00128
2.08	-0.00079
2.09	0.00006
2.1	0.00328
2.11	0.00476
2.12	0.00684
2.13	0.00312
2.14	-0.00526
2.15	-0.00471
2.16	0.00007
2.17	0.00701
2.18	0.01006
2.19	0.00636
2.2	0.00095
2.21	-0.00117
2.22	0.00248
2.23	0.00206
2.24	-0.00049
2.25	-0.00358
2.26	-0.00217
2.27	0.00095
2.28	0.00497
2.29	0.00747
2.3	0.00213
2.31	-0.00554
2.32	-0.00938
2.33	-0.01224
2.34	-0.01205
2.35	-0.00830
2.36	-0.00629
2.37	-0.00357
2.38	0.00539
2.39	0.00520
2.4	0.00495
2.41	0.00627
2.42	0.00915
2.43	0.00420
2.44	0.00193
2.45	0.00089
2.46	-0.00940
2.47	-0.01395
2.48	-0.00726
2.49	-0.00728
2.5	-0.00730
2.51	-0.00008
2.52	0.00472
2.53	0.00143
2.54	-0.00030
2.55	0.00481
2.56	0.01169
2.57	0.01779
2.58	0.01924
2.59	0.01147
2.6	0.00487
2.61	-0.00198
2.62	-0.00472
2.63	-0.00698
2.64	-0.01239
2.65	-0.01135
2.66	-0.00895
2.67	-0.00504
2.68	-0.00062
2.69	0.00611
2.7	0.00960
2.71	0.00849
2.72	0.00587
2.73	0.01130
2.74	0.00754
2.75	0.00185
2.76	-0.00362
2.77	-0.01507
2.78	-0.01723
2.79	-0.01073
2.8	-0.00640
2.81	-0.00584
2.82	-0.00079
2.83	0.00777
2.84	0.00550
2.85	-0.00431
2.86	-0.01119
2.87	-0.01569
2.88	-0.01587
2.89	-0.01153
2.9	-0.00553
2.91	-0.00091
2.92	-0.00118
2.93	-0.00341
2.94	-0.00286
2.95	-0.00050
2.96	-0.01076
2.97	-0.01715
2.98	-0.00900
2.99	-0.00017
3	-0.00217
3.01	-0.00516
3.02	-0.00103
3.03	0.00555
3.04	0.01013
3.05	0.01477
3.06	0.01495
3.07	0.00604
3.08	0.00300
3.09	0.00177
3.1	0.00578
3.11	0.01269
3.12	0.02039
3.13	0.02352
3.14	0.02112
3.15	0.01816
3.16	0.01388
3.17	0.00246
3.18	-0.00522
3.19	-0.00467
3.2	0.00579
3.21	0.00874
3.22	0.00472
3.23	0.00017
3.24	-0.00165
3.25	-0.00804
3.26	-0.01741
3.27	-0.00995
3.28	0.00365
3.29	0.00104
3.3	-0.00590
3.31	-0.00463
3.32	-0.00457
3.33	-0.00507
3.34	-0.00030
3.35	-0.00042
3.36	-0.00156
3.37	0.00209
3.38	0.00812
3.39	0.00378
3.4	0.00208
3.41	0.00325
3.42	0.00556
3.43	0.01265
3.44	0.02026
3.45	0.02960
3.46	0.02736
3.47	0.01775
3.48	0.00490
3.49	0.00387
3.5	0.00371
3.51	0.00547
3.52	0.00468
3.53	0.00394
3.54	0.01011
3.55	0.00967
3.56	0.00928
3.57	0.00984
3.58	0.00400
3.59	-0.00263
3.6	0.00368
3.61	0.01576
3.62	0.01723
3.63	0.00489
3.64	-0.00720
3.65	-0.01222
3.66	-0.02108
3.67	-0.01924
3.68	-0.01223
3.69	-0.01453
3.7	-0.01757
3.71	-0.01674
3.72	-0.01234
3.73	-0.01646
3.74	-0.01462
3.75	-0.01201
3.76	-0.01006
3.77	-0.01191
3.78	-0.01401
3.79	-0.01230
3.8	-0.01324
3.81	-0.01261
3.82	-0.00607
3.83	0.00648
3.84	0.02372
3.85	0.02927
3.86	0.02077
3.87	0.00346
3.88	-0.01749
3.89	-0.02682
3.9	-0.02722
3.91	-0.03164
3.92	-0.03717
3.93	-0.04347
3.94	-0.04791
3.95	-0.05306
3.96	-0.05043
3.97	-0.04545
3.98	-0.03991
3.99	-0.03950
4	-0.03902
4.01	-0.03169
4.02	-0.01987
4.03	-0.01564
4.04	-0.01842
4.05	-0.01882
4.06	-0.01296
4.07	-0.01143
4.08	-0.01681
4.09	-0.02304
4.1	-0.02007
4.11	-0.01699
4.12	-0.01002
4.13	0.00685
4.14	0.02876
4.15	0.04987
4.16	0.06577
4.17	0.07259
4.18	0.07547
4.19	0.07301
4.2	0.05797
4.21	0.03597
4.22	0.02226
4.23	0.00676
4.24	-0.01026
4.25	-0.01598
4.26	-0.01498
4.27	-0.01477
4.28	-0.01588
4.29	-0.01774
4.3	-0.01545
4.31	-0.01488
4.32	-0.02067
4.33	-0.02617
4.34	-0.01579
4.35	0.00283
4.36	0.01745
4.37	0.02002
4.38	0.01113
4.39	-0.00222
4.4	-0.01680
4.41	-0.01993
4.42	-0.02307
4.43	-0.03225
4.44	-0.03761
4.45	-0.02926
4.46	-0.01049
4.47	0.00363
4.48	0.00809
4.49	0.01573
4.5	0.02046
4.51	0.01395
4.52	0.00039
4.53	-0.01010
4.54	0.00183
4.55	0.01160
4.56	0.01232
4.57	0.01109
4.58	0.01933
4.59	0.02540
4.6	0.02248
4.61	0.01093
4.62	-0.00134
4.63	-0.00901
4.64	-0.00936
4.65	-0.01444
4.66	-0.02702
4.67	-0.03105
4.68	-0.02277
4.69	-0.00773
4.7	0.00537
4.71	0.00510
4.72	-0.00837
4.73	-0.00883
4.74	0.00088
4.75	0.00310
4.76	0.00452
4.77	0.01426
4.78	0.02343
4.79	0.02923
4.8	0.03517
4.81	0.03733
4.82	0.02595
4.83	0.00286
4.84	-0.02404
4.85	-0.04008
4.86	-0.02582
4.87	-0.00515
4.88	0.00283
4.89	-0.00400
4.9	-0.01571
4.91	-0.02088
4.92	-0.02115
4.93	-0.01389
4.94	-0.00678
4.95	-0.00381
4.96	0.00829
4.97	0.02859
4.98	0.04420
4.99	0.04989
5	0.04248
5.01	0.03429
5.02	0.03196
5.03	0.02941
5.04	0.02097
5.05	0.00967
5.06	0.00215
5.07	0.00904
5.08	0.02399
5.09	0.04226
5.1	0.05918
5.11	0.05778
5.12	0.04786
5.13	0.03667
5.14	0.01967
5.15	0.00705
5.16	0.00356
5.17	0.01315
5.18	0.03075
5.19	0.04533
5.2	0.05072
5.21	0.03722
5.22	0.01173
5.23	-0.01075
5.24	-0.03402
5.25	-0.05124
5.26	-0.06998
5.27	-0.08621
5.28	-0.09391
5.29	-0.10139
5.3	-0.10114
5.31	-0.08580
5.32	-0.05759
5.33	-0.02683
5.34	0.01328
5.35	0.04954
5.36	0.06864
5.37	0.07810
5.38	0.07166
5.39	0.06085
5.4	0.03598
5.41	0.00392
5.42	-0.02295
5.43	-0.03472
5.44	-0.03910
5.45	-0.03326
5.46	-0.00558
5.47	0.03310
5.48	0.06984
5.49	0.09692
5.5	0.10602
5.51	0.09979
5.52	0.07672
5.53	0.05328
5.54	0.04025
5.55	0.04379
5.56	0.04343
5.57	0.02924
5.58	0.01368
5.59	-0.00493
5.6	-0.03542
5.61	-0.05986
5.62	-0.06788
5.63	-0.06029
5.64	-0.04693
5.65	-0.03684
5.66	-0.02762
5.67	-0.01994
5.68	-0.01684
5.69	-0.01904
5.7	-0.01128
5.71	0.00274
5.72	0.02058
5.73	0.04949
5.74	0.07831
5.75	0.08983
5.76	0.06748
5.77	0.03823
5.78	0.00460
5.79	-0.02833
5.8	-0.05703
5.81	-0.08029
5.82	-0.09977
5.83	-0.11072
5.84	-0.11894
5.85	-0.11728
5.86	-0.09987
5.87	-0.06599
5.88	-0.02387
5.89	0.01516
5.9	0.05865
5.91	0.06960
5.92	0.03631
5.93	-0.00325
5.94	-0.04197
5.95	-0.09866
5.96	-0.13677
5.97	-0.13990
5.98	-0.12463
5.99	-0.10496
6	-0.08608
6.01	-0.06211
6.02	-0.04455
6.03	-0.02388
6.04	-0.00114
6.05	0.00928
6.06	0.01646
6.07	0.01560
6.08	0.02104
6.09	0.02865
6.1	0.02323
6.11	0.00843
6.12	-0.01193
6.13	-0.02278
6.14	-0.02041
6.15	-0.01679
6.16	-0.01364
6.17	-0.00496
6.18	0.00335
6.19	0.00587
6.2	0.00482
6.21	-0.00031
6.22	-0.00599
6.23	-0.01064
6.24	-0.01283
6.25	-0.01578
6.26	-0.01547
6.27	-0.01682
6.28	-0.01619
6.29	-0.01412
6.3	-0.01245
6.31	0.00430
6.32	0.03559
6.33	0.08565
6.34	0.11268
6.35	0.11051
6.36	0.09377
6.37	0.08082
6.38	0.07109
6.39	0.05669
6.4	0.04613
6.41	0.04255
6.42	0.05033
6.43	0.07130
6.44	0.08156
6.45	0.06055
6.46	0.03948
6.47	0.03908
6.48	0.03271
6.49	0.01488
6.5	0.00279
6.51	0.00507
6.52	0.00907
6.53	0.00676
6.54	-0.00858
6.55	-0.01933
6.56	-0.01278
6.57	-0.00023
6.58	-0.00723
6.59	-0.01658
6.6	-0.01230
6.61	-0.02975
6.62	-0.06764
6.63	-0.08806
6.64	-0.09574
6.65	-0.08339
6.66	-0.04905
6.67	-0.00034
6.68	0.03972
6.69	0.04418
6.7	0.01317
6.71	-0.01943
6.72	-0.03736
6.73	-0.04234
6.74	-0.05406
6.75	-0.05497
6.76	-0.04761
6.77	-0.03627
6.78	-0.02259
6.79	-0.01432
6.8	-0.00439
6.81	0.00943
6.82	0.04236
6.83	0.06355
6.84	0.05322
6.85	0.03576
6.86	0.03804
6.87	0.04790
6.88	0.03898
6.89	0.01351
6.9	0.00285
6.91	0.01376
6.92	0.02693
6.93	0.03975
6.94	0.03658
6.95	0.01152
6.96	-0.01912
6.97	-0.05273
6.98	-0.07840
6.99	-0.08774
7	-0.08027
7.01	-0.06427
7.02	-0.03528
7.03	-0.00023
7.04	0.04381
7.05	0.08884
7.06	0.13566
7.07	0.16959
7.08	0.16508
7.09	0.13671
7.1	0.11466
7.11	0.07743
7.12	0.01417
7.13	-0.05255
7.14	-0.10814
7.15	-0.12820
7.16	-0.12968
7.17	-0.13471
7.18	-0.11999
7.19	-0.05924
7.2	0.01240
7.21	0.07547
7.22	0.10010
7.23	0.06878
7.24	0.01316
7.25	-0.03699
7.26	-0.08834
7.27	-0.14055
7.28	-0.16218
7.29	-0.15404
7.3	-0.13089
7.31	-0.09659
7.32	-0.05218
7.33	-0.01733
7.34	0.02582
7.35	0.05634
7.36	0.06917
7.37	0.07899
7.38	0.08079
7.39	0.07025
7.4	0.06128
7.41	0.06738
7.42	0.07860
7.43	0.08002
7.44	0.08045
7.45	0.08481
7.46	0.07732
7.47	0.05568
7.48	0.04247
7.49	0.02900
7.5	0.00961
7.51	-0.01160
7.52	-0.04507
7.53	-0.06523
7.54	-0.04351
7.55	-0.01222
7.56	0.01391
7.57	0.04868
7.58	0.08405
7.59	0.08661
7.6	0.07417
7.61	0.05880
7.62	0.02443
7.63	-0.02555
7.64	-0.06710
7.65	-0.09063
7.66	-0.10892
7.67	-0.10322
7.68	-0.08105
7.69	-0.06649
7.7	-0.04405
7.71	-0.01608
7.72	0.01742
7.73	0.06558
7.74	0.11622
7.75	0.13582
7.76	0.13901
7.77	0.12405
7.78	0.07642
7.79	0.00069
7.8	-0.07384
7.81	-0.13913
7.82	-0.17408
7.83	-0.17195
7.84	-0.15084
7.85	-0.10441
7.86	-0.06750
7.87	-0.05003
7.88	-0.03581
7.89	-0.01180
7.9	0.01460
7.91	0.03184
7.92	0.03738
7.93	0.02846
7.94	0.01051
7.95	-0.01041
7.96	-0.03384
7.97	-0.06148
7.98	-0.09195
7.99	-0.09168
8	-0.06624
8.01	-0.02249
8.02	0.02988
8.03	0.07002
8.04	0.10279
8.05	0.12792
8.06	0.12529
8.07	0.09664
8.08	0.06014
8.09	0.04078
8.1	0.03581
8.11	0.03123
8.12	0.01820
8.13	0.01136
8.14	0.00316
8.15	-0.01532
8.16	-0.02904
8.17	-0.02687
8.18	-0.02381
8.19	-0.01806
8.2	0.00066
8.21	0.01075
8.22	0.00552
8.23	0.00141
8.24	0.00763
8.25	0.01852
8.26	0.02908
8.27	0.03815
8.28	0.04369
8.29	0.03936
8.3	0.02558
8.31	0.01065
8.32	-0.00963
8.33	-0.00389
8.34	0.02307
8.35	0.03404
8.36	0.02848
8.37	0.01182
8.38	0.00182
8.39	-0.01168
8.4	-0.04169
8.41	-0.07006
8.42	-0.07747
8.43	-0.05774
8.44	-0.03288
8.45	-0.03046
8.46	-0.04512
8.47	-0.04060
8.48	-0.01502
8.49	0.01176
8.5	0.02285
8.51	0.01753
8.52	0.01552
8.53	0.01773
8.54	0.01292
8.55	-0.00869
8.56	-0.01557
8.57	-0.01081
8.58	-0.01448
8.59	-0.03804
8.6	-0.07519
8.61	-0.09978
8.62	-0.09495
8.63	-0.06268
8.64	-0.02634
8.65	0.01498
8.66	0.04940
8.67	0.04404
8.68	0.00834
8.69	-0.02614
8.7	-0.05305
8.71	-0.05923
8.72	-0.04601
8.73	-0.02423
8.74	0.00722
8.75	0.04161
8.76	0.06637
8.77	0.07037
8.78	0.07384
8.79	0.07251
8.8	0.05032
8.81	0.00594
8.82	-0.02847
8.83	-0.03213
8.84	-0.02415
8.85	-0.02166
8.86	-0.02998
8.87	-0.04506
8.88	-0.03704
8.89	-0.01735
8.9	0.00514
8.91	0.02792
8.92	0.05150
8.93	0.07235
8.94	0.07858
8.95	0.05132
8.96	0.01435
8.97	-0.00988
8.98	-0.02730
8.99	-0.03746
9	-0.04404
9.01	-0.04185
9.02	-0.02354
9.03	0.01152
9.04	0.06221
9.05	0.10168
9.06	0.10496
9.07	0.08176
9.08	0.05900
9.09	0.05188
9.1	0.04167
9.11	0.00331
9.12	-0.04183
9.13	-0.07214
9.14	-0.08664
9.15	-0.08251
9.16	-0.07665
9.17	-0.06307
9.18	-0.04775
9.19	-0.03220
9.2	-0.02973
9.21	-0.04053
9.22	-0.04620
9.23	-0.05002
9.24	-0.03982
9.25	-0.01436
9.26	-0.00016
9.27	-0.00104
9.28	0.00116
9.29	0.01069
9.3	0.01808
9.31	0.02140
9.32	0.03580
9.33	0.04413
9.34	0.03195
9.35	0.01347
9.36	-0.00252
9.37	-0.00522
9.38	-0.00384
9.39	-0.01484
9.4	-0.03567
9.41	-0.03385
9.42	-0.00980
9.43	0.01201
9.44	0.02670
9.45	0.05233
9.46	0.08573
9.47	0.09240
9.48	0.06835
9.49	0.03829
9.5	0.00233
9.51	-0.01612
9.52	-0.00762
9.53	-0.00805
9.54	-0.02546
9.55	-0.04546
9.56	-0.04452
9.57	-0.03981
9.58	-0.03277
9.59	-0.01529
9.6	0.00890
9.61	0.04349
9.62	0.06822
9.63	0.06295
9.64	0.03706
9.65	0.01222
9.66	-0.00124
9.67	-0.00850
9.68	-0.01504
9.69	-0.03390
9.7	-0.05866
9.71	-0.06965
9.72	-0.07035
9.73	-0.05027
9.74	-0.03748
9.75	-0.03656
9.76	-0.01345
9.77	0.01656
9.78	0.02480
9.79	0.03557
9.8	0.06088
9.81	0.07005
9.82	0.06576
9.83	0.06194
9.84	0.06272
9.85	0.05901
9.86	0.04722
9.87	0.03245
9.88	0.01015
9.89	-0.02836
9.9	-0.06819
9.91	-0.10438
9.92	-0.12368
9.93	-0.12375
9.94	-0.10543
9.95	-0.08695
9.96	-0.07256
9.97	-0.06049
9.98	-0.04706
9.99	-0.03539
10	-0.01266
10.01	0.01729
10.02	0.02518
10.03	0.02467
10.04	0.02100
10.05	0.01274
10.06	0.01433
10.07	0.02888
10.08	0.04685
10.09	0.05852
10.1	0.08348
10.11	0.09860
10.12	0.09912
10.13	0.09496
10.14	0.07633
10.15	0.06519
10.16	0.05761
10.17	0.05044
10.18	0.05035
10.19	0.05279
10.2	0.05655
10.21	0.05644
10.22	0.06799
10.23	0.08503
10.24	0.09321
10.25	0.09249
10.26	0.09182
10.27	0.07582
10.28	0.02759
10.29	-0.02873
10.3	-0.06971
10.31	-0.08534
10.32	-0.07887
10.33	-0.05703
10.34	-0.03586
10.35	-0.02458
10.36	-0.02065
10.37	-0.01408
10.38	-0.00257
10.39	0.00925
10.4	0.00531
10.41	0.00411
10.42	0.02255
10.43	0.04754
10.44	0.06659
10.45	0.05588
10.46	-0.00391
10.47	-0.07334
10.48	-0.13109
10.49	-0.14333
10.5	-0.12757
10.51	-0.09473
10.52	-0.04068
10.53	0.00653
10.54	0.02476
10.55	0.01697
10.56	0.00634
10.57	0.00351
10.58	-0.00093
10.59	-0.01243
10.6	-0.01802
10.61	-0.01187
10.62	-0.00047
10.63	0.00247
10.64	0.00138
10.65	0.01838
10.66	0.06020
10.67	0.10357
10.68	0.13745
10.69	0.15522
10.7	0.16464
10.71	0.15416
10.72	0.10692
10.73	0.06176
10.74	0.01938
10.75	-0.03260
10.76	-0.07613
10.77	-0.11484
10.78	-0.14884
10.79	-0.15845
10.8	-0.15656
10.81	-0.13832
10.82	-0.09829
10.83	-0.06076
10.84	-0.04014
10.85	-0.02088
10.86	-0.00163
10.87	-0.01111
10.88	-0.01992
10.89	-0.03076
10.9	-0.06471
10.91	-0.09297
10.92	-0.09289
10.93	-0.09029
10.94	-0.09928
10.95	-0.10408
10.96	-0.10297
10.97	-0.09495
10.98	-0.07284
10.99	-0.03625
11	-0.00756
11.01	0.03398
11.02	0.10389
11.03	0.14163
11.04	0.16565
11.05	0.17544
11.06	0.17389
11.07	0.17426
11.08	0.16535
11.09	0.13768
11.1	0.07707
11.11	-0.01136
11.12	-0.05789
11.13	-0.05601
11.14	-0.05489
11.15	-0.03968
11.16	-0.01573
11.17	0.00342
11.18	0.04462
11.19	0.08523
11.2	0.09943
11.21	0.11284
11.22	0.12587
11.23	0.13118
11.24	0.13094
11.25	0.12422
11.26	0.12249
11.27	0.11019
11.28	0.07110
11.29	0.01374
11.3	-0.02667
11.31	-0.05797
11.32	-0.08561
11.33	-0.09480
11.34	-0.09391
11.35	-0.09946
11.36	-0.10999
11.37	-0.12023
11.38	-0.12277
11.39	-0.10344
11.4	-0.06511
11.41	-0.02064
11.42	0.02323
11.43	0.03584
11.44	0.01031
11.45	0.00059
11.46	0.01122
11.47	0.01433
11.48	0.00218
11.49	-0.00373
11.5	0.00390
11.51	0.00811
11.52	0.01144
11.53	0.00829
11.54	-0.00312
11.55	-0.01145
11.56	-0.02201
11.57	-0.03550
11.58	-0.04574
11.59	-0.03211
11.6	-0.01394
11.61	-0.02029
11.62	-0.05176
11.63	-0.09204
11.64	-0.13070
11.65	-0.15305
11.66	-0.15423
11.67	-0.14923
11.68	-0.13725
11.69	-0.11096
11.7	-0.08228
11.71	-0.05580
11.72	-0.02442
11.73	0.00428
11.74	0.00822
11.75	-0.01781
11.76	-0.03946
11.77	-0.04284
11.78	-0.03958
11.79	-0.03713
11.8	-0.02940
11.81	-0.00784
11.82	0.01839
11.83	0.02913
11.84	0.02368
11.85	0.02051
11.86	0.02920
11.87	0.03754
11.88	0.04300
11.89	0.05017
11.9	0.05993
11.91	0.06328
11.92	0.04414
11.93	0.00692
11.94	-0.05454
11.95	-0.12722
11.96	-0.15941
11.97	-0.14155
11.98	-0.11981
11.99	-0.10028
12	-0.08165
12.01	-0.07461
12.02	-0.08173
12.03	-0.08784
12.04	-0.08546
12.05	-0.05740
12.06	0.00072
12.07	0.06380
12.08	0.10979
12.09	0.12262
12.1	0.11872
12.11	0.10477
12.12	0.09363
12.13	0.09818
12.14	0.11157
12.15	0.12067
12.16	0.11719
12.17	0.10203
12.18	0.07980
12.19	0.05373
12.2	0.03173
12.21	0.01450
12.22	-0.00433
12.23	-0.01954
12.24	-0.02700
12.25	-0.03801
12.26	-0.04885
12.27	-0.05307
12.28	-0.05344
12.29	-0.04240
12.3	-0.01615
12.31	0.02687
12.32	0.08117
12.33	0.13540
12.34	0.16948
12.35	0.19330
12.36	0.20629
12.37	0.19512
12.38	0.17652
12.39	0.15727
12.4	0.12421
12.41	0.09759
12.42	0.07819
12.43	0.05949
12.44	0.03896
12.45	0.03062
12.46	0.04058
12.47	0.06877
12.48	0.10658
12.49	0.13676
12.5	0.15594
12.51	0.15859
12.52	0.15160
12.53	0.13319
12.54	0.10514
12.55	0.07685
12.56	0.05788
12.57	0.04415
12.58	0.04428
12.59	0.05933
12.6	0.08186
12.61	0.10234
12.62	0.11716
12.63	0.12685
12.64	0.12921
12.65	0.13392
12.66	0.13755
12.67	0.14635
12.68	0.16437
12.69	0.18354
12.7	0.20214
12.71	0.22149
12.72	0.23368
12.73	0.23850
12.74	0.22700
12.75	0.22129
12.76	0.21734
12.77	0.20662
12.78	0.20221
12.79	0.19376
12.8	0.18048
12.81	0.17307
12.82	0.15898
12.83	0.13394
12.84	0.11359
12.85	0.09266
12.86	0.06312
12.87	0.03322
12.88	0.01290
12.89	-0.01171
12.9	-0.03890
12.91	-0.05477
12.92	-0.07102
12.93	-0.09999
12.94	-0.12270
12.95	-0.12168
12.96	-0.11954
12.97	-0.12926
12.98	-0.12776
12.99	-0.11609
13	-0.10214
13.01	-0.08543
13.02	-0.07962
13.03	-0.09151
13.04	-0.11257
13.05	-0.13227
13.06	-0.15462
13.07	-0.17566
13.08	-0.20830
13.09	-0.23857
13.1	-0.25858
13.11	-0.28813
13.12	-0.30963
13.13	-0.32896
13.14	-0.34572
13.15	-0.35723
13.16	-0.36554
13.17	-0.36473
13.18	-0.35808
13.19	-0.35164
13.2	-0.34291
13.21	-0.33330
13.22	-0.32154
13.23	-0.29786
13.24	-0.25914
13.25	-0.19531
13.26	-0.11446
13.27	-0.07585
13.28	-0.07359
13.29	-0.08315
13.3	-0.11031
13.31	-0.12719
13.32	-0.14033
13.33	-0.16119
13.34	-0.16647
13.35	-0.11488
13.36	-0.05797
13.37	-0.06129
13.38	-0.01048
13.39	0.11553
13.4	0.14580
13.41	0.16013
13.42	0.20358
13.43	0.25306
13.44	0.26214
13.45	0.24319
13.46	0.27061
13.47	0.31450
13.48	0.33727
13.49	0.35674
13.5	0.31789
13.51	0.23740
13.52	0.11286
13.53	0.00416
13.54	-0.05903
13.55	-0.08817
13.56	-0.10367
13.57	-0.12802
13.58	-0.08793
13.59	-0.05721
13.6	-0.07344
13.61	-0.07649
13.62	-0.09096
13.63	-0.12212
13.64	-0.16341
13.65	-0.20345
13.66	-0.23791
13.67	-0.25599
13.68	-0.25855
13.69	-0.25781
13.7	-0.25074
13.71	-0.21922
13.72	-0.16800
13.73	-0.10584
13.74	-0.04871
13.75	0.00856
13.76	0.05838
13.77	0.09601
13.78	0.10860
13.79	0.09331
13.8	0.06425
13.81	0.03524
13.82	0.01184
13.83	-0.00348
13.84	-0.01525
13.85	-0.02638
13.86	-0.03724
13.87	-0.04807
13.88	-0.04143
13.89	-0.03322
13.9	-0.02059
13.91	0.00562
13.92	0.04586
13.93	0.11469
13.94	0.18170
13.95	0.20993
13.96	0.21013
13.97	0.18770
13.98	0.15962
13.99	0.13313
14	0.10737
14.01	0.07842
14.02	0.03785
14.03	-0.01024
14.04	-0.05223
14.05	-0.08140
14.06	-0.10004
14.07	-0.12388
14.08	-0.15246
14.09	-0.18162
14.1	-0.20858
14.11	-0.22154
14.12	-0.21965
14.13	-0.19999
14.14	-0.16604
14.15	-0.12745
14.16	-0.09104
14.17	-0.06153
14.18	-0.05712
14.19	-0.07107
14.2	-0.10377
14.21	-0.13989
14.22	-0.15390
14.23	-0.14626
14.24	-0.11327
14.25	-0.05727
14.26	0.00839
14.27	0.05960
14.28	0.10319
14.29	0.12104
14.3	0.11866
14.31	0.11213
14.32	0.09529
14.33	0.08587
14.34	0.09785
14.35	0.10535
14.36	0.08880
14.37	0.06517
14.38	0.06208
14.39	0.05339
14.4	0.02907
14.41	0.00826
14.42	-0.00621
14.43	-0.01947
14.44	-0.03116
14.45	-0.04540
14.46	-0.06089
14.47	-0.07501
14.48	-0.08173
14.49	-0.08276
14.5	-0.07502
14.51	-0.05263
14.52	-0.01854
14.53	0.01985
14.54	0.04536
14.55	0.07976
14.56	0.13181
14.57	0.17629
14.58	0.20035
14.59	0.20993
14.6	0.22346
14.61	0.24158
14.62	0.25571
14.63	0.25929
14.64	0.26192
14.65	0.25522
14.66	0.22765
14.67	0.18058
14.68	0.12156
14.69	0.07749
14.7	0.05868
14.71	0.06225
14.72	0.06095
14.73	0.04610
14.74	0.04398
14.75	0.04926
14.76	0.04531
14.77	0.02617
14.78	-0.00226
14.79	-0.03351
14.8	-0.07086
14.81	-0.10764
14.82	-0.12785
14.83	-0.14394
14.84	-0.15806
14.85	-0.16399
14.86	-0.16905
14.87	-0.17194
14.88	-0.17794
14.89	-0.17061
14.9	-0.14406
14.91	-0.10669
14.92	-0.07262
14.93	-0.05810
14.94	-0.05741
14.95	-0.05378
14.96	-0.06254
14.97	-0.08945
14.98	-0.11390
14.99	-0.11963
15	-0.11539
15.01	-0.10662
15.02	-0.09674
15.03	-0.09425
15.04	-0.09684
15.05	-0.10243
15.06	-0.11014
15.07	-0.11755
15.08	-0.10900
15.09	-0.08449
15.1	-0.04945
15.11	-0.00820
15.12	0.03755
15.13	0.06741
15.14	0.07824
15.15	0.08159
15.16	0.08021
15.17	0.06391
15.18	0.02511
15.19	-0.02241
15.2	-0.05861
15.21	-0.07645
15.22	-0.06698
15.23	-0.04141
15.24	-0.01618
15.25	0.00486
15.26	0.02302
15.27	0.04557
15.28	0.07111
15.29	0.09214
15.3	0.10630
15.31	0.11920
15.32	0.11960
15.33	0.10269
15.34	0.06558
15.35	0.01526
15.36	-0.02064
15.37	-0.03697
15.38	-0.03795
15.39	-0.02662
15.4	-0.01451
15.41	-0.00636
15.42	0.01328
15.43	0.03961
15.44	0.07912
15.45	0.12766
15.46	0.16114
15.47	0.17256
15.48	0.17006
15.49	0.16727
15.5	0.15841
15.51	0.14863
15.52	0.14113
15.53	0.14717
15.54	0.16823
15.55	0.18419
15.56	0.18620
15.57	0.15785
15.58	0.10550
15.59	0.05938
15.6	0.04276
15.61	0.04762
15.62	0.06432
15.63	0.08797
15.64	0.10997
15.65	0.12527
15.66	0.12172
15.67	0.09857
15.68	0.05911
15.69	0.01342
15.7	-0.02255
15.71	-0.04337
15.72	-0.05219
15.73	-0.05182
15.74	-0.04623
15.75	-0.03629
15.76	-0.03668
15.77	-0.04363
15.78	-0.03976
15.79	-0.02382
15.8	-0.00028
15.81	0.02709
15.82	0.05221
15.83	0.06786
15.84	0.06666
15.85	0.04688
15.86	0.03159
15.87	0.01927
15.88	0.01705
15.89	0.03074
15.9	0.04662
15.91	0.05966
15.92	0.07736
15.93	0.09284
15.94	0.10603
15.95	0.10588
15.96	0.10267
15.97	0.10198
15.98	0.08923
15.99	0.06307
16	0.03040
16.01	0.01222
16.02	0.01497
16.03	0.02126
16.04	0.02941
16.05	0.03229
16.06	0.02922
16.07	0.01188
16.08	-0.00927
16.09	-0.03330
16.1	-0.06235
16.11	-0.08125
16.12	-0.08314
16.13	-0.06231
16.14	-0.02708
16.15	0.00558
16.16	0.00678
16.17	-0.00686
16.18	-0.02073
16.19	-0.02861
16.2	-0.03546
16.21	-0.04997
16.22	-0.06514
16.23	-0.06680
16.24	-0.07278
16.25	-0.09311
16.26	-0.12199
16.27	-0.16078
16.28	-0.19164
16.29	-0.20942
16.3	-0.21109
16.31	-0.20520
16.32	-0.19620
16.33	-0.18052
16.34	-0.16290
16.35	-0.13662
16.36	-0.10502
16.37	-0.08468
16.38	-0.08168
16.39	-0.07929
16.4	-0.07039
16.41	-0.05980
16.42	-0.05904
16.43	-0.05248
16.44	-0.03756
16.45	-0.02958
16.46	-0.02683
16.47	-0.02465
16.48	-0.01427
16.49	0.00297
16.5	0.01812
16.51	0.02969
16.52	0.04857
16.53	0.07292
16.54	0.09560
16.55	0.11606
16.56	0.12912
16.57	0.14140
16.58	0.15220
16.59	0.15953
16.6	0.16977
16.61	0.18247
16.62	0.19964
16.63	0.20594
16.64	0.20333
16.65	0.19659
16.66	0.18621
16.67	0.16424
16.68	0.13192
16.69	0.09213
16.7	0.05147
16.71	0.02040
16.72	0.01282
16.73	0.00828
16.74	0.00033
16.75	-0.01918
16.76	-0.04794
16.77	-0.06921
16.78	-0.08046
16.79	-0.08786
16.8	-0.09649
16.81	-0.10942
16.82	-0.11989
16.83	-0.12674
16.84	-0.13693
16.85	-0.14631
16.86	-0.15204
16.87	-0.15257
16.88	-0.13706
16.89	-0.11131
16.9	-0.08771
16.91	-0.06525
16.92	-0.05316
16.93	-0.04791
16.94	-0.04464
16.95	-0.04608
16.96	-0.05255
16.97	-0.07395
16.98	-0.10439
16.99	-0.12996
17	-0.14849
17.01	-0.16660
17.02	-0.18854
17.03	-0.21071
17.04	-0.22311
17.05	-0.22879
17.06	-0.22980
17.07	-0.22665
17.08	-0.21223
17.09	-0.18379
17.1	-0.15466
17.11	-0.13282
17.12	-0.12254
17.13	-0.11964
17.14	-0.11819
17.15	-0.11432
17.16	-0.10993
17.17	-0.11304
17.18	-0.12302
17.19	-0.13262
17.2	-0.13494
17.21	-0.12773
17.22	-0.11058
17.23	-0.08347
17.24	-0.04731
17.25	-0.00277
17.26	0.03162
17.27	0.05900
17.28	0.08385
17.29	0.09982
17.3	0.10827
17.31	0.11287
17.32	0.11457
17.33	0.10814
17.34	0.09957
17.35	0.08881
17.36	0.07263
17.37	0.05718
17.38	0.04654
17.39	0.04973
17.4	0.06293
17.41	0.08878
17.42	0.11579
17.43	0.13351
17.44	0.14512
17.45	0.14865
17.46	0.15417
17.47	0.16093
17.48	0.15917
17.49	0.14151
17.5	0.11582
17.51	0.08795
17.52	0.05588
17.53	0.02584
17.54	0.00603
17.55	-0.00285
17.56	-0.00959
17.57	-0.00614
17.58	0.00997
17.59	0.03311
17.6	0.05940
17.61	0.07807
17.62	0.08561
17.63	0.07916
17.64	0.06085
17.65	0.03414
17.66	-0.00123
17.67	-0.03847
17.68	-0.07127
17.69	-0.09006
17.7	-0.10520
17.71	-0.12706
17.72	-0.14055
17.73	-0.13809
17.74	-0.12716
17.75	-0.10746
17.76	-0.08829
17.77	-0.07470
17.78	-0.07446
17.79	-0.08472
17.8	-0.09850
17.81	-0.10867
17.82	-0.11763
17.83	-0.12432
17.84	-0.12815
17.85	-0.12153
17.86	-0.10625
17.87	-0.08461
17.88	-0.06581
17.89	-0.05072
17.9	-0.03968
17.91	-0.03635
17.92	-0.03553
17.93	-0.03952
17.94	-0.05231
17.95	-0.07185
17.96	-0.08609
17.97	-0.09638
17.98	-0.10199
17.99	-0.09071
18	-0.07188
18.01	-0.04829
18.02	-0.03022
18.03	-0.01238
18.04	0.00686
18.05	0.02242
18.06	0.04094
18.07	0.06019
18.08	0.08599
18.09	0.11983
18.1	0.15343
18.11	0.17252
18.12	0.17828
18.13	0.17351
18.14	0.16631
18.15	0.15935
18.16	0.15889
18.17	0.15740
18.18	0.15989
18.19	0.16493
18.2	0.16958
18.21	0.16870
18.22	0.16875
18.23	0.16239
18.24	0.15653
18.25	0.15101
18.26	0.14974
18.27	0.14599
18.28	0.13953
18.29	0.13289
18.3	0.13506
18.31	0.14426
18.32	0.15760
18.33	0.16838
18.34	0.16620
18.35	0.15139
18.36	0.12893
18.37	0.10054
18.38	0.06635
18.39	0.03006
18.4	0.00130
18.41	-0.01770
18.42	-0.02615
18.43	-0.02753
18.44	-0.01684
18.45	0.00501
18.46	0.02304
18.47	0.03524
18.48	0.03965
18.49	0.03925
18.5	0.03499
18.51	0.03119
18.52	0.02610
18.53	0.01116
18.54	-0.01393
18.55	-0.03527
18.56	-0.05974
18.57	-0.08330
18.58	-0.10706
18.59	-0.12289
18.6	-0.12276
18.61	-0.11225
18.62	-0.09841
18.63	-0.08181
18.64	-0.06411
18.65	-0.04755
18.66	-0.02922
18.67	-0.01487
18.68	-0.00438
18.69	0.00452
18.7	0.00755
18.71	0.00730
18.72	-0.00062
18.73	-0.00994
18.74	-0.01437
18.75	-0.01919
18.76	-0.02184
18.77	-0.02263
18.78	-0.01976
18.79	-0.01768
18.8	-0.01418
18.81	-0.01100
18.82	-0.00927
18.83	-0.00427
18.84	-0.00157
18.85	-0.00448
18.86	-0.01047
18.87	-0.01681
18.88	-0.02083
18.89	-0.02145
18.9	-0.02555
18.91	-0.02860
18.92	-0.03402
18.93	-0.03591
18.94	-0.04285
18.95	-0.05141
18.96	-0.06895
18.97	-0.07989
18.98	-0.07998
18.99	-0.06859
19	-0.05391
19.01	-0.04157
19.02	-0.03157
19.03	-0.03185
19.04	-0.03481
19.05	-0.04263
19.06	-0.05536
19.07	-0.07039
19.08	-0.08311
19.09	-0.09034
19.1	-0.08413
19.11	-0.06754
19.12	-0.04923
19.13	-0.02890
19.14	-0.01325
19.15	0.00158
19.16	0.01404
19.17	0.01491
19.18	0.01398
19.19	0.01194
19.2	0.01318
19.21	0.01859
19.22	0.01934
19.23	0.01912
19.24	0.02152
19.25	0.03062
19.26	0.04479
19.27	0.06145
19.28	0.07985
19.29	0.09352
19.3	0.10260
19.31	0.10896
19.32	0.11114
19.33	0.11394
19.34	0.11569
19.35	0.11621
19.36	0.11202
19.37	0.10751
19.38	0.10518
19.39	0.09803
19.4	0.09278
19.41	0.08992
19.42	0.08819
19.43	0.08761
19.44	0.08569
19.45	0.08396
19.46	0.08172
19.47	0.07939
19.48	0.07592
19.49	0.06595
19.5	0.05008
19.51	0.03250
19.52	0.01844
19.53	0.00086
19.54	-0.01647
19.55	-0.03119
19.56	-0.04922
19.57	-0.06195
19.58	-0.07764
19.59	-0.08674
19.6	-0.09274
19.61	-0.09947
19.62	-0.10397
19.63	-0.10587
19.64	-0.11152
19.65	-0.11609
19.66	-0.12093
19.67	-0.12173
19.68	-0.11445
19.69	-0.10250
19.7	-0.08605
19.71	-0.06605
19.72	-0.04895
19.73	-0.03687
19.74	-0.02724
19.75	-0.01660
19.76	-0.00393
19.77	0.00795
19.78	0.02520
19.79	0.04729
19.8	0.07278
19.81	0.09840
19.82	0.12347
19.83	0.14617
19.84	0.16947
19.85	0.18811
19.86	0.20535
19.87	0.21240
19.88	0.21051
19.89	0.20582
19.9	0.19931
19.91	0.19444
19.92	0.19591
19.93	0.20204
19.94	0.20466
19.95	0.20477
19.96	0.20647
19.97	0.20221
19.98	0.19827
19.99	0.19551
20	0.18876
20.01	0.18576
20.02	0.17475
20.03	0.15652
20.04	0.13650
20.05	0.11649
20.06	0.09885
20.07	0.07797
20.08	0.05970
20.09	0.03856
20.1	0.01767
20.11	-0.00522
20.12	-0.02998
20.13	-0.05326
20.14	-0.07633
20.15	-0.09899
20.16	-0.11347
20.17	-0.12431
20.18	-0.13273
20.19	-0.13808
20.2	-0.13936
20.21	-0.14241
20.22	-0.15110
20.23	-0.16335
20.24	-0.17466
20.25	-0.17885
20.26	-0.17936
20.27	-0.17824
20.28	-0.16826
20.29	-0.16034
20.3	-0.15333
20.31	-0.14940
20.32	-0.14304
20.33	-0.14135
20.34	-0.14301
20.35	-0.13696
20.36	-0.13094
20.37	-0.12293
20.38	-0.11464
20.39	-0.11151
20.4	-0.10859
20.41	-0.10906
20.42	-0.10382
20.43	-0.09543
20.44	-0.09244
20.45	-0.09821
20.46	-0.10629
20.47	-0.11098
20.48	-0.11218
20.49	-0.10962
20.5	-0.10454
20.51	-0.09336
20.52	-0.07289
20.53	-0.05284
20.54	-0.03051
20.55	-0.00776
20.56	0.01414
20.57	0.02879
20.58	0.03576
20.59	0.04310
20.6	0.05470
20.61	0.06574
20.62	0.07652
20.63	0.08315
20.64	0.08452
20.65	0.08738
20.66	0.09224
20.67	0.09068
20.68	0.09578
20.69	0.10059
20.7	0.10789
20.71	0.11526
20.72	0.12358
20.73	0.12885
20.74	0.13100
20.75	0.13301
20.76	0.13484
20.77	0.13209
20.78	0.12917
20.79	0.12601
20.8	0.12678
20.81	0.12653
20.82	0.12544
20.83	0.11783
20.84	0.10813
20.85	0.10154
20.86	0.09751
20.87	0.09771
20.88	0.09692
20.89	0.10320
20.9	0.11094
20.91	0.12043
20.92	0.12364
20.93	0.12556
20.94	0.11947
20.95	0.11503
20.96	0.10610
20.97	0.09897
20.98	0.09126
20.99	0.07529
21	0.06561
21.01	0.05456
21.02	0.04343
21.03	0.03475
21.04	0.02647
21.05	0.01847
21.06	0.01064
21.07	0.00273
21.08	-0.00884
21.09	-0.02007
21.1	-0.03392
21.11	-0.04959
21.12	-0.06589
21.13	-0.08645
21.14	-0.10465
21.15	-0.11945
21.16	-0.13234
21.17	-0.14317
21.18	-0.15705
21.19	-0.16608
21.2	-0.17285
21.21	-0.17803
21.22	-0.18455
21.23	-0.18972
21.24	-0.19763
21.25	-0.19716
21.26	-0.19314
21.27	-0.18982
21.28	-0.18343
21.29	-0.17162
21.3	-0.15974
21.31	-0.14052
21.32	-0.11738
21.33	-0.09573
21.34	-0.07281
21.35	-0.05179
21.36	-0.03536
21.37	-0.01890
21.38	-0.00335
21.39	0.00974
21.4	0.02318
21.41	0.03610
21.42	0.04832
21.43	0.06371
21.44	0.07399
21.45	0.08440
21.46	0.09569
21.47	0.10489
21.48	0.11617
21.49	0.12754
21.5	0.14084
21.51	0.15447
21.52	0.16962
21.53	0.17980
21.54	0.18382
21.55	0.18272
21.56	0.17725
21.57	0.17120
21.58	0.15629
21.59	0.14093
21.6	0.12451
21.61	0.11263
21.62	0.09703
21.63	0.08970
21.64	0.08140
21.65	0.06785
21.66	0.05606
21.67	0.04275
21.68	0.03104
21.69	0.01967
21.7	0.00517
21.71	-0.00425
21.72	-0.01725
21.73	-0.02844
21.74	-0.04254
21.75	-0.05863
21.76	-0.07499
21.77	-0.08951
21.78	-0.10376
21.79	-0.11256
21.8	-0.12082
21.81	-0.12825
21.82	-0.13394
21.83	-0.13742
21.84	-0.13754
21.85	-0.13723
21.86	-0.13427
21.87	-0.13157
21.88	-0.12912
21.89	-0.12772
21.9	-0.12402
21.91	-0.12026
21.92	-0.11690
21.93	-0.11504
21.94	-0.10746
21.95	-0.10161
21.96	-0.09477
21.97	-0.08626
21.98	-0.08102
21.99	-0.07330
22	-0.07098
22.01	-0.06798
22.02	-0.06044
22.03	-0.05514
22.04	-0.05142
22.05	-0.04713
22.06	-0.03894
22.07	-0.03205
22.08	-0.01975
22.09	-0.00522
22.1	0.00556
22.11	0.01115
22.12	0.00964
22.13	0.00590
22.14	-0.00590
22.15	-0.02125
22.16	-0.02768
22.17	-0.04355
22.18	-0.05473
22.19	-0.06407
22.2	-0.07141
22.21	-0.07553
22.22	-0.08111
22.23	-0.08636
22.24	-0.08959
22.25	-0.09199
22.26	-0.09622
22.27	-0.09970
22.28	-0.10465
22.29	-0.10784
22.3	-0.11409
22.31	-0.11817
22.32	-0.12150
22.33	-0.12180
22.34	-0.11998
22.35	-0.11615
22.36	-0.11204
22.37	-0.11022
22.38	-0.10471
22.39	-0.10342
22.4	-0.10142
22.41	-0.10170
22.42	-0.09838
22.43	-0.09125
22.44	-0.08067
22.45	-0.06770
22.46	-0.05223
22.47	-0.03872
22.48	-0.02494
22.49	-0.01183
22.5	0.00254
22.51	0.01777
22.52	0.03207
22.53	0.04159
22.54	0.04846
22.55	0.05407
22.56	0.06280
22.57	0.07292
22.58	0.08702
22.59	0.09912
22.6	0.11479
22.61	0.13033
22.62	0.14412
22.63	0.16031
22.64	0.17339
22.65	0.18589
22.66	0.20063
22.67	0.20845
22.68	0.21531
22.69	0.21709
22.7	0.21043
22.71	0.20164
22.72	0.19000
22.73	0.17366
22.74	0.15966
22.75	0.14335
22.76	0.12910
22.77	0.12035
22.78	0.11158
22.79	0.10323
22.8	0.09372
22.81	0.08396
22.82	0.07361
22.83	0.06279
22.84	0.05157
22.85	0.03652
22.86	0.02108
22.87	-0.00089
22.88	-0.02144
22.89	-0.04195
22.9	-0.05973
22.91	-0.07138
22.92	-0.07802
22.93	-0.07797
22.94	-0.07804
22.95	-0.08154
22.96	-0.08368
22.97	-0.08625
22.98	-0.08746
22.99	-0.09007
23	-0.09105
23.01	-0.09302
23.02	-0.09282
23.03	-0.09520
23.04	-0.09564
23.05	-0.10269
23.06	-0.10890
23.07	-0.11348
23.08	-0.12165
23.09	-0.12653
23.1	-0.13148
23.11	-0.12945
23.12	-0.12597
23.13	-0.11815
23.14	-0.10924
23.15	-0.09802
23.16	-0.08827
23.17	-0.07619
23.18	-0.06398
23.19	-0.04933
23.2	-0.03313
23.21	-0.01608
23.22	-0.00078
23.23	0.01411
23.24	0.02939
23.25	0.04155
23.26	0.05278
23.27	0.06239
23.28	0.07116
23.29	0.07367
23.3	0.07831
23.31	0.07984
23.32	0.08050
23.33	0.08621
23.34	0.08908
23.35	0.09197
23.36	0.09464
23.37	0.09635
23.38	0.09608
23.39	0.09352
23.4	0.08997
23.41	0.08281
23.42	0.07257
23.43	0.06603
23.44	0.06399
23.45	0.06205
23.46	0.06401
23.47	0.06385
23.48	0.06492
23.49	0.06163
23.5	0.05515
23.51	0.05205
23.52	0.05228
23.53	0.04642
23.54	0.04310
23.55	0.03538
23.56	0.02710
23.57	0.01760
23.58	0.00882
23.59	-0.00359
23.6	-0.01163
23.61	-0.02105
23.62	-0.02948
23.63	-0.03575
23.64	-0.04521
23.65	-0.05220
23.66	-0.05578
23.67	-0.06115
23.68	-0.06395
23.69	-0.06502
23.7	-0.06709
23.71	-0.06814
23.72	-0.06920
23.73	-0.06831
23.74	-0.06231
23.75	-0.05705
23.76	-0.04797
23.77	-0.04374
23.78	-0.03945
23.79	-0.03593
23.8	-0.03661
23.81	-0.03556
23.82	-0.03286
23.83	-0.02914
23.84	-0.02456
23.85	-0.01986
23.86	-0.01335
23.87	-0.00636
23.88	-0.00032
23.89	0.00222
23.9	0.00222
23.91	0.00019
23.92	0.00147
23.93	0.00182
23.94	-0.00144
23.95	0.00117
23.96	-0.00053
23.97	-0.00296
23.98	-0.00552
23.99	-0.00797
24	-0.00941
24.01	-0.00793
24.02	-0.00401
24.03	-0.00167
24.04	0.00131
24.05	0.00581
24.06	0.00942
24.07	0.00781
24.08	0.00309
24.09	0.00038
24.1	-0.00175
24.11	-0.00092
24.12	-0.00124
24.13	0.00006
24.14	-0.00102
24.15	-0.00123
24.16	-0.00071
24.17	0.00223
24.18	0.00723
24.19	0.00672
24.2	0.00629
24.21	0.00594
24.22	0.00288
24.23	-0.00003
24.24	-0.00538
24.25	-0.01057
24.26	-0.01164
24.27	-0.01167
24.28	-0.01118
24.29	-0.01152
24.3	-0.01178
24.31	-0.00802
24.32	-0.00371
24.33	0.00277
24.34	0.00670
24.35	0.00737
24.36	0.00680
24.37	0.00550
24.38	0.00945
24.39	0.01047
24.4	0.01200
24.41	0.01288
24.42	0.00905
24.43	0.00615
24.44	0.00295
24.45	-0.00193
24.46	-0.00992
24.47	-0.01719
24.48	-0.02517
24.49	-0.02914
24.5	-0.02636
24.51	-0.02722
24.52	-0.02081
24.53	-0.01640
24.54	-0.01306
24.55	-0.01223
24.56	-0.00968
24.57	-0.00753
24.58	-0.00559
24.59	-0.00185
24.6	-0.00039
24.61	0.00314
24.62	0.00824
24.63	0.01341
24.64	0.01981
24.65	0.02501
24.66	0.02685
24.67	0.03065
24.68	0.02951
24.69	0.02964
24.7	0.02633
24.71	0.02539
24.72	0.02169
24.73	0.02164
24.74	0.01788
24.75	0.01349
24.76	0.01185
24.77	0.00730
24.78	0.00174
24.79	-0.00198
24.8	-0.00718
24.81	-0.01059
24.82	-0.01489
24.83	-0.01901
24.84	-0.02162
24.85	-0.02256
24.86	-0.02224
24.87	-0.02125
24.88	-0.02278
24.89	-0.02110
24.9	-0.02251
24.91	-0.02124
24.92	-0.02111
24.93	-0.02117
24.94	-0.01657
24.95	-0.01244
24.96	-0.00743
24.97	-0.00200
24.98	0.00697
24.99	0.01192
25	0.01694
25.01	0.02068
25.02	0.02133
25.03	0.01935
25.04	0.01680
25.05	0.01411
25.06	0.00969
25.07	0.00639
25.08	0.00015
25.09	-0.00337
25.1	-0.00677
25.11	-0.01113
25.12	-0.01219
25.13	-0.01031
25.14	-0.01390
25.15	-0.01130
25.16	-0.00940
25.17	-0.01053
25.18	-0.00712
25.19	-0.00240
25.2	0.00308
25.21	0.00817
25.22	0.01281
25.23	0.01294
25.24	0.01280
25.25	0.01095
25.26	0.00899
25.27	0.00635
25.28	0.00487
25.29	0.00562
25.3	0.00513
25.31	0.00445
25.32	0.00074
25.33	0.00145
25.34	0.00140
25.35	0.00103
25.36	-0.00051
25.37	-0.00341
25.38	-0.00381
25.39	-0.00863
25.4	-0.00957
25.41	-0.01029
25.42	-0.01019
25.43	-0.01029
25.44	-0.01108
25.45	-0.01347
25.46	-0.01398
25.47	-0.01367
25.48	-0.01449
25.49	-0.01829
25.5	-0.02123
25.51	-0.02131
25.52	-0.02107
25.53	-0.02143
25.54	-0.01782
25.55	-0.01663
25.56	-0.01293
25.57	-0.01312
25.58	-0.00852
25.59	-0.00952
25.6	-0.00813
25.61	-0.00619
25.62	-0.00459
25.63	-0.00160
25.64	0.00156
25.65	0.00253
25.66	0.00548
25.67	0.00715
25.68	0.00433
25.69	0.00208
25.7	-0.00051
25.71	-0.00285
25.72	-0.00557
25.73	-0.00921
25.74	-0.01205
25.75	-0.01240
25.76	-0.01217
25.77	-0.01262
25.78	-0.01351
25.79	-0.01589
25.8	-0.01972
25.81	-0.02344
25.82	-0.02592
25.83	-0.02746
25.84	-0.02740
25.85	-0.02957
25.86	-0.03147
25.87	-0.03402
25.88	-0.03612
25.89	-0.03871
25.9	-0.03782
25.91	-0.03777
25.92	-0.03471
25.93	-0.03359
25.94	-0.03418
25.95	-0.03346
25.96	-0.03346
25.97	-0.03333
25.98	-0.03314
25.99	-0.03303
26	-0.03288
26.01	-0.03104
26.02	-0.02793
26.03	-0.02624
26.04	-0.02324
26.05	-0.01862
26.06	-0.01297
26.07	-0.00869
26.08	-0.00479
26.09	-0.00492
26.1	-0.00054
26.11	-0.00071
26.12	-0.00335
26.13	-0.00629
26.14	-0.01522
26.15	-0.02128
26.16	-0.02429
26.17	-0.02776
26.18	-0.02704
26.19	-0.02844
26.2	-0.02879
26.21	-0.02764
26.22	-0.02703
26.23	-0.02680
26.24	-0.02379
26.25	-0.02054
26.26	-0.01744
26.27	-0.01446
26.28	-0.01058
26.29	-0.00479
26.3	0.00165
26.31	0.00830
26.32	0.01391
26.33	0.01856
26.34	0.02278
26.35	0.02481
26.36	0.02491
26.37	0.02899
26.38	0.02796
26.39	0.03233
26.4	0.03209
26.41	0.03148
26.42	0.03112
26.43	0.02849
26.44	0.02775
26.45	0.02805
26.46	0.02454
26.47	0.02042
26.48	0.01909
26.49	0.01691
26.5	0.01471
26.51	0.01385
26.52	0.01413
26.53	0.01177
26.54	0.01207
26.55	0.01213
26.56	0.01060
26.57	0.01028
26.58	0.00887
26.59	0.00781
26.6	0.00720
26.61	0.00590
26.62	0.00882
26.63	0.01133
26.64	0.01106
26.65	0.01165
26.66	0.01230
26.67	0.01413
26.68	0.01690
26.69	0.01990
26.7	0.02408
26.71	0.02537
26.72	0.03023
26.73	0.03364
26.74	0.03524
26.75	0.03680
26.76	0.03668
26.77	0.03422
26.78	0.03717
26.79	0.04171
26.8	0.04582
26.81	0.05054
26.82	0.05377
26.83	0.05313
26.84	0.05192
26.85	0.04836
26.86	0.04293
26.87	0.03682
26.88	0.03139
26.89	0.02612
26.9	0.01881
26.91	0.01378
26.92	0.01029
26.93	0.01004
26.94	0.01324
26.95	0.01922
26.96	0.02167
26.97	0.02597
26.98	0.02710
26.99	0.02652
27	0.02447
27.01	0.02151
27.02	0.02197
27.03	0.02078
27.04	0.01956
27.05	0.01889
27.06	0.02152
27.07	0.02215
27.08	0.02527
27.09	0.02693
27.1	0.02886
27.11	0.02783
27.12	0.02836
27.13	0.02816
27.14	0.02792
27.15	0.02582
27.16	0.02380
27.17	0.02551
27.18	0.02610
27.19	0.02795
27.2	0.03063
27.21	0.03244
27.22	0.03600
27.23	0.03881
27.24	0.03949
27.25	0.04212
27.26	0.04239
27.27	0.04189
27.28	0.03994
27.29	0.04010
27.3	0.03763
27.31	0.03831
27.32	0.03795
27.33	0.03774
27.34	0.03782
27.35	0.03582
27.36	0.03531
27.37	0.03525
27.38	0.03279
27.39	0.03144
27.4	0.02693
27.41	0.02571
27.42	0.02438
27.43	0.02025
27.44	0.01986
27.45	0.01732
27.46	0.01491
27.47	0.01058
27.48	0.00647
27.49	0.00055
27.5	-0.00440
27.51	-0.00675
27.52	-0.00580
27.53	-0.00662
27.54	-0.00643
27.55	-0.00638
27.56	-0.00644
27.57	-0.00638
27.58	-0.00637
27.59	-0.00448
27.6	-0.00456
27.61	-0.00667
27.62	-0.00621
27.63	-0.00410
27.64	-0.00537
27.65	-0.00271
27.66	-0.00222
27.67	-0.00298
27.68	-0.00238
27.69	-0.00258
27.7	-0.00218
27.71	0.00228
27.72	0.00454
27.73	0.00521
27.74	0.00667
27.75	0.01032
27.76	0.01376
27.77	0.01774
27.78	0.02136
27.79	0.02488
27.8	0.02700
27.81	0.02861
27.82	0.02799
27.83	0.02882
27.84	0.02732
27.85	0.02787
27.86	0.02587
27.87	0.02334
27.88	0.02116
27.89	0.01919
27.9	0.01928
27.91	0.01491
27.92	0.01302
27.93	0.01109
27.94	0.00879
27.95	0.00610
27.96	0.00471
27.97	0.00239
27.98	-0.00162
27.99	-0.00369
28	-0.00751
28.01	-0.00708
28.02	-0.00720
28.03	-0.00806
28.04	-0.00824
28.05	-0.00791
28.06	-0.00441
28.07	-0.00421
28.08	-0.00627
28.09	-0.00786
28.1	-0.00797
28.11	-0.00679
28.12	-0.00273
28.13	-0.00032
28.14	-0.00055
28.15	0.00409
28.16	0.00796
28.17	0.00803
28.18	0.01099
28.19	0.01119
28.2	0.01166
28.21	0.01621
28.22	0.01445
28.23	0.01490
28.24	0.01508
28.25	0.01476
28.26	0.01478
28.27	0.01252
28.28	0.01046
28.29	0.00974
28.3	0.00576
28.31	0.00331
28.32	0.00273
28.33	0.00379
28.34	0.00829
28.35	0.01207
28.36	0.01833
28.37	0.02080
28.38	0.01808
28.39	0.01724
28.4	0.01433
28.41	0.00960
28.42	0.00434
28.43	0.00058
28.44	-0.00190
28.45	-0.00413
28.46	-0.00614
28.47	-0.00886
28.48	-0.01271
28.49	-0.01484
28.5	-0.01433
28.51	-0.01182
28.52	-0.01250
28.53	-0.01224
28.54	-0.01206
28.55	-0.01215
28.56	-0.01190
28.57	-0.01143
28.58	-0.00929
28.59	-0.00998
28.6	-0.00972
28.61	-0.00946
28.62	-0.00952
28.63	-0.01022
28.64	-0.01168
28.65	-0.01193
28.66	-0.01498
28.67	-0.01874
28.68	-0.01987
28.69	-0.02056
28.7	-0.02075
28.71	-0.02466
28.72	-0.02399
28.73	-0.02588
28.74	-0.02715
28.75	-0.02713
28.76	-0.02298
28.77	-0.02428
28.78	-0.02366
28.79	-0.01864
28.8	-0.01653
28.81	-0.01269
28.82	-0.01113
28.83	-0.00759
28.84	-0.00724
28.85	-0.00351
28.86	-0.00316
28.87	0.00049
28.88	0.00343
28.89	0.00544
28.9	0.00797
28.91	0.01184
28.92	0.01577
28.93	0.01925
28.94	0.02217
28.95	0.02222
28.96	0.02205
28.97	0.02156
28.98	0.01864
28.99	0.01703
29	0.01495
29.01	0.01277
29.02	0.01205
29.03	0.01079
29.04	0.00822
29.05	0.00664
29.06	0.00447
29.07	0.00386
29.08	0.00205
29.09	0.00245
29.1	0.00244
29.11	0.00353
29.12	0.00708
29.13	0.00680
29.14	0.00912
29.15	0.00558
29.16	0.00633
29.17	0.00638
29.18	0.00597
29.19	0.00529
29.2	0.00374
29.21	0.00445
29.22	0.00413
29.23	0.00614
29.24	0.00771
29.25	0.01054
29.26	0.00928
29.27	0.00864
29.28	0.00730
29.29	0.00564
29.3	0.00242
29.31	0.00159
29.32	-0.00126
29.33	0.00005
29.34	-0.00137
29.35	-0.00269
29.36	-0.00171
29.37	-0.00227
29.38	-0.00216
29.39	-0.00212
29.4	-0.00217
29.41	-0.00255
29.42	-0.00617
29.43	-0.00585
29.44	-0.00743
29.45	-0.00994
29.46	-0.00965
29.47	-0.00962
29.48	-0.00860
29.49	-0.00489
29.5	-0.00645
29.51	-0.00514
29.52	-0.00129
29.53	-0.00225
29.54	-0.00296
29.55	-0.00633
29.56	-0.00848
29.57	-0.01208
29.58	-0.01422
29.59	-0.01787
29.6	-0.01689
29.61	-0.01720
29.62	-0.01736
29.63	-0.01654
29.64	-0.01481
29.65	-0.01610
29.66	-0.01497
29.67	-0.01288
29.68	-0.01479
29.69	-0.01698
29.7	-0.01683
29.71	-0.01707
29.72	-0.01971
29.73	-0.02089
29.74	-0.02074
29.75	-0.02134
29.76	-0.02014
29.77	-0.02069
29.78	-0.01997
29.79	-0.01618
29.8	-0.01655
29.81	-0.01663
29.82	-0.01606
29.83	-0.01487
29.84	-0.01532
29.85	-0.01437
29.86	-0.01550
29.87	-0.01652
29.88	-0.01588
29.89	-0.02000
29.9	-0.01995
29.91	-0.02102
29.92	-0.02324
29.93	-0.02311
29.94	-0.02354
29.95	-0.02329
29.96	-0.02345
29.97	-0.02674
29.98	-0.02854
29.99	-0.03140
30	-0.03639
30.01	-0.04006
30.02	-0.04234
30.03	-0.04289
30.04	-0.04545
30.05	-0.04591
30.06	-0.04535
30.07	-0.04562
30.08	-0.04538
30.09	-0.04524
30.1	-0.04334
30.11	-0.04008
30.12	-0.03716
30.13	-0.03269
30.14	-0.03242
30.15	-0.02796
30.16	-0.02401
30.17	-0.01974
30.18	-0.01646
30.19	-0.01378
30.2	-0.00887
30.21	-0.00816
30.22	-0.00448
30.23	-0.00202
30.24	-0.00033
30.25	0.00357
30.26	0.00634
30.27	0.00677
30.28	0.01050
30.29	0.01037
30.3	0.00988
30.31	0.01082
30.32	0.01087
30.33	0.00969
30.34	0.01039
30.35	0.01025
30.36	0.01274
30.37	0.01419
30.38	0.01532
30.39	0.01854
30.4	0.01726
30.41	0.01647
30.42	0.01433
30.43	0.01122
30.44	0.00807
30.45	0.00348
30.46	-0.00074
30.47	-0.00320
30.48	-0.00594
30.49	-0.00536
30.5	-0.00557
30.51	-0.00561
30.52	-0.00136
30.53	-0.00013
30.54	0.00269
30.55	0.00174
30.56	0.00221
30.57	0.00226
30.58	0.00214
30.59	0.00221
30.6	0.00220
30.61	0.00310
30.62	0.00677
30.63	0.00662
30.64	0.00828
30.65	0.00588
30.66	0.00861
30.67	0.01064
30.68	0.00925
30.69	0.01068
30.7	0.01431
30.71	0.01358
30.72	0.01372
30.73	0.01399
30.74	0.01378
30.75	0.01377
30.76	0.01364
30.77	0.01365
30.78	0.01361
30.79	0.01483
30.8	0.01843
30.81	0.01939
30.82	0.02252
30.83	0.02510
30.84	0.02484
30.85	0.02483
30.86	0.02504
30.87	0.02483
30.88	0.02484
30.89	0.02478
30.9	0.02472
30.91	0.02793
30.92	0.02822
30.93	0.02832
30.94	0.02842
30.95	0.03179
30.96	0.03252
30.97	0.02992
30.98	0.02845
30.99	0.02813
31	0.02778
31.01	0.02594
31.02	0.02862
31.03	0.02553
31.04	0.02313
31.05	0.02446
31.06	0.02325
31.07	0.01968
31.08	0.01964
31.09	0.01595
31.1	0.01379
31.11	0.01168
31.12	0.01067
31.13	0.00811
31.14	0.00807
31.15	0.00825
31.16	0.00792
31.17	0.00848
31.18	0.00889
31.19	0.00770
31.2	0.00846
31.21	0.00802
31.22	0.00723
31.23	0.00341
31.24	0.00262
31.25	-0.00017
31.26	0.00084
31.27	0.00043
31.28	0.00038
31.29	0.00052
31.3	-0.00116
31.31	-0.00327
31.32	-0.00323
31.33	-0.00517
31.34	-0.00776
31.35	-0.00824
31.36	-0.01086
31.37	-0.00909
31.38	-0.00715
31.39	-0.00951
31.4	-0.00902
31.41	-0.01094
31.42	-0.01038
31.43	-0.01041
31.44	-0.01049
31.45	-0.01035
31.46	-0.01032
31.47	-0.00899
31.48	-0.00883
31.49	-0.00632
31.5	-0.00792
31.51	-0.00816
31.52	-0.00521
31.53	-0.00646
31.54	-0.00655
31.55	-0.01016
31.56	-0.00990
31.57	-0.01162
31.58	-0.01488
31.59	-0.01713
31.6	-0.01823
31.61	-0.02183
31.62	-0.02070
31.63	-0.02137
31.64	-0.02564
31.65	-0.02873
31.66	-0.02823
31.67	-0.02838
31.68	-0.02852
31.69	-0.02827
31.7	-0.02823
31.71	-0.02812
31.72	-0.03011
31.73	-0.03249
31.74	-0.03161
31.75	-0.03446
31.76	-0.03556
31.77	-0.03530
31.78	-0.03826
31.79	-0.03721
31.8	-0.03445
31.81	-0.03383
31.82	-0.02942
31.83	-0.02682
31.84	-0.02311
31.85	-0.02151
31.86	-0.01819
31.87	-0.01855
31.88	-0.01632
31.89	-0.01883
31.9	-0.01867
31.91	-0.02087
31.92	-0.02428
31.93	-0.02663
31.94	-0.02824
31.95	-0.03064
31.96	-0.02947
31.97	-0.02996
31.98	-0.02986
31.99	-0.02969
32	-0.02968
32.01	-0.02834
32.02	-0.02466
32.03	-0.02491
32.04	-0.02058
32.05	-0.02143
32.06	-0.01713
32.07	-0.01764
32.08	-0.01398
32.09	-0.01339
32.1	-0.01277
32.11	-0.00841
32.12	-0.00760
32.13	-0.00535
32.14	-0.00624
32.15	-0.00575
32.16	-0.00372
32.17	-0.00408
32.18	-0.00501
32.19	-0.00627
32.2	-0.00567
32.21	-0.00693
32.22	-0.00932
32.23	-0.00877
32.24	-0.00938
32.25	-0.00889
32.26	-0.00823
32.27	-0.00532
32.28	-0.00661
32.29	-0.00436
32.3	-0.00132
32.31	-0.00196
32.32	0.00213
32.33	0.00110
32.34	0.00235
32.35	0.00381
32.36	0.00284
32.37	0.00205
32.38	0.00074
32.39	0.00132
32.4	-0.00037
32.41	-0.00356
32.42	-0.00246
32.43	-0.00298
32.44	-0.00330
32.45	-0.00317
32.46	-0.00320
32.47	-0.00318
32.48	-0.00326
32.49	-0.00320
32.5	-0.00001
32.51	0.00073
32.52	0.00360
32.53	0.00442
32.54	0.00366
32.55	0.00708
32.56	0.00837
32.57	0.00711
32.58	0.00931
32.59	0.00982
32.6	0.01011
32.61	0.00779
32.62	0.00723
32.63	0.00857
32.64	0.00651
32.65	0.00721
32.66	0.00697
32.67	0.00677
32.68	0.00690
32.69	0.00780
32.7	0.00706
32.71	0.00771
32.72	0.00727
32.73	0.00843
32.74	0.00963
32.75	0.00988
32.76	0.00977
32.77	0.00971
32.78	0.00964
32.79	0.00941
32.8	0.00730
32.81	0.00667
32.82	0.00518
32.83	0.00560
32.84	0.00524
32.85	0.00210
32.86	0.00088
32.87	0.00076
32.88	-0.00361
32.89	-0.00248
32.9	-0.00281
32.91	-0.00525
32.92	-0.00687
32.93	-0.00661
32.94	-0.00774
32.95	-0.01156
32.96	-0.01350
32.97	-0.01506
32.98	-0.01653
32.99	-0.01894
33	-0.01831
33.01	-0.01840
33.02	-0.01862
33.03	-0.01845
33.04	-0.01862
33.05	-0.01860
33.06	-0.02104
33.07	-0.02282
33.08	-0.02178
33.09	-0.02375
33.1	-0.02180
33.11	-0.02222
33.12	-0.02020
33.13	-0.01761
33.14	-0.01880
33.15	-0.01814
33.16	-0.01801
33.17	-0.01805
33.18	-0.01796
33.19	-0.01914
33.2	-0.01911
33.21	-0.02010
33.22	-0.02033
33.23	-0.01675
33.24	-0.01814
33.25	-0.01762
33.26	-0.01742
33.27	-0.01756
33.28	-0.01742
33.29	-0.01737
33.3	-0.01735
33.31	-0.02022
33.32	-0.02148
33.33	-0.02048
33.34	-0.02282
33.35	-0.02561
33.36	-0.02397
33.37	-0.02466
33.38	-0.02448
33.39	-0.02429
33.4	-0.02425
33.41	-0.02409
33.42	-0.02399
33.43	-0.02389
33.44	-0.02294
33.45	-0.01877
33.46	-0.02013
33.47	-0.01952
33.48	-0.01923
33.49	-0.02015
33.5	-0.02396
33.51	-0.02239
33.52	-0.02274
33.53	-0.02278
33.54	-0.02384
33.55	-0.02605
33.56	-0.02611
33.57	-0.02573
33.58	-0.02593
33.59	-0.02563
33.6	-0.02547
33.61	-0.02533
33.62	-0.02383
33.63	-0.02038
33.64	-0.02135
33.65	-0.02078
33.66	-0.01811
33.67	-0.01585
33.68	-0.01693
33.69	-0.01600
33.7	-0.01597
33.71	-0.01588
33.72	-0.01560
33.73	-0.01419
33.74	-0.01164
33.75	-0.01135
33.76	-0.01059
33.77	-0.00637
33.78	-0.00566
33.79	-0.00219
33.8	-0.00155
33.81	0.00216
33.82	0.00083
33.83	0.00153
33.84	-0.00133
33.85	-0.00254
33.86	-0.00143
33.87	-0.00197
33.88	-0.00041
33.89	0.00340
33.9	0.00191
33.91	0.00336
33.92	0.00733
33.93	0.00914
33.94	0.01132
33.95	0.01132
33.96	0.01552
33.97	0.01490
33.98	0.01498
33.99	0.01553
34	0.01197
34.01	0.01136
34.02	0.01273
34.03	0.01581
34.04	0.01591
34.05	0.01579
34.06	0.01636
34.07	0.01921
34.08	0.01984
34.09	0.01897
34.1	0.01741
34.11	0.01567
34.12	0.01241
34.13	0.01144
34.14	0.00542
34.15	0.00363
34.16	0.00179
34.17	0.00233
34.18	0.00223
34.19	0.00233
34.2	0.00040
34.21	-0.00183
34.22	-0.00047
34.23	-0.00093
34.24	-0.00071
34.25	-0.00046
34.26	-0.00037
34.27	0.00145
34.28	0.00467
34.29	0.00352
34.3	0.00426
34.31	0.00486
34.32	0.00931
34.33	0.00976
34.34	0.01307
34.35	0.01522
34.36	0.01876
34.37	0.02260
34.38	0.02666
34.39	0.02913
34.4	0.03218
34.41	0.03286
34.42	0.03235
34.43	0.03283
34.44	0.03236
34.45	0.02792
34.46	0.02938
34.47	0.02788
34.48	0.02901
34.49	0.02901
34.5	0.02502
34.51	0.02692
34.52	0.03026
34.53	0.02844
34.54	0.02767
34.55	0.02484
34.56	0.02973
34.57	0.02930
34.58	0.02882
34.59	0.02953
34.6	0.03045
34.61	0.03301
34.62	0.03319
34.63	0.03398
34.64	0.03329
34.65	0.03295
34.66	0.03329
34.67	0.03284
34.68	0.03293
34.69	0.03062
34.7	0.02834
34.71	0.02963
34.72	0.02646
34.73	0.02427
34.74	0.02565
34.75	0.02473
34.76	0.02483
34.77	0.02487
34.78	0.02472
34.79	0.02471
34.8	0.02463
34.81	0.02564
34.82	0.02777
34.83	0.02842
34.84	0.02975
34.85	0.03299
34.86	0.03134
34.87	0.03378
34.88	0.03650
34.89	0.03479
34.9	0.03537
34.91	0.03092
34.92	0.03115
34.93	0.03137
34.94	0.03058
34.95	0.03072
34.96	0.03050
34.97	0.03030
34.98	0.03020
34.99	0.03207
35	0.03368
35.01	0.03401
35.02	0.03745
35.03	0.04064
35.04	0.04045
35.05	0.04005
35.06	0.04150
35.07	0.04467
35.08	0.04289
35.09	0.04327
35.1	0.04307
35.11	0.04386
35.12	0.04729
35.13	0.04540
35.14	0.04575
35.15	0.04602
35.16	0.04915
35.17	0.04882
35.18	0.05215
35.19	0.05182
35.2	0.05111
35.21	0.05127
35.22	0.05069
35.23	0.05036
35.24	0.05001
35.25	0.04923
35.26	0.04556
35.27	0.04578
35.28	0.04445
35.29	0.04428
35.3	0.04384
35.31	0.04344
35.32	0.04325
35.33	0.04573
35.34	0.04678
35.35	0.04516
35.36	0.04563
35.37	0.04497
35.38	0.04455
35.39	0.04419
35.4	0.04080
35.41	0.03886
35.42	0.03814
35.43	0.03394
35.44	0.03485
35.45	0.03269
35.46	0.02885
35.47	0.02978
35.48	0.02888
35.49	0.02835
35.5	0.02685
35.51	0.02536
35.52	0.02839
35.53	0.02626
35.54	0.02522
35.55	0.02159
35.56	0.02205
35.57	0.02142
35.58	0.02074
35.59	0.01932
35.6	0.02057
35.61	0.01956
35.62	0.01926
35.63	0.01898
35.64	0.01847
35.65	0.01811
35.66	0.01836
35.67	0.02042
35.68	0.02094
35.69	0.02012
35.7	0.02308
35.71	0.02310
35.72	0.02296
35.73	0.02181
35.74	0.01741
35.75	0.01847
35.76	0.01757
35.77	0.01414
35.78	0.01248
35.79	0.01314
35.8	0.01194
35.81	0.01162
35.82	0.01133
35.83	0.01086
35.84	0.01052
35.85	0.01027
35.86	0.01328
35.87	0.01352
35.88	0.01251
35.89	0.01365
35.9	0.01675
35.91	0.01532
35.92	0.01511
35.93	0.01503
35.94	0.01358
35.95	0.00963
35.96	0.01028
35.97	0.01158
35.98	0.01293
35.99	0.01257
36	0.01160
36.01	0.00768
36.02	0.00798
36.03	0.00766
36.04	0.00696
36.05	0.00347
36.06	0.00229
36.07	0.00286
36.08	-0.00030
36.09	-0.00457
36.1	-0.00639
36.11	-0.00610
36.12	-0.00682
36.13	-0.00858
36.14	-0.01163
36.15	-0.01235
36.16	-0.01601
36.17	-0.01480
36.18	-0.01679
36.19	-0.02033
36.2	-0.01914
36.21	-0.01979
36.22	-0.02004
36.23	-0.01986
36.24	-0.02005
36.25	-0.02020
36.26	-0.02316
36.27	-0.02332
36.28	-0.02424
36.29	-0.02422
36.3	-0.02427
36.31	-0.02560
36.32	-0.02907
36.33	-0.02760
36.34	-0.02825
36.35	-0.02883
36.36	-0.03226
36.37	-0.03205
36.38	-0.03387
36.39	-0.03662
36.4	-0.03522
36.41	-0.03581
36.42	-0.03739
36.43	-0.03928
36.44	-0.03956
36.45	-0.03942
36.46	-0.04333
36.47	-0.04322
36.48	-0.04568
36.49	-0.04768
36.5	-0.04629
36.51	-0.04702
36.52	-0.04677
36.53	-0.04654
36.54	-0.04654
36.55	-0.04635
36.56	-0.04640
36.57	-0.04904
36.58	-0.04899
36.59	-0.04967
36.6	-0.04956
36.61	-0.04921
36.62	-0.04909
36.63	-0.04888
36.64	-0.04937
36.65	-0.04973
36.66	-0.04719
36.67	-0.04798
36.68	-0.04720
36.69	-0.04258
36.7	-0.04271
36.71	-0.04259
36.72	-0.04076
36.73	-0.03707
36.74	-0.03769
36.75	-0.03689
36.76	-0.03635
36.77	-0.03602
36.78	-0.03558
36.79	-0.03509
36.8	-0.03471
36.81	-0.03545
36.82	-0.03861
36.83	-0.03656
36.84	-0.04062
36.85	-0.04032
36.86	-0.03919
36.87	-0.03948
36.88	-0.03871
36.89	-0.03820
36.9	-0.03662
36.91	-0.03255
36.92	-0.03366
36.93	-0.03254
36.94	-0.03388
36.95	-0.03551
36.96	-0.03475
36.97	-0.03432
36.98	-0.03404
36.99	-0.03340
37	-0.03546
37.01	-0.03671
37.02	-0.03378
37.03	-0.03572
37.04	-0.03518
37.05	-0.03835
37.06	-0.03732
37.07	-0.03669
37.08	-0.03904
37.09	-0.04005
37.1	-0.03852
37.11	-0.03859
37.12	-0.03790
37.13	-0.03728
37.14	-0.03661
37.15	-0.03601
37.16	-0.03546
37.17	-0.03485
37.18	-0.03426
37.19	-0.03493
37.2	-0.03798
37.21	-0.03582
37.22	-0.03977
37.23	-0.03929
37.24	-0.03794
37.25	-0.03809
37.26	-0.03714
37.27	-0.03660
37.28	-0.03600
37.29	-0.03143
37.3	-0.03078
37.31	-0.02985
37.32	-0.02501
37.33	-0.02572
37.34	-0.02492
37.35	-0.02402
37.36	-0.02364
37.37	-0.02166
37.38	-0.02157
37.39	-0.01798
37.4	-0.01736
37.41	-0.01730
37.42	-0.01621
37.43	-0.01590
37.44	-0.01533
37.45	-0.01389
37.46	-0.00975
37.47	-0.01024
37.48	-0.00949
37.49	-0.00872
37.5	-0.00843
37.51	-0.00782
37.52	-0.00440
37.53	-0.00261
37.54	-0.00307
37.55	-0.00195
37.56	-0.00166
37.57	0.00001
37.58	0.00370
37.59	0.00298
37.6	0.00512
37.61	0.00894
37.62	0.01038
37.63	0.01353
37.64	0.01260
37.65	0.01471
37.66	0.01738
37.67	0.01799
37.68	0.01816
37.69	0.01877
37.7	0.01897
37.71	0.01927
37.72	0.02191
37.73	0.02448
37.74	0.02341
37.75	0.02444
37.76	0.02468
37.77	0.02698
37.78	0.02595
37.79	0.02987
37.8	0.02924
37.81	0.02950
37.82	0.02996
37.83	0.02995
37.84	0.03019
37.85	0.03044
37.86	0.03043
37.87	0.02680
37.88	0.02705
37.89	0.02723
37.9	0.02230
37.91	0.02406
37.92	0.02382
37.93	0.02359
37.94	0.02395
37.95	0.02413
37.96	0.02672
37.97	0.02825
37.98	0.02777
37.99	0.02811
38	0.02685
38.01	0.02832
38.02	0.02844
38.03	0.03012
38.04	0.03038
38.05	0.03253
38.06	0.03140
38.07	0.03329
38.08	0.03533
38.09	0.03533
38.1	0.03570
38.11	0.04004
38.12	0.04019
38.13	0.04312
38.14	0.04423
38.15	0.04676
38.16	0.04542
38.17	0.04783
38.18	0.05019
38.19	0.04865
38.2	0.04908
38.21	0.04888
38.22	0.04849
38.23	0.04788
38.24	0.04381
38.25	0.04381
38.26	0.04389
38.27	0.04308
38.28	0.04294
38.29	0.04271
38.3	0.04236
38.31	0.03987
38.32	0.03721
38.33	0.03930
38.34	0.03676
38.35	0.03716
38.36	0.03950
38.37	0.03974
38.38	0.03871
38.39	0.03975
38.4	0.03869
38.41	0.03854
38.42	0.03608
38.43	0.03316
38.44	0.03394
38.45	0.03292
38.46	0.03251
38.47	0.03222
38.48	0.03171
38.49	0.03130
38.5	0.03087
38.51	0.03095
38.52	0.03428
38.53	0.03324
38.54	0.03272
38.55	0.03388
38.56	0.03537
38.57	0.03514
38.58	0.03480
38.59	0.03307
38.6	0.02897
38.61	0.02883
38.62	0.02419
38.63	0.02388
38.64	0.01808
38.65	0.01553
38.66	0.01608
38.67	0.01417
38.68	0.01004
38.69	0.01041
38.7	0.00977
38.71	0.00644
38.72	0.00427
38.73	0.00480
38.74	0.00246
38.75	-0.00138
38.76	-0.00027
38.77	-0.00144
38.78	-0.00586
38.79	-0.00624
38.8	-0.00689
38.81	-0.01174
38.82	-0.01116
38.83	-0.01565
38.84	-0.01654
38.85	-0.01617
38.86	-0.01796
38.87	-0.02174
38.88	-0.02146
38.89	-0.02197
38.9	-0.02272
38.91	-0.02292
38.92	-0.02338
38.93	-0.02377
38.94	-0.02417
38.95	-0.02458
38.96	-0.02496
38.97	-0.02535
38.98	-0.02575
38.99	-0.02612
39	-0.02649
39.01	-0.02695
39.02	-0.02741
39.03	-0.02773
39.04	-0.02814
39.05	-0.02848
39.06	-0.02884
39.07	-0.02919
39.08	-0.02954
39.09	-0.02988
39.1	-0.03022
39.11	-0.03053
39.12	-0.03074
39.13	-0.02991
39.14	-0.03154
39.15	-0.03176
39.16	-0.03142
39.17	-0.03041
39.18	-0.03328
39.19	-0.03262
39.2	-0.03370
39.21	-0.03794
39.22	-0.03729
39.23	-0.03765
39.24	-0.03824
39.25	-0.03825
39.26	-0.03766
39.27	-0.03415
39.28	-0.03546
39.29	-0.03539
39.3	-0.03535
39.31	-0.03574
39.32	-0.03585
39.33	-0.03605
39.34	-0.03624
39.35	-0.03639
39.36	-0.03656
39.37	-0.03671
39.38	-0.03693
39.39	-0.03695
39.4	-0.03713
39.41	-0.03724
39.42	-0.03738
39.43	-0.03760
39.44	-0.03764
39.45	-0.03775
39.46	-0.03784
39.47	-0.03671
39.48	-0.03728
39.49	-0.03753
39.5	-0.03839
39.51	-0.03801
39.52	-0.03824
39.53	-0.03823
39.54	-0.03821
39.55	-0.03822
39.56	-0.03574
39.57	-0.03367
39.58	-0.03481
39.59	-0.03408
39.6	-0.03403
39.61	-0.03063
39.62	-0.03047
39.63	-0.03535
39.64	-0.03332
39.65	-0.03749
39.66	-0.03820
39.67	-0.03712
39.68	-0.03984
39.69	-0.04231
39.7	-0.04067
39.71	-0.04137
39.72	-0.04126
39.73	-0.04106
39.74	-0.04100
39.75	-0.04091
39.76	-0.04093
39.77	-0.04076
39.78	-0.04189
39.79	-0.04308
39.8	-0.04444
39.81	-0.04310
39.82	-0.04223
39.83	-0.04236
39.84	-0.04208
39.85	-0.04190
39.86	-0.04096
39.87	-0.03924
39.88	-0.03958
39.89	-0.03660
39.9	-0.03496
39.91	-0.03529
39.92	-0.03345
39.93	-0.02957
39.94	-0.03086
39.95	-0.02992
39.96	-0.02837
39.97	-0.02586
39.98	-0.02495
39.99	-0.02495
40	-0.02417
40.01	-0.02389
40.02	-0.02293
40.03	-0.01873
40.04	-0.01896
40.05	-0.01437
40.06	-0.01417
40.07	-0.01155
40.08	-0.00872
40.09	-0.00826
40.1	-0.00412
40.11	-0.00472
40.12	-0.00012
40.13	0.00048
40.14	0.00435
40.15	0.00387
40.16	0.00018
40.17	0.00173
40.18	0.00179
40.19	0.00180
40.2	0.00237
40.21	0.00255
40.22	0.00298
40.23	0.00334
40.24	0.00365
40.25	0.00393
40.26	0.00428
40.27	0.00471
40.28	0.00503
40.29	0.00274
40.3	0.00118
40.31	0.00272
40.32	0.00235
40.33	0.00277
40.34	0.00291
40.35	-0.00114
40.36	0.00019
40.37	0.00054
40.38	0.00045
40.39	0.00088
40.4	0.00045
40.41	0.00093
40.42	0.00216
40.43	0.00116
40.44	-0.00093
40.45	-0.00087
40.46	-0.00023
40.47	-0.00030
40.48	0.00022
40.49	0.00058
40.5	0.00096
40.51	0.00121
40.52	0.00159
40.53	0.00192
40.54	0.00225
40.55	0.00259
40.56	0.00290
40.57	0.00323
40.58	0.00314
40.59	-0.00014
40.6	0.00051
40.61	0.00099
40.62	0.00085
40.63	0.00136
40.64	0.00162
40.65	0.00189
40.66	0.00221
40.67	0.00249
40.68	0.00274
40.69	-0.00042
40.7	-0.00096
40.71	0.00016
40.72	-0.00113
40.73	-0.00468
40.74	-0.00294
40.75	-0.00322
40.76	-0.00313
40.77	-0.00268
40.78	-0.00260
40.79	-0.00253
40.8	-0.00232
40.81	-0.00213
40.82	-0.00193
40.83	-0.00172
40.84	-0.00154
40.85	-0.00133
40.86	-0.00119
40.87	-0.00113
40.88	-0.00077
40.89	-0.00069
40.9	-0.00014
40.91	0.00105
40.92	0.00422
40.93	0.00349
40.94	0.00380
40.95	0.00410
40.96	0.00607
40.97	0.00865
40.98	0.00798
40.99	0.01105
41	0.01203
41.01	0.00776
41.02	0.01027
41.03	0.01123
41.04	0.00900
41.05	0.00821
41.06	0.00907
41.07	0.00843
41.08	0.00872
41.09	0.01029
41.1	0.01209
41.11	0.01290
41.12	0.01712
41.13	0.01753
41.14	0.02074
41.15	0.01986
41.16	0.02376
41.17	0.02532
41.18	0.02660
41.19	0.02767
41.2	0.02712
41.21	0.02721
41.22	0.02712
41.23	0.02916
41.24	0.02955
41.25	0.03037
41.26	0.02998
41.27	0.03291
41.28	0.03399
41.29	0.03281
41.3	0.03323
41.31	0.03280
41.32	0.03251
41.33	0.03232
41.34	0.03399
41.35	0.03377
41.36	0.03385
41.37	0.03558
41.38	0.03426
41.39	0.03430
41.4	0.03608
41.41	0.03621
41.42	0.03749
41.43	0.03673
41.44	0.03664
41.45	0.03619
41.46	0.03624
41.47	0.03799
41.48	0.03683
41.49	0.03672
41.5	0.03520
41.51	0.03765
41.52	0.03801
41.53	0.03674
41.54	0.03703
41.55	0.03641
41.56	0.03602
41.57	0.03692
41.58	0.03642
41.59	0.03589
41.6	0.03409
41.61	0.03316
41.62	0.03028
41.63	0.03098
41.64	0.02851
41.65	0.02899
41.66	0.02828
41.67	0.02791
41.68	0.02766
41.69	0.02715
41.7	0.02679
41.71	0.02623
41.72	0.02582
41.73	0.02543
41.74	0.02500
41.75	0.02465
41.76	0.02419
41.77	0.02377
41.78	0.02339
41.79	0.02296
41.8	0.02257
41.81	0.02215
41.82	0.02175
41.83	0.02134
41.84	0.02095
41.85	0.02056
41.86	0.02016
41.87	0.01723
41.88	0.01492
41.89	0.01563
41.9	0.01459
41.91	0.01432
41.92	0.01401
41.93	0.01357
41.94	0.01325
41.95	0.01332
41.96	0.01543
41.97	0.01626
41.98	0.01546
41.99	0.01542
42	0.01213
42.01	0.01190
42.02	0.01573
42.03	0.01326
42.04	0.01373
42.05	0.01347
42.06	0.01295
42.07	0.01293
42.08	0.01351
42.09	0.01396
42.1	0.01378
42.11	0.01472
42.12	0.01555
42.13	0.01783
42.14	0.01629
42.15	0.01479
42.16	0.01782
42.17	0.01757
42.18	0.01689
42.19	0.01717
42.2	0.01667
42.21	0.01643
42.22	0.01620
42.23	0.01592
42.24	0.01571
42.25	0.01546
42.26	0.01522
42.27	0.01499
42.28	0.01480
42.29	0.01463
42.3	0.01214
42.31	0.01020
42.32	0.01041
42.33	0.00707
42.34	0.00554
42.35	0.00651
42.36	0.00465
42.37	0.00110
42.38	0.00219
42.39	0.00160
42.4	-0.00083
42.41	-0.00175
42.42	-0.00210
42.43	-0.00282
42.44	-0.00258
42.45	-0.00279
42.46	-0.00277
42.47	-0.00283
42.48	-0.00289
42.49	-0.00496
42.5	-0.00472
42.51	-0.00461
42.52	-0.00298
42.53	-0.00281
42.54	-0.00309
42.55	-0.00405
42.56	-0.00420
42.57	-0.00468
42.58	-0.00439
42.59	-0.00309
42.6	-0.00420
42.61	-0.00172
42.62	-0.00246
42.63	-0.00018
42.64	0.00144
42.65	0.00133
42.66	0.00237
42.67	0.00265
42.68	0.00540
42.69	0.00660
42.7	0.00622
42.71	0.00674
42.72	0.00691
42.73	0.00633
42.74	0.00272
42.75	0.00356
42.76	0.00380
42.77	0.00356
42.78	0.00404
42.79	0.00417
42.8	0.00429
42.81	0.00449
42.82	0.00467
42.83	0.00483
42.84	0.00501
42.85	0.00528
42.86	0.00535
42.87	0.00571
42.88	0.00592
42.89	0.00605
42.9	0.00631
42.91	0.00655
42.92	0.00672
42.93	0.00566
42.94	0.00622
42.95	0.00777
42.96	0.00748
42.97	0.00786
42.98	0.00818
42.99	0.00834
43	0.00481
43.01	0.00499
43.02	0.00577
43.03	0.00550
43.04	0.00604
43.05	0.00630
43.06	0.00651
43.07	0.00296
43.08	0.00312
43.09	0.00266
43.1	-0.00117
43.11	0.00031
43.12	-0.00386
43.13	-0.00276
43.14	-0.00494
43.15	-0.00683
43.16	-0.00585
43.17	-0.00986
43.18	-0.00869
43.19	-0.00833
43.2	-0.00840
43.21	-0.00717
43.22	-0.00441
43.23	-0.00314
43.24	-0.00319
43.25	-0.00253
43.26	-0.00223
43.27	-0.00192
43.28	-0.00155
43.29	-0.00119
43.3	0.00118
43.31	0.00048
43.32	0.00039
43.33	-0.00012
43.34	0.00033
43.35	0.00078
43.36	0.00087
43.37	0.00136
43.38	0.00156
43.39	0.00190
43.4	0.00222
43.41	0.00260
43.42	0.00280
43.43	0.00316
43.44	0.00255
43.45	-0.00072
43.46	0.00070
43.47	0.00069
43.48	0.00077
43.49	0.00126
43.5	-0.00067
43.51	-0.00041
43.52	0.00291
43.53	0.00198
43.54	0.00246
43.55	0.00294
43.56	0.00307
43.57	0.00340
43.58	0.00366
43.59	0.00412
43.6	0.00541
43.61	0.00390
43.62	0.00642
43.63	0.00708
43.64	0.00440
43.65	0.00589
43.66	0.00585
43.67	0.00731
43.68	0.00986
43.69	0.01018
43.7	0.01021
43.71	0.01073
43.72	0.01080
43.73	0.01099
43.74	0.01131
43.75	0.01142
43.76	0.01197
43.77	0.01245
43.78	0.01158
43.79	0.01225
43.8	0.01220
43.81	0.01231
43.82	0.01252
43.83	0.01258
43.84	0.01267
43.85	0.01282
43.86	0.01218
43.87	0.00872
43.88	0.00968
43.89	0.00962
43.9	0.00938
43.91	0.00744
43.92	0.00569
43.93	0.00616
43.94	0.00608
43.95	0.00604
43.96	0.00622
43.97	0.00624
43.98	0.00637
43.99	0.00632
44	0.00626
44.01	0.00431
44.02	0.00677
44.03	0.00199
44.04	0.00275
44.05	0.00312
44.06	0.00253
44.07	0.00268
44.08	0.00027
44.09	-0.00120
44.1	-0.00064
44.11	-0.00093
44.12	-0.00096
44.13	-0.00088
44.14	-0.00136
44.15	-0.00383
44.16	-0.00502
44.17	-0.00457
44.18	-0.00491
44.19	-0.00491
44.2	-0.00489
44.21	-0.00497
44.22	-0.00500
44.23	-0.00504
44.24	-0.00646
44.25	-0.00469
44.26	-0.00526
44.27	-0.00535
44.28	-0.00522
44.29	-0.00540
44.3	-0.00543
44.31	-0.00553
44.32	-0.00557
44.33	-0.00361
44.34	-0.00305
44.35	-0.00172
44.36	-0.00234
44.37	-0.00220
44.38	-0.00231
44.39	-0.00237
44.4	-0.00038
44.41	0.00016
44.42	0.00110
44.43	0.00053
44.44	0.00063
44.45	0.00045
44.46	0.00024
44.47	0.00009
44.48	-0.00010
44.49	-0.00026
44.5	-0.00043
44.51	-0.00062
44.52	-0.00079
44.53	-0.00100
44.54	0.00017
44.55	0.00007
44.56	0.00099
44.57	-0.00046
44.58	0.00135
44.59	-0.00037
44.6	-0.00110
44.61	-0.00279
44.62	-0.00189
44.63	0.00082
44.64	-0.00395
44.65	-0.00329
44.66	-0.00324
44.67	-0.00402
44.68	-0.00396
44.69	-0.00363
44.7	-0.00214
44.71	-0.00245
44.72	-0.00258
44.73	-0.00499
44.74	-0.00404
44.75	-0.00479
44.76	-0.00368
44.77	-0.00341
44.78	-0.00205
44.79	-0.00311
44.8	-0.00297
44.81	-0.00323
44.82	-0.00524
44.83	-0.00714
44.84	-0.00641
44.85	-0.00858
44.86	-0.00814
44.87	-0.00848
44.88	-0.00881
44.89	-0.00787
44.9	-0.00584
44.91	-0.00789
44.92	-0.01017
44.93	-0.00959
44.94	-0.01016
44.95	-0.01047
44.96	-0.01057
44.97	-0.01099
44.98	-0.01226
44.99	-0.01415
45	-0.01579
45.01	-0.01731
45.02	-0.01649
45.03	-0.01960
45.04	-0.02014
45.05	-0.01979
45.06	-0.02049
45.07	-0.02220
45.08	-0.02533
45.09	-0.02424
45.1	-0.02514
45.11	-0.02751
45.12	-0.02666
45.13	-0.02507
45.14	-0.02838
45.15	-0.02989
45.16	-0.02783
45.17	-0.02760
45.18	-0.02985
45.19	-0.03025
45.2	-0.02996
45.21	-0.03046
45.22	-0.03037
45.23	-0.03054
45.24	-0.03058
45.25	-0.03068
45.26	-0.03222
45.27	-0.03305
45.28	-0.03380
45.29	-0.03438
45.3	-0.03527
45.31	-0.03488
45.32	-0.03510
45.33	-0.03520
45.34	-0.03521
45.35	-0.03541
45.36	-0.03550
45.37	-0.03551
45.38	-0.03561
45.39	-0.03545
45.4	-0.03334
45.41	-0.03265
45.42	-0.03182
45.43	-0.03227
45.44	-0.03214
45.45	-0.03227
45.46	-0.03088
45.47	-0.02992
45.48	-0.02846
45.49	-0.02875
45.5	-0.02882
45.51	-0.02839
45.52	-0.02416
45.53	-0.02848
45.54	-0.02988
45.55	-0.02839
45.56	-0.02947
45.57	-0.02919
45.58	-0.02917
45.59	-0.02924
45.6	-0.02934
45.61	-0.02931
45.62	-0.02913
45.63	-0.02838
45.64	-0.02977
45.65	-0.02902
45.66	-0.02935
45.67	-0.02938
45.68	-0.02926
45.69	-0.02644
45.7	-0.02493
45.71	-0.02601
45.72	-0.02517
45.73	-0.02532
45.74	-0.02541
45.75	-0.02366
45.76	-0.02075
45.77	-0.02188
45.78	-0.01755
45.79	-0.01754
45.8	-0.01798
45.81	-0.01734
45.82	-0.01753
45.83	-0.01762
45.84	-0.01747
45.85	-0.01757
45.86	-0.01755
45.87	-0.01744
45.88	-0.02035
45.89	-0.02180
45.9	-0.02062
45.91	-0.02174
45.92	-0.02581
45.93	-0.02431
45.94	-0.02459
45.95	-0.02474
45.96	-0.02439
45.97	-0.02438
45.98	-0.02424
45.99	-0.02411
46	-0.02401
46.01	-0.02247
46.02	-0.01916
46.03	-0.02038
46.04	-0.01949
46.05	-0.01820
46.06	-0.01532
46.07	-0.01574
46.08	-0.01551
46.09	-0.01519
46.1	-0.01484
46.11	-0.01012
46.12	-0.01144
46.13	-0.01090
46.14	-0.01049
46.15	-0.01063
46.16	-0.01041
46.17	-0.01045
46.18	-0.01028
46.19	-0.01016
46.2	-0.01004
46.21	-0.00990
46.22	-0.00978
46.23	-0.00823
46.24	-0.00594
46.25	-0.00564
46.26	-0.00568
46.27	-0.00542
46.28	-0.00537
46.29	-0.00523
46.3	-0.00512
46.31	-0.00513
46.32	-0.00507
46.33	-0.00501
46.34	-0.00499
46.35	-0.00484
46.36	-0.00472
46.37	-0.00476
46.38	-0.00455
46.39	-0.00444
46.4	-0.00432
46.41	-0.00415
46.42	-0.00405
46.43	-0.00405
46.44	-0.00386
46.45	-0.00374
46.46	-0.00360
46.47	-0.00348
46.48	-0.00343
46.49	-0.00334
46.5	-0.00316
46.51	-0.00306
46.52	-0.00291
46.53	-0.00276
46.54	-0.00262
46.55	-0.00249
46.56	-0.00235
46.57	-0.00221
46.58	-0.00046
46.59	0.00131
46.6	0.00162
46.61	0.00216
46.62	0.00196
46.63	0.00226
46.64	0.00217
46.65	0.00232
46.66	0.00404
46.67	0.00589
46.68	0.00618
46.69	0.00638
46.7	0.00655
46.71	0.00652
46.72	0.00661
46.73	0.00675
46.74	0.00684
46.75	0.00694
46.76	0.00703
46.77	0.00714
46.78	0.00720
46.79	0.00728
46.8	0.00736
46.81	0.00727
46.82	0.00754
46.83	0.00758
46.84	0.00892
46.85	0.00776
46.86	0.00775
46.87	0.00822
46.88	0.00802
46.89	0.00828
46.9	0.00832
46.91	0.01011
46.92	0.01322
46.93	0.01168
46.94	0.01253
46.95	0.01269
46.96	0.01246
46.97	0.00869
46.98	0.00807
46.99	0.00488
47	0.00423
47.01	-0.00280
47.02	-0.00250
47.03	-0.00184
47.04	-0.00270
47.05	-0.00217
47.06	0.00077
47.07	0.00535
47.08	0.00922
47.09	0.01637
47.1	0.02102
47.11	0.02515
47.12	0.02928
47.13	0.02876
47.14	0.03021
47.15	0.02883
47.16	0.02858
47.17	0.02763
47.18	0.02455
47.19	0.02376
47.2	0.02170
47.21	0.02102
47.22	0.02139
47.23	0.02105
47.24	0.02028
47.25	0.01816
47.26	0.01117
47.27	0.00964
47.28	0.01010
47.29	0.00940
47.3	0.00954
47.31	0.01255
47.32	0.01428
47.33	0.01760
47.34	0.02077
47.35	0.02140
47.36	0.02533
47.37	0.02522
47.38	0.02479
47.39	0.02533
47.4	0.02506
47.41	0.02168
47.42	0.02092
47.43	0.01999
47.44	0.01752
47.45	0.01750
47.46	0.01189
47.47	0.01397
47.48	0.01325
47.49	0.01376
47.5	0.01747
47.51	0.01926
47.52	0.02111
47.53	0.02036
47.54	0.02078
47.55	0.02067
47.56	0.02056
47.57	0.02055
47.58	0.02055
47.59	0.02038
47.6	0.02274
47.61	0.02492
47.62	0.02511
47.63	0.02897
47.64	0.02737
47.65	0.03043
47.66	0.03208
47.67	0.03087
47.68	0.03147
47.69	0.03085
47.7	0.02998
47.71	0.02746
47.72	0.02699
47.73	0.02736
47.74	0.02679
47.75	0.02687
47.76	0.02676
47.77	0.02663
47.78	0.02655
47.79	0.02645
47.8	0.02635
47.81	0.02626
47.82	0.02615
47.83	0.02604
47.84	0.02595
47.85	0.02583
47.86	0.02573
47.87	0.02562
47.88	0.02501
47.89	0.02427
47.9	0.02161
47.91	0.02115
47.92	0.02159
47.93	0.01943
47.94	0.01641
47.95	0.01756
47.96	0.01984
47.97	0.02122
47.98	0.02009
47.99	0.02074
48	0.02047
48.01	0.02210
48.02	0.02422
48.03	0.02222
48.04	0.01982
48.05	0.02016
48.06	0.01999
48.07	0.01970
48.08	0.01988
48.09	0.01965
48.1	0.01553
48.11	0.01534
48.12	0.01326
48.13	0.01059
48.14	0.01186
48.15	0.01109
48.16	0.01107
48.17	0.01164
48.18	0.01509
48.19	0.01467
48.2	0.01444
48.21	0.01480
48.22	0.01584
48.23	0.01425
48.24	0.01452
48.25	0.01451
48.26	0.01248
48.27	0.01165
48.28	0.00989
48.29	0.01100
48.3	0.01486
48.31	0.01400
48.32	0.01852
48.33	0.01710
48.34	0.01729
48.35	0.01748
48.36	0.01716
48.37	0.01714
48.38	0.01704
48.39	0.01710
48.4	0.01694
48.41	0.01685
48.42	0.01662
48.43	0.01695
48.44	0.02129
48.45	0.01982
48.46	0.02285
48.47	0.02453
48.48	0.02303
48.49	0.02381
48.5	0.02349
48.51	0.02567
48.52	0.02791
48.53	0.02649
48.54	0.02704
48.55	0.02685
48.56	0.02543
48.57	0.02192
48.58	0.02071
48.59	0.01799
48.6	0.01668
48.61	0.01369
48.62	0.01724
48.63	0.01885
48.64	0.01741
48.65	0.01815
48.66	0.01807
48.67	0.02002
48.68	0.02175
48.69	0.02103
48.7	0.01791
48.71	0.01728
48.72	0.01771
48.73	0.01701
48.74	0.01715
48.75	0.01699
48.76	0.01695
48.77	0.01552
48.78	0.01215
48.79	0.01323
48.8	0.01273
48.81	0.01258
48.82	0.01263
48.83	0.01244
48.84	0.01245
48.85	0.01220
48.86	0.00878
48.87	0.00802
48.88	0.00856
48.89	0.00666
48.9	0.00675
48.91	0.00851
48.92	0.00721
48.93	0.00754
48.94	0.00746
48.95	0.00591
48.96	0.00260
48.97	0.00334
48.98	-0.00138
48.99	-0.00087
49	-0.00493
49.01	-0.00215
49.02	-0.00039
49.03	-0.00206
49.04	-0.00092
49.05	0.00207
49.06	0.00183
49.07	0.00221
49.08	0.00210
49.09	0.00312
49.1	0.00660
49.11	0.00539
49.12	0.00897
49.13	0.00645
49.14	0.00357
49.15	0.00156
49.16	0.00171
49.17	-0.00184
49.18	-0.00273
49.19	-0.00195
49.2	-0.00265
49.21	-0.00246
49.22	-0.00265
49.23	-0.00267
49.24	-0.00254
49.25	-0.00047
49.26	-0.00108
49.27	-0.00318
49.28	-0.00252
49.29	-0.00401
49.3	-0.00748
49.31	-0.00633
49.32	-0.01018
49.33	-0.01094
49.34	-0.01020
49.35	-0.00956
49.36	-0.00597
49.37	-0.00729
49.38	-0.00688
49.39	-0.00435
49.4	-0.00227
49.41	-0.00355
49.42	-0.00278
49.43	-0.00292
49.44	-0.00425
49.45	-0.00745
49.46	-0.00630
49.47	-0.00672
49.48	-0.00685
49.49	-0.00670
49.5	-0.00678
49.51	-0.00675
49.52	-0.00675
49.53	-0.00941
49.54	-0.01014
49.55	-0.01041
49.56	-0.01048
49.57	-0.01051
49.58	-0.01049
49.59	-0.01047
49.6	-0.01208
49.61	-0.01511
49.62	-0.01382
49.63	-0.01434
49.64	-0.01721
49.65	-0.01851
49.66	-0.01744
49.67	-0.01818
49.68	-0.01805
49.69	-0.01783
49.7	-0.01531
49.71	-0.01382
49.72	-0.01432
49.73	-0.01405
49.74	-0.01389
49.75	-0.01414
49.76	-0.01402
49.77	-0.01402
49.78	-0.01540
49.79	-0.01753
49.8	-0.01767
49.81	-0.01749
49.82	-0.01789
49.83	-0.01769
49.84	-0.01776
49.85	-0.01774
49.86	-0.01607
49.87	-0.01304
49.88	-0.01431
49.89	-0.01370
49.9	-0.01380
49.91	-0.01627
49.92	-0.01779
49.93	-0.01589
49.94	-0.01610
49.95	-0.01529
49.96	-0.01396
49.97	-0.01303
49.98	-0.01360
49.99	-0.01319
50	-0.01340
50.01	-0.01334
50.02	-0.01320
50.03	-0.01334
50.04	-0.01584
50.05	-0.01721
50.06	-0.01668
50.07	-0.01696
50.08	-0.01694
50.09	-0.01683
50.1	-0.01682
50.11	-0.01677
50.12	-0.01513
50.13	-0.01224
50.14	-0.01722
50.15	-0.01673
50.16	-0.01476
50.17	-0.01320
50.18	-0.01273
50.19	-0.01283
50.2	-0.01264
50.21	-0.01104
50.22	-0.00923
50.23	-0.01071
50.24	-0.00938
50.25	-0.00849
50.26	-0.00874
50.27	-0.00862
50.28	-0.00855
50.29	-0.00859
50.3	-0.00853
50.31	-0.00854
50.32	-0.00852
50.33	-0.00888
50.34	-0.01081
50.35	-0.01185
50.36	-0.01248
50.37	-0.01211
50.38	-0.01235
50.39	-0.01225
50.4	-0.01223
50.41	-0.01235
50.42	-0.01226
50.43	-0.01401
50.44	-0.01604
50.45	-0.01601
50.46	-0.01809
50.47	-0.02081
50.48	-0.01944
50.49	-0.02044
50.5	-0.02400
50.51	-0.02354
50.52	-0.02340
50.53	-0.02372
50.54	-0.02391
50.55	-0.02404
50.56	-0.02286
50.57	-0.02344
50.58	-0.02310
50.59	-0.02304
50.6	-0.02302
50.61	-0.02330
50.62	-0.02524
50.63	-0.02624
50.64	-0.02704
50.65	-0.02919
50.66	-0.02836
50.67	-0.02661
50.68	-0.02774
50.69	-0.02702
50.7	-0.02695
50.71	-0.02895
50.72	-0.02945
50.73	-0.02959
50.74	-0.02936
50.75	-0.02687
50.76	-0.02490
50.77	-0.02647
50.78	-0.02754
50.79	-0.02894
50.8	-0.02922
50.81	-0.02883
50.82	-0.02903
50.83	-0.02836
50.84	-0.02450
50.85	-0.02527
50.86	-0.02516
50.87	-0.02471
50.88	-0.02506
50.89	-0.02496
50.9	-0.02485
50.91	-0.02495
50.92	-0.02488
50.93	-0.02489
50.94	-0.02493
50.95	-0.02500
50.96	-0.02488
50.97	-0.02576
50.98	-0.02514
50.99	-0.02676
51	-0.02913
51.01	-0.02746
51.02	-0.02615
51.03	-0.02786
51.04	-0.02882
51.05	-0.02718
51.06	-0.02821
51.07	-0.02844
51.08	-0.02761
51.09	-0.02363
51.1	-0.02444
51.11	-0.02299
51.12	-0.01902
51.13	-0.01724
51.14	-0.01697
51.15	-0.01582
51.16	-0.01601
51.17	-0.01580
51.18	-0.01560
51.19	-0.01558
51.2	-0.01425
51.21	-0.01210
51.22	-0.01121
51.23	-0.01181
51.24	-0.01123
51.25	-0.01142
51.26	-0.01144
51.27	-0.01112
51.28	-0.00877
51.29	-0.00836
51.3	-0.00889
51.31	-0.00964
51.32	-0.01135
51.33	-0.01077
51.34	-0.01089
51.35	-0.01094
51.36	-0.01084
51.37	-0.01071
51.38	-0.01061
51.39	-0.01060
51.4	-0.01052
51.41	-0.01059
51.42	-0.01055
51.43	-0.01046
51.44	-0.01043
51.45	-0.01037
51.46	-0.01030
51.47	-0.01025
51.48	-0.01019
51.49	-0.01077
51.5	-0.01382
51.51	-0.00927
51.52	-0.01001
51.53	-0.01026
51.54	-0.00963
51.55	-0.00985
51.56	-0.00973
51.57	-0.01106
51.58	-0.01108
51.59	-0.01158
51.6	-0.01124
51.61	-0.01130
51.62	-0.00927
51.63	-0.00927
51.64	-0.00944
51.65	-0.00903
51.66	-0.00701
51.67	-0.00500
51.68	-0.00531
51.69	-0.00513
51.7	-0.00491
51.71	-0.00501
51.72	-0.00491
51.73	-0.00486
51.74	-0.00483
51.75	-0.00477
51.76	-0.00388
51.77	-0.00148
51.78	-0.00060
51.79	-0.00099
51.8	-0.00057
51.81	-0.00062
51.82	-0.00061
51.83	-0.00055
51.84	-0.00053
51.85	-0.00050
51.86	-0.00046
51.87	-0.00043
51.88	-0.00047
51.89	-0.00052
51.9	-0.00037
51.91	0.00076
51.92	0.00088
51.93	0.00071
51.94	-0.00064
51.95	0.00014
51.96	-0.00018
51.97	-0.00013
51.98	-0.00005
51.99	-0.00005
52	0.00000
52.01	0.00033
52.02	0.00489
52.03	0.00350
52.04	0.00368
52.05	0.00412
52.06	0.00385
52.07	0.00398
52.08	0.00549
52.09	0.00770
52.1	0.00786
52.11	0.00791
52.12	0.01189
52.13	0.01190
52.14	0.01147
52.15	0.01365
52.16	0.01630
52.17	0.01519
52.18	0.01579
52.19	0.01586
52.2	0.01818
52.21	0.01973
52.22	0.01913
52.23	0.01941
52.24	0.01942
52.25	0.01930
52.26	0.01934
52.27	0.01929
52.28	0.01925
52.29	0.01921
52.3	0.02071
52.31	0.02289
52.32	0.02298
52.33	0.02261
52.34	0.02222
52.35	0.02344
52.36	0.02260
52.37	0.02286
52.38	0.02279
52.39	0.02129
52.4	0.02056
52.41	0.02125
52.42	0.02295
52.43	0.02244
52.44	0.02246
52.45	0.02261
52.46	0.02097
52.47	0.02026
52.48	0.02058
52.49	0.01798
52.5	0.01870
52.51	0.01838
52.52	0.01820
52.53	0.01829
52.54	0.01952
52.55	0.01818
52.56	0.02180
52.57	0.02130
52.58	0.02199
52.59	0.02189
52.6	0.02184
52.61	0.02168
52.62	0.02166
52.63	0.02161
52.64	0.02005
52.65	0.01920
52.66	0.02117
52.67	0.02133
52.68	0.02080
52.69	0.02120
52.7	0.02382
52.71	0.02523
52.72	0.02553
52.73	0.02919
52.74	0.02786
52.75	0.03186
52.76	0.03182
52.77	0.03120
52.78	0.03164
52.79	0.03105
52.8	0.02853
52.81	0.02666
52.82	0.02460
52.83	0.02265
52.84	0.02308
52.85	0.02120
52.86	0.02178
52.87	0.02311
52.88	0.02202
52.89	0.02249
52.9	0.02234
52.91	0.02213
52.92	0.02217
52.93	0.02215
52.94	0.02200
52.95	0.02037
52.96	0.01872
52.97	0.02067
52.98	0.01826
52.99	0.01997
53	0.01833
53.01	0.02014
53.02	0.02258
53.03	0.02081
53.04	0.02170
53.05	0.02144
53.06	0.02253
53.07	0.02115
53.08	0.02113
53.09	0.02126
53.1	0.01952
53.11	0.01853
53.12	0.01832
53.13	0.02048
53.14	0.01688
53.15	0.01640
53.16	0.01756
53.17	0.01965
53.18	0.01757
53.19	0.01629
53.2	0.01743
53.21	0.01578
53.22	0.01635
53.23	0.01611
53.24	0.01601
53.25	0.01428
53.26	0.01212
53.27	0.01206
53.28	0.01208
53.29	0.01178
53.3	0.01185
53.31	0.01177
53.32	0.01173
53.33	0.01168
53.34	0.01163
53.35	0.01159
53.36	0.01363
53.37	0.01477
53.38	0.01510
53.39	0.01535
53.4	0.01515
53.41	0.01518
53.42	0.01510
53.43	0.01502
53.44	0.01497
53.45	0.01322
53.46	0.01262
53.47	0.01138
53.48	0.01055
53.49	0.01059
53.5	0.00811
53.51	0.01067
53.52	0.01083
53.53	0.01018
53.54	0.01066
53.55	0.01042
53.56	0.01037
53.57	0.00992
53.58	0.00785
53.59	0.00692
53.6	0.00628
53.61	0.00650
53.62	0.00647
53.63	0.00810
53.64	0.00538
53.65	0.00625
53.66	0.00649
53.67	0.00860
53.68	0.01009
53.69	0.00945
53.7	0.01156
53.71	0.01344
53.72	0.01338
53.73	0.01328
53.74	0.01347
53.75	0.01327
53.76	0.01059
53.77	0.00861
53.78	0.00967
53.79	0.00898
53.8	0.00905
53.81	0.00903
53.82	0.00893
53.83	0.00890
53.84	0.00883
53.85	0.00877
53.86	0.00871
53.87	0.00660
53.88	0.00463
53.89	0.00481
53.9	0.00464
53.91	0.00428
53.92	0.00250
53.93	0.00223
53.94	0.00232
53.95	0.00400
53.96	0.00399
53.97	0.00364
53.98	0.00394
53.99	0.00374
54	0.00357
54.01	0.00356
54.02	0.00418
54.03	0.00395
54.04	0.00384
54.05	0.00280
54.06	0.00023
54.07	-0.00069
54.08	-0.00039
54.09	-0.00094
54.1	-0.00086
54.11	-0.00110
54.12	-0.00118
54.13	-0.00125
54.14	-0.00360
54.15	-0.00558
54.16	-0.00523
54.17	-0.00657
54.18	-0.00696
54.19	-0.00791
54.2	-0.00661
54.21	-0.00563
54.22	-0.00646
54.23	-0.00618
54.24	-0.00633
54.25	-0.00520
54.26	-0.00188
54.27	-0.00314
54.28	-0.00278
54.29	-0.00161
54.3	-0.00163
54.31	0.00056
54.32	0.00097
54.33	0.00046
54.34	0.00073
54.35	0.00058
54.36	0.00044
54.37	0.00055
54.38	0.00042
54.39	0.00032
54.4	0.00010
54.41	0.00007
54.42	-0.00003
54.43	-0.00008
54.44	-0.00001
54.45	-0.00014
54.46	-0.00022
54.47	-0.00028
54.48	-0.00037
54.49	-0.00087
54.5	-0.00463
54.51	-0.00266
54.52	-0.00380
54.53	-0.00548
54.54	-0.00653
54.55	-0.00825
54.56	-0.00867
54.57	-0.01026
54.58	-0.01248
54.59	-0.01217
54.6	-0.01226
54.61	-0.01248
54.62	-0.01141
54.63	-0.01028
54.64	-0.01206
54.65	-0.01004
54.66	-0.00816
54.67	-0.00933
54.68	-0.00873
54.69	-0.00880
54.7	-0.00880
54.71	-0.00894
54.72	-0.00893
54.73	-0.00896
54.74	-0.00899
54.75	-0.00901
54.76	-0.00986
54.77	-0.01132
54.78	-0.01259
54.79	-0.01270
54.8	-0.01266
54.81	-0.01502
54.82	-0.01672
54.83	-0.01607
54.84	-0.01636
54.85	-0.01677
54.86	-0.01860
54.87	-0.01953
54.88	-0.02001
54.89	-0.01968
54.9	-0.02042
54.91	-0.02280
54.92	-0.02348
54.93	-0.02301
54.94	-0.02427
54.95	-0.02459
54.96	-0.02574
54.97	-0.02666
54.98	-0.02598
54.99	-0.02618
55	-0.02578
55.01	-0.02395
55.02	-0.02606
55.03	-0.02439
55.04	-0.02357
55.05	-0.02253
55.06	-0.02387
55.07	-0.02211
55.08	-0.02240
55.09	-0.02252
55.1	-0.02259
55.11	-0.02085
55.12	-0.02100
55.13	-0.02097
55.14	-0.02062
55.15	-0.02061
55.16	-0.01859
55.17	-0.01656
55.18	-0.01689
55.19	-0.01661
55.2	-0.01622
55.21	-0.01410
55.22	-0.01260
55.23	-0.01286
55.24	-0.01257
55.25	-0.01243
55.26	-0.01238
55.27	-0.01048
55.28	-0.01242
55.29	-0.01026
55.3	-0.01030
55.31	-0.01056
55.32	-0.01015
55.33	-0.01021
55.34	-0.01011
55.35	-0.01004
55.36	-0.00997
55.37	-0.00991
55.38	-0.00874
55.39	-0.00765
55.4	-0.00819
55.41	-0.00777
55.42	-0.00778
55.43	-0.00773
55.44	-0.00765
55.45	-0.00760
55.46	-0.00754
55.47	-0.00747
55.48	-0.00738
55.49	-0.00733
55.5	-0.00726
55.51	-0.00720
55.52	-0.00711
55.53	-0.00427
55.54	-0.00575
55.55	-0.00474
55.56	-0.00395
55.57	-0.00352
55.58	-0.00450
55.59	-0.00437
55.6	-0.00316
55.61	-0.00347
55.62	-0.00373
55.63	-0.00392
55.64	-0.00338
55.65	-0.00678
55.66	-0.00625
55.67	-0.00603
55.68	-0.00638
55.69	-0.00610
55.7	-0.00606
55.71	-0.00596
55.72	-0.00422
55.73	-0.00425
55.74	-0.00256
55.75	-0.00334
55.76	-0.00228
55.77	-0.00267
55.78	-0.00253
55.79	-0.00274
55.8	-0.00463
55.81	-0.00520
55.82	-0.00463
55.83	-0.00552
55.84	-0.00498
55.85	-0.00508
55.86	-0.00498
55.87	-0.00486
55.88	-0.00414
55.89	-0.00457
55.9	-0.00296
55.91	-0.00124
55.92	-0.00182
55.93	-0.00156
55.94	-0.00141
55.95	-0.00147
55.96	-0.00263
55.97	-0.00318
55.98	-0.00426
55.99	-0.00392
56	-0.00439
56.01	-0.00417
56.02	-0.00350
56.03	-0.00386
56.04	-0.00353
56.05	-0.00350
56.06	-0.00343
56.07	-0.00333
56.08	-0.00325
56.09	-0.00307
56.1	-0.00145
56.11	-0.00090
56.12	-0.00003
56.13	-0.00028
56.14	-0.00003
56.15	-0.00001
56.16	0.00002
56.17	0.00176
56.18	0.00340
56.19	0.00246
56.2	0.00305
56.21	0.00298
56.22	0.00295
56.23	0.00295
56.24	0.00300
56.25	0.00302
56.26	0.00303
56.27	0.00306
56.28	0.00307
56.29	0.00304
56.3	0.00314
56.31	0.00311
56.32	0.00314
56.33	0.00316
56.34	0.00318
56.35	0.00326
56.36	0.00388
56.37	0.00455
56.38	0.00536
56.39	0.00541
56.4	0.00498
56.41	0.00523
56.42	0.00503
56.43	0.00409
56.44	0.00546
56.45	0.00510
56.46	0.00427
56.47	0.00451
56.48	0.00448
56.49	0.00517
56.5	0.00343
56.51	0.00313
56.52	0.00500
56.53	0.00318
56.54	0.00296
56.55	0.00332
56.56	0.00301
56.57	0.00313
56.58	0.00314
56.59	0.00313
56.6	0.00311
56.61	0.00310
56.62	0.00310
56.63	0.00313
56.64	0.00313
56.65	0.00314
56.66	0.00315
56.67	0.00313
56.68	0.00317
56.69	0.00311
56.7	0.00260
56.71	0.00171
56.72	0.00108
56.73	0.00094
56.74	0.00112
56.75	0.00105
56.76	0.00113
56.77	0.00117
56.78	0.00124
56.79	0.00136
56.8	0.00139
56.81	0.00170
56.82	0.00285
56.83	0.00339
56.84	0.00383
56.85	0.00363
56.86	0.00380
56.87	0.00374
56.88	0.00371
56.89	0.00380
56.9	0.00373
56.91	0.00378
56.92	0.00371
56.93	0.00373
56.94	0.00374
56.95	0.00373
56.96	0.00373
56.97	0.00375
56.98	0.00371
56.99	0.00358
57	0.00199
57.01	0.00417
57.02	0.00360
57.03	0.00342
57.04	0.00412
57.05	0.00412
57.06	0.00458
57.07	0.00445
57.08	0.00419
57.09	0.00494
57.1	0.00529
57.11	0.00530
57.12	0.00558
57.13	0.00640
57.14	0.00683
57.15	0.00698
57.16	0.00696
57.17	0.00863
57.18	0.00830
57.19	0.00811
57.2	0.00901
57.21	0.00967
57.22	0.00956
57.23	0.00944
57.24	0.00935
57.25	0.00917
57.26	0.00901
57.27	0.00888
57.28	0.00873
57.29	0.00860
57.3	0.00839
57.31	0.00834
57.32	0.00816
57.33	0.00803
57.34	0.00747
57.35	0.00681
57.36	0.00696
57.37	0.00700
57.38	0.00633
57.39	0.00593
57.4	0.00563
57.41	0.00555
57.42	0.00538
57.43	0.00458
57.44	0.00431
57.45	0.00413
57.46	0.00428
57.47	0.00364
57.48	0.00341
57.49	0.00359
57.5	0.00334
57.51	0.00328
57.52	0.00325
57.53	0.00316
57.54	0.00308
57.55	0.00295
57.56	0.00259
57.57	0.00273
57.58	0.00290
57.59	0.00231
57.6	0.00234
57.61	0.00204
57.62	0.00244
57.63	0.00217
57.64	0.00108
57.65	0.00115
57.66	0.00107
57.67	0.00077
57.68	0.00038
57.69	0.00024
57.7	0.00032
57.71	0.00026
57.72	0.00026
57.73	0.00030
57.74	0.00026
57.75	0.00030
57.76	0.00028
57.77	0.00029
57.78	0.00026
57.79	0.00025
57.8	0.00025
57.81	0.00026
57.82	0.00025
57.83	0.00021
57.84	0.00022
57.85	0.00021
57.86	0.00021
57.87	0.00021
57.88	0.00020
57.89	0.00020
57.9	0.00019
57.91	0.00019
57.92	0.00017
57.93	0.00017
57.94	0.00017
57.95	0.00015
57.96	-0.00003
57.97	0.00004
57.98	0.00000
57.99	0.00004
58	-0.00033
58.01	-0.00012
58.02	0.00021
58.03	0.00007
58.04	-0.00007
58.05	0.00002
58.06	-0.00011
58.07	0.00001
58.08	0.00009
58.09	-0.00006
58.1	-0.00002
58.11	0.00012
58.12	0.00005
58.13	0.00022
58.14	0.00022
58.15	0.00031
58.16	0.00046
58.17	0.00040
58.18	0.00060
58.19	0.00053
58.2	0.00069
58.21	0.00061
58.22	0.00059
58.23	0.00057
58.24	0.00053
58.25	0.00057
58.26	0.00051
58.27	0.00049
58.28	0.00034
58.29	0.00038
58.3	0.00050
58.31	0.00041
58.32	0.00052
58.33	0.00045
58.34	0.00042
58.35	0.00039
58.36	0.00042
58.37	0.00044
58.38	0.00030
58.39	0.00031
58.4	0.00028
58.41	0.00025
58.42	0.00025
58.43	0.00028
58.44	0.00025
58.45	0.00019
58.46	0.00017
58.47	0.00011
58.48	0.00010
58.49	0.00005
58.5	0.00000
58.51	-0.00002
58.52	-0.00006
58.53	-0.00010
58.54	-0.00012
58.55	-0.00016
58.56	-0.00019
58.57	-0.00016
58.58	-0.00020
58.59	-0.00021
58.6	-0.00025
58.61	-0.00025
58.62	-0.00029
58.63	-0.00029
58.64	-0.00030
58.65	-0.00038
58.66	-0.00042
58.67	-0.00048
58.68	-0.00048
58.69	-0.00050
58.7	-0.00055
58.71	-0.00057
58.72	-0.00060
58.73	-0.00062
58.74	-0.00063
58.75	-0.00066
58.76	-0.00067
58.77	-0.00069
58.78	-0.00071
58.79	-0.00072
58.8	-0.00073
58.81	-0.00073
58.82	-0.00075
58.83	-0.00075
58.84	-0.00076
58.85	-0.00075
58.86	-0.00076
58.87	-0.00075
58.88	-0.00077
58.89	-0.00076
58.9	-0.00076
58.91	-0.00077
58.92	-0.00076
58.93	-0.00076
58.94	-0.00075
58.95	-0.00076
58.96	-0.00078
58.97	-0.00078
58.98	-0.00077
58.99	-0.00079
59	-0.00079
59.01	-0.00079
59.02	-0.00078
59.03	-0.00078
59.04	-0.00078
59.05	-0.00078
59.06	-0.00077
59.07	-0.00078
59.08	-0.00077
59.09	-0.00077
59.1	-0.00074
59.11	-0.00072
59.12	-0.00072
59.13	-0.00072
59.14	-0.00071
59.15	-0.00070
59.16	-0.00070
59.17	-0.00070
59.18	-0.00070
59.19	-0.00069
59.2	-0.00068
59.21	-0.00068
59.22	-0.00068
59.23	-0.00068
59.24	-0.00067
59.25	-0.00067
59.26	-0.00066
59.27	-0.00066
59.28	-0.00065
59.29	-0.00065
59.3	-0.00065
59.31	-0.00065
59.32	-0.00064
59.33	-0.00063
59.34	-0.00063
59.35	-0.00063
59.36	-0.00061
59.37	-0.00061
59.38	-0.00062
59.39	-0.00060
59.4	-0.00059
59.41	-0.00059
59.42	-0.00059
59.43	-0.00059
59.44	-0.00058
59.45	-0.00058
59.46	-0.00058
59.47	-0.00057
59.48	-0.00058
59.49	-0.00057
59.5	-0.00056
59.51	-0.00056
59.52	-0.00057
59.53	-0.00056
59.54	-0.00056
59.55	-0.00055
59.56	-0.00055
59.57	-0.00055
59.58	-0.00054
59.59	-0.00055
59.6	-0.00055
59.61	-0.00053
59.62	-0.00054
59.63	-0.00053
59.64	-0.00054
59.65	-0.00053
59.66	-0.00053
59.67	-0.00052
59.68	-0.00052
59.69	-0.00052
59.7	-0.00052
59.71	-0.00051
59.72	-0.00052
59.73	-0.00050
59.74	-0.00051
59.75	-0.00050
59.76	-0.00051
59.77	-0.00050
59.78	-0.00050
59.79	-0.00049
59.8	-0.00049
59.81	-0.00049
59.82	-0.00049
59.83	-0.00048
59.84	-0.00049
59.85	-0.00048
59.86	-0.00047
59.87	-0.00047
59.88	-0.00047
59.89	-0.00045
59.9	-0.00047
59.91	-0.00045
59.92	-0.00045
59.93	-0.00044
59.94	-0.00044
59.95	-0.00044
59.96	-0.00043
59.97	-0.00044
59.98	-0.00033
