t(s)	a(g)
0	0.00000
0.01	0.00000
0.02	0.00000
0.03	0.00000
0.04	-0.00009
0.05	-0.00009
0.06	-0.00007
0.07	-0.00007
0.08	-0.00007
0.09	-0.00007
0.1	-0.00007
0.11	-0.00007
0.12	-0.00007
0.13	-0.00007
0.14	-0.00007
0.15	-0.00007
0.16	-0.00007
0.17	-0.00007
0.18	-0.00007
0.19	-0.00006
0.2	-0.00006
0.21	-0.00006
0.22	-0.00006
0.23	-0.00006
0.24	-0.00006
0.25	-0.00004
0.26	-0.00004
0.27	-0.00004
0.28	-0.00004
0.29	-0.00004
0.3	-0.00003
0.31	-0.00001
0.32	-0.00003
0.33	-0.00001
0.34	-0.00001
0.35	0.00001
0.36	0.00001
0.37	0.00000
0.38	-0.00001
0.39	-0.00003
0.4	-0.00001
0.41	-0.00003
0.42	-0.00001
0.43	0.00000
0.44	0.00003
0.45	0.00005
0.46	0.00001
0.47	0.00003
0.48	-0.00003
0.49	-0.00010
0.5	-0.00005
0.51	-0.00003
0.52	-0.00001
0.53	0.00005
0.54	0.00018
0.55	0.00012
0.56	0.00003
0.57	-0.00006
0.58	-0.00021
0.59	-0.00026
0.6	-0.00008
0.61	0.00008
0.62	0.00023
0.63	0.00032
0.64	0.00031
0.65	0.00020
0.66	0.00017
0.67	0.00009
0.68	-0.00009
0.69	-0.00015
0.7	-0.00016
0.71	-0.00016
0.72	0.00035
0.73	0.00050
0.74	0.00040
0.75	0.00007
0.76	-0.00009
0.77	-0.00026
0.78	-0.00022
0.79	-0.00028
0.8	-0.00007
0.81	-0.00004
0.82	-0.00036
0.83	-0.00043
0.84	0.00037
0.85	0.00110
0.86	0.00110
0.87	0.00105
0.88	0.00063
0.89	-0.00113
0.9	-0.00241
0.91	-0.00216
0.92	-0.00122
0.93	-0.00015
0.94	0.00100
0.95	0.00183
0.96	0.00221
0.97	0.00177
0.98	0.00107
0.99	0.00015
1	-0.00096
1.01	-0.00157
1.02	-0.00148
1.03	-0.00158
1.04	-0.00025
1.05	-0.00020
1.06	-0.00049
1.07	0.00138
1.08	0.00055
1.09	-0.00034
1.1	-0.00036
1.11	0.00020
1.12	-0.00021
1.13	0.00042
1.14	0.00047
1.15	-0.00099
1.16	0.00101
1.17	0.00257
1.18	0.00280
1.19	0.00340
1.2	0.00238
1.21	0.00106
1.22	-0.00122
1.23	-0.00165
1.24	-0.00273
1.25	-0.00207
1.26	-0.00144
1.27	-0.00227
1.28	-0.00178
1.29	-0.00047
1.3	0.00103
1.31	0.00243
1.32	0.00298
1.33	0.00144
1.34	-0.00046
1.35	-0.00426
1.36	-0.00379
1.37	-0.00092
1.38	-0.00200
1.39	-0.00089
1.4	0.00009
1.41	0.00181
1.42	0.00432
1.43	0.00637
1.44	0.00423
1.45	-0.00025
1.46	-0.00572
1.47	-0.00521
1.48	-0.00328
1.49	0.00211
1.5	0.00431
1.51	-0.00177
1.52	-0.00359
1.53	0.00020
1.54	0.00528
1.55	0.00505
1.56	0.00107
1.57	0.00109
1.58	-0.00116
1.59	-0.00241
1.6	-0.00283
1.61	-0.00486
1.62	-0.00656
1.63	-0.00626
1.64	-0.00645
1.65	-0.00260
1.66	-0.00026
1.67	0.00027
1.68	0.00618
1.69	0.00947
1.7	0.00525
1.71	-0.00014
1.72	-0.00490
1.73	-0.01120
1.74	-0.00531
1.75	0.00030
1.76	-0.00198
1.77	0.00409
1.78	0.00307
1.79	-0.01135
1.8	-0.01681
1.81	-0.00651
1.82	0.01032
1.83	0.01191
1.84	0.00912
1.85	0.00373
1.86	-0.01093
1.87	-0.01073
1.88	-0.00480
1.89	-0.00884
1.9	0.00233
1.91	0.01323
1.92	0.01379
1.93	0.00821
1.94	0.00297
1.95	0.00184
1.96	-0.00548
1.97	-0.01025
1.98	-0.00701
1.99	0.00399
2	0.00848
2.01	0.00747
2.02	0.00556
2.03	0.00171
2.04	-0.01306
2.05	-0.01860
2.06	0.01007
2.07	0.01000
2.08	0.01344
2.09	0.00904
2.1	0.00239
2.11	-0.01246
2.12	-0.02680
2.13	-0.01855
2.14	-0.00541
2.15	0.00787
2.16	0.02284
2.17	0.02110
2.18	0.00873
2.19	0.01565
2.2	0.00158
2.21	-0.02694
2.22	-0.04403
2.23	-0.03819
2.24	-0.02964
2.25	-0.01432
2.26	0.01052
2.27	0.01923
2.28	0.01554
2.29	0.02334
2.3	0.03008
2.31	0.01633
2.32	0.01411
2.33	0.02097
2.34	0.02145
2.35	0.00464
2.36	-0.01192
2.37	-0.01218
2.38	-0.02525
2.39	-0.02219
2.4	-0.02272
2.41	-0.01468
2.42	-0.00482
2.43	0.00888
2.44	0.01443
2.45	0.01817
2.46	0.03794
2.47	0.04327
2.48	0.03552
2.49	0.02625
2.5	0.00823
2.51	-0.00612
2.52	-0.01824
2.53	-0.00898
2.54	-0.00784
2.55	-0.01286
2.56	-0.02454
2.57	-0.03219
2.58	-0.02295
2.59	0.00145
2.6	0.03053
2.61	0.04415
2.62	0.04225
2.63	0.03050
2.64	0.00524
2.65	-0.00919
2.66	-0.01364
2.67	-0.01285
2.68	-0.00742
2.69	-0.00659
2.7	-0.00157
2.71	0.00331
2.72	-0.00958
2.73	-0.01876
2.74	-0.02703
2.75	-0.01706
2.76	0.00310
2.77	0.02115
2.78	0.01986
2.79	0.01509
2.8	0.02593
2.81	0.01416
2.82	-0.01143
2.83	0.01120
2.84	0.05096
2.85	0.04966
2.86	0.02051
2.87	0.01657
2.88	0.00329
2.89	0.00318
2.9	0.00686
2.91	0.01963
2.92	0.02784
2.93	0.02364
2.94	0.02026
2.95	0.00899
2.96	0.00481
2.97	0.00492
2.98	0.00400
2.99	0.00133
3	-0.02048
3.01	-0.02980
3.02	-0.02809
3.03	-0.03730
3.04	-0.02150
3.05	-0.01148
3.06	-0.00075
3.07	0.00618
3.08	0.03254
3.09	0.01742
3.1	-0.00077
3.11	-0.00016
3.12	-0.01795
3.13	0.00080
3.14	0.00368
3.15	0.00233
3.16	0.00403
3.17	0.00357
3.18	-0.00533
3.19	-0.01068
3.2	-0.00261
3.21	0.00935
3.22	0.00877
3.23	0.01092
3.24	0.01893
3.25	0.01869
3.26	0.01445
3.27	0.00110
3.28	0.00626
3.29	0.00164
3.3	-0.01431
3.31	-0.01538
3.32	-0.00147
3.33	0.01151
3.34	0.00223
3.35	-0.00065
3.36	-0.00881
3.37	-0.02648
3.38	-0.01351
3.39	0.01278
3.4	0.01812
3.41	0.02661
3.42	0.02489
3.43	0.01667
3.44	-0.00999
3.45	-0.02588
3.46	-0.02849
3.47	-0.01697
3.48	-0.01143
3.49	-0.01978
3.5	-0.00168
3.51	-0.00547
3.52	-0.01402
3.53	-0.02270
3.54	-0.02366
3.55	-0.02440
3.56	-0.03404
3.57	-0.03698
3.58	-0.01429
3.59	-0.00564
3.6	-0.01469
3.61	-0.00796
3.62	0.01709
3.63	0.03771
3.64	0.01410
3.65	0.01723
3.66	0.01483
3.67	-0.02950
3.68	-0.04237
3.69	-0.00514
3.7	0.00463
3.71	0.00422
3.72	-0.01364
3.73	-0.04137
3.74	-0.07755
3.75	-0.09004
3.76	-0.06533
3.77	-0.01729
3.78	0.02148
3.79	0.07077
3.8	0.07048
3.81	0.02579
3.82	-0.01799
3.83	-0.06159
3.84	-0.06544
3.85	-0.04102
3.86	-0.01519
3.87	0.01011
3.88	0.03845
3.89	0.03979
3.9	0.01686
3.91	0.00291
3.92	-0.01820
3.93	-0.00200
3.94	0.02414
3.95	0.04151
3.96	0.03174
3.97	0.02106
3.98	0.00115
3.99	-0.01533
4	-0.03302
4.01	-0.04285
4.02	-0.02202
4.03	0.01533
4.04	0.01708
4.05	-0.02214
4.06	-0.03810
4.07	-0.04535
4.08	-0.02511
4.09	-0.00685
4.1	0.01646
4.11	0.02329
4.12	0.02043
4.13	0.00376
4.14	-0.02266
4.15	-0.03754
4.16	-0.05174
4.17	-0.05350
4.18	-0.03425
4.19	-0.00698
4.2	0.02084
4.21	0.02230
4.22	0.01672
4.23	0.02128
4.24	0.01055
4.25	-0.01473
4.26	-0.00820
4.27	0.00085
4.28	0.02034
4.29	0.01960
4.3	-0.01917
4.31	-0.03521
4.32	-0.02823
4.33	-0.02615
4.34	-0.02085
4.35	-0.01206
4.36	-0.00016
4.37	0.01436
4.38	0.02200
4.39	0.01525
4.4	-0.00119
4.41	-0.02755
4.42	-0.02854
4.43	-0.00014
4.44	0.02549
4.45	0.03821
4.46	0.02578
4.47	0.01695
4.48	0.00537
4.49	-0.02521
4.5	-0.05392
4.51	-0.05070
4.52	-0.00511
4.53	0.02443
4.54	0.02755
4.55	0.03387
4.56	0.04908
4.57	0.04221
4.58	0.05276
4.59	0.05983
4.6	0.03057
4.61	-0.01151
4.62	-0.01336
4.63	-0.00260
4.64	0.00797
4.65	0.03446
4.66	0.04449
4.67	0.02830
4.68	0.02064
4.69	-0.00452
4.7	-0.03652
4.71	-0.02338
4.72	0.00547
4.73	0.01395
4.74	0.02397
4.75	0.01897
4.76	-0.00874
4.77	-0.02190
4.78	-0.03254
4.79	-0.04916
4.8	-0.04608
4.81	-0.02113
4.82	0.01018
4.83	0.03124
4.84	0.06587
4.85	0.06474
4.86	0.03016
4.87	0.00966
4.88	0.00034
4.89	-0.01481
4.9	-0.01975
4.91	-0.01520
4.92	0.00392
4.93	0.00007
4.94	-0.01152
4.95	-0.03455
4.96	-0.05384
4.97	-0.04303
4.98	0.03004
4.99	0.07609
5	0.06562
5.01	0.04216
5.02	-0.01734
5.03	-0.05493
5.04	-0.03254
5.05	-0.02470
5.06	-0.01801
5.07	-0.01567
5.08	0.01667
5.09	0.03670
5.1	0.02236
5.11	0.01867
5.12	0.00298
5.13	-0.00378
5.14	-0.00734
5.15	-0.02002
5.16	0.00130
5.17	-0.01573
5.18	-0.04958
5.19	-0.07376
5.2	-0.09546
5.21	-0.07354
5.22	-0.04644
5.23	-0.01779
5.24	-0.00358
5.25	0.01399
5.26	0.05078
5.27	0.09544
5.28	0.10929
5.29	0.11663
5.3	0.11712
5.31	0.11678
5.32	0.09252
5.33	0.03905
5.34	0.00100
5.35	-0.02370
5.36	-0.06080
5.37	-0.04680
5.38	-0.03103
5.39	-0.02929
5.4	0.01153
5.41	0.03404
5.42	0.04385
5.43	0.04846
5.44	0.04702
5.45	0.01415
5.46	-0.02656
5.47	-0.06165
5.48	-0.06047
5.49	-0.05722
5.5	-0.04615
5.51	-0.01158
5.52	0.01487
5.53	0.03205
5.54	0.02211
5.55	-0.02878
5.56	-0.05706
5.57	-0.04446
5.58	-0.02993
5.59	-0.00715
5.6	0.03516
5.61	0.07208
5.62	0.05441
5.63	0.03084
5.64	0.03349
5.65	0.00874
5.66	-0.05072
5.67	-0.07714
5.68	-0.07734
5.69	-0.12157
5.7	-0.11792
5.71	-0.06007
5.72	-0.01283
5.73	0.00673
5.74	-0.00347
5.75	-0.03057
5.76	-0.06633
5.77	-0.07606
5.78	-0.02918
5.79	-0.02049
5.8	-0.00368
5.81	0.01315
5.82	0.00674
5.83	0.00323
5.84	0.01424
5.85	-0.01089
5.86	-0.01320
5.87	0.02385
5.88	0.02758
5.89	0.03437
5.9	0.02832
5.91	0.02686
5.92	0.03244
5.93	-0.01017
5.94	-0.03023
5.95	0.00448
5.96	0.03733
5.97	0.05682
5.98	0.06394
5.99	0.07431
6	0.05644
6.01	-0.00720
6.02	-0.01373
6.03	-0.02631
6.04	-0.06602
6.05	-0.11574
6.06	-0.11301
6.07	-0.08002
6.08	-0.03383
6.09	-0.01032
6.1	0.01891
6.11	0.02806
6.12	0.01728
6.13	-0.00630
6.14	-0.02920
6.15	-0.00761
6.16	0.01433
6.17	0.01932
6.18	0.02826
6.19	0.05259
6.2	0.05242
6.21	0.03579
6.22	0.00732
6.23	-0.03190
6.24	-0.03569
6.25	-0.03770
6.26	-0.04010
6.27	-0.01590
6.28	0.04165
6.29	0.10156
6.3	0.11768
6.31	0.08675
6.32	0.01720
6.33	-0.04621
6.34	-0.07037
6.35	-0.07138
6.36	-0.03413
6.37	-0.00382
6.38	0.01073
6.39	0.04498
6.4	0.05329
6.41	0.04593
6.42	0.02280
6.43	-0.01514
6.44	-0.01132
6.45	0.03147
6.46	0.03687
6.47	-0.00027
6.48	0.01653
6.49	0.04724
6.5	0.01509
6.51	0.02957
6.52	0.07567
6.53	0.05876
6.54	-0.00102
6.55	-0.04655
6.56	-0.07052
6.57	-0.03502
6.58	-0.00929
6.59	-0.02000
6.6	-0.00009
6.61	0.01904
6.62	0.01466
6.63	0.00929
6.64	0.01897
6.65	0.03753
6.66	0.04764
6.67	0.03717
6.68	0.04113
6.69	0.02829
6.7	-0.00235
6.71	0.02773
6.72	0.02186
6.73	0.01929
6.74	0.04087
6.75	0.02348
6.76	-0.04019
6.77	-0.10317
6.78	-0.14271
6.79	-0.11417
6.8	-0.06396
6.81	-0.01752
6.82	0.02986
6.83	0.08566
6.84	0.09696
6.85	0.05436
6.86	0.00593
6.87	-0.03077
6.88	-0.06252
6.89	-0.04047
6.9	-0.02112
6.91	0.00008
6.92	-0.00193
6.93	-0.02516
6.94	-0.03147
6.95	-0.03392
6.96	-0.02454
6.97	-0.04492
6.98	-0.01860
6.99	0.02713
7	0.03978
7.01	0.04012
7.02	0.05880
7.03	0.04752
7.04	0.02602
7.05	-0.00653
7.06	-0.06199
7.07	-0.06175
7.08	-0.02081
7.09	-0.00293
7.1	0.02558
7.11	0.05723
7.12	0.04499
7.13	0.03538
7.14	0.01654
7.15	0.01197
7.16	0.04122
7.17	0.05579
7.18	0.04286
7.19	0.01216
7.2	-0.01840
7.21	-0.05194
7.22	-0.07097
7.23	-0.06115
7.24	-0.03128
7.25	-0.00242
7.26	0.05402
7.27	0.09479
7.28	0.05161
7.29	0.00567
7.3	0.01167
7.31	0.00887
7.32	-0.02862
7.33	-0.05051
7.34	-0.03913
7.35	-0.01831
7.36	0.00253
7.37	0.03172
7.38	0.02928
7.39	0.01318
7.4	-0.00429
7.41	0.00236
7.42	0.03650
7.43	0.02955
7.44	0.05195
7.45	0.05954
7.46	0.02503
7.47	0.02720
7.48	0.01819
7.49	-0.00341
7.5	-0.00202
7.51	0.02405
7.52	0.06261
7.53	0.05566
7.54	0.03261
7.55	0.03874
7.56	0.01721
7.57	-0.01814
7.58	-0.03313
7.59	-0.03082
7.6	-0.04702
7.61	-0.03954
7.62	-0.00306
7.63	0.00216
7.64	-0.02543
7.65	0.00468
7.66	0.03892
7.67	0.01861
7.68	0.00414
7.69	-0.02647
7.7	-0.06931
7.71	-0.07728
7.72	-0.06246
7.73	-0.06064
7.74	-0.06745
7.75	-0.05663
7.76	-0.06183
7.77	-0.08490
7.78	-0.10480
7.79	-0.07420
7.8	0.00251
7.81	0.06090
7.82	0.08154
7.83	0.10455
7.84	0.07710
7.85	0.04560
7.86	0.01646
7.87	0.00271
7.88	0.01296
7.89	-0.00129
7.9	0.02200
7.91	0.05968
7.92	0.07449
7.93	0.08913
7.94	0.06258
7.95	0.03229
7.96	0.00688
7.97	-0.03651
7.98	-0.08036
7.99	-0.08721
8	-0.05850
8.01	-0.02775
8.02	-0.00330
8.03	-0.00258
8.04	-0.02780
8.05	-0.06723
8.06	-0.10288
8.07	-0.13200
8.08	-0.10330
8.09	-0.06671
8.1	-0.03542
8.11	0.00160
8.12	0.03979
8.13	0.03243
8.14	0.01257
8.15	0.02753
8.16	0.04344
8.17	0.08674
8.18	0.16423
8.19	0.17376
8.2	0.16051
8.21	0.14265
8.22	0.08715
8.23	0.03854
8.24	0.03452
8.25	0.03378
8.26	0.00668
8.27	-0.00007
8.28	0.01716
8.29	0.02416
8.3	0.01608
8.31	0.03975
8.32	0.06117
8.33	0.02587
8.34	-0.00605
8.35	-0.01154
8.36	-0.02201
8.37	-0.03797
8.38	-0.08173
8.39	-0.06006
8.4	-0.03809
8.41	-0.02981
8.42	-0.00437
8.43	-0.00560
8.44	-0.02689
8.45	0.00570
8.46	0.02668
8.47	0.01791
8.48	0.00515
8.49	-0.02043
8.5	-0.04197
8.51	-0.06443
8.52	-0.03316
8.53	-0.01490
8.54	-0.01947
8.55	-0.03093
8.56	-0.06724
8.57	-0.09715
8.58	-0.10416
8.59	-0.07229
8.6	-0.02050
8.61	0.01402
8.62	-0.00111
8.63	-0.03937
8.64	-0.05313
8.65	-0.07872
8.66	-0.07285
8.67	-0.00988
8.68	0.01892
8.69	-0.00886
8.7	-0.00355
8.71	-0.01837
8.72	-0.06948
8.73	-0.08465
8.74	-0.07574
8.75	-0.08121
8.76	-0.06997
8.77	-0.00408
8.78	0.07984
8.79	0.14992
8.8	0.18434
8.81	0.18939
8.82	0.14165
8.83	0.05849
8.84	-0.04151
8.85	-0.08833
8.86	-0.03396
8.87	0.03594
8.88	0.04467
8.89	0.02703
8.9	-0.00740
8.91	-0.04928
8.92	-0.10412
8.93	-0.13979
8.94	-0.15959
8.95	-0.10160
8.96	0.00168
8.97	0.07930
8.98	0.11083
8.99	0.09818
9	0.11129
9.01	0.12035
9.02	0.08918
9.03	0.05417
9.04	-0.02116
9.05	-0.10464
9.06	-0.13756
9.07	-0.13775
9.08	-0.10084
9.09	-0.04791
9.1	0.00972
9.11	0.08948
9.12	0.15042
9.13	0.18860
9.14	0.16028
9.15	0.10796
9.16	0.05104
9.17	-0.04985
9.18	-0.12997
9.19	-0.17648
9.2	-0.13276
9.21	-0.01680
9.22	0.05078
9.23	0.08551
9.24	0.06459
9.25	-0.01372
9.26	-0.06538
9.27	-0.09884
9.28	-0.09253
9.29	-0.06058
9.3	-0.05476
9.31	-0.04016
9.32	-0.00734
9.33	-0.00685
9.34	-0.05992
9.35	-0.08783
9.36	-0.10845
9.37	-0.09963
9.38	-0.05966
9.39	-0.00678
9.4	0.06016
9.41	0.07142
9.42	0.05789
9.43	0.03211
9.44	-0.02840
9.45	-0.08830
9.46	-0.09776
9.47	-0.09274
9.48	-0.09223
9.49	-0.01026
9.5	0.12643
9.51	0.13755
9.52	0.10513
9.53	0.05029
9.54	0.01464
9.55	-0.01748
9.56	-0.01694
9.57	-0.00599
9.58	-0.03903
9.59	-0.06216
9.6	-0.01959
9.61	0.04868
9.62	0.14248
9.63	0.18368
9.64	0.15035
9.65	0.08612
9.66	0.03755
9.67	0.01591
9.68	0.01967
9.69	0.09292
9.7	0.15909
9.71	0.18466
9.72	0.13616
9.73	0.04075
9.74	-0.00200
9.75	-0.08351
9.76	-0.14494
9.77	-0.12410
9.78	-0.08362
9.79	-0.10787
9.8	-0.12999
9.81	-0.09964
9.82	-0.08275
9.83	-0.03869
9.84	0.01180
9.85	0.05135
9.86	0.08745
9.87	0.07914
9.88	0.04498
9.89	0.02484
9.9	0.00463
9.91	0.00490
9.92	0.03150
9.93	0.03029
9.94	0.05755
9.95	0.10554
9.96	0.11522
9.97	0.09150
9.98	0.05789
9.99	-0.00241
10	-0.08420
10.01	-0.08974
10.02	-0.10386
10.03	-0.08507
10.04	-0.03420
10.05	-0.02575
10.06	-0.02382
10.07	-0.07096
10.08	-0.07460
10.09	-0.05710
10.1	-0.00805
10.11	0.07502
10.12	0.04678
10.13	-0.02479
10.14	-0.07302
10.15	-0.10904
10.16	-0.10385
10.17	-0.06814
10.18	-0.03355
10.19	-0.04102
10.2	-0.01427
10.21	0.01630
10.22	-0.06655
10.23	-0.13458
10.24	-0.14578
10.25	-0.21431
10.26	-0.24147
10.27	-0.13560
10.28	0.06892
10.29	0.17664
10.3	0.19908
10.31	0.15316
10.32	0.03314
10.33	-0.09803
10.34	-0.17172
10.35	-0.12874
10.36	-0.09723
10.37	-0.07709
10.38	-0.01633
10.39	0.04263
10.4	0.04661
10.41	0.04472
10.42	0.04092
10.43	0.03195
10.44	0.01508
10.45	0.03555
10.46	0.09998
10.47	0.18989
10.48	0.21175
10.49	0.17945
10.5	0.14705
10.51	0.07839
10.52	-0.02749
10.53	-0.10891
10.54	-0.11148
10.55	-0.05045
10.56	-0.05744
10.57	-0.07191
10.58	-0.04585
10.59	-0.00399
10.6	0.00520
10.61	0.00784
10.62	0.01172
10.63	0.02392
10.64	0.02428
10.65	0.03717
10.66	0.05148
10.67	-0.00690
10.68	-0.04926
10.69	-0.06259
10.7	-0.05266
10.71	0.01624
10.72	0.06493
10.73	0.07839
10.74	0.13051
10.75	0.16894
10.76	0.16233
10.77	0.13820
10.78	0.04608
10.79	-0.06428
10.8	-0.09843
10.81	-0.14193
10.82	-0.13756
10.83	-0.05892
10.84	0.05862
10.85	0.09370
10.86	0.04062
10.87	0.01130
10.88	-0.06421
10.89	-0.15515
10.9	-0.19169
10.91	-0.21196
10.92	-0.20356
10.93	-0.12945
10.94	-0.05364
10.95	0.05166
10.96	0.11587
10.97	0.12588
10.98	0.15504
10.99	0.07556
11	-0.02231
11.01	-0.10165
11.02	-0.12228
11.03	-0.00834
11.04	0.16434
11.05	0.28152
11.06	0.23544
11.07	0.15788
11.08	0.07477
11.09	-0.01982
11.1	-0.10546
11.11	-0.08370
11.12	-0.06870
11.13	-0.06788
11.14	-0.02678
11.15	-0.04328
11.16	-0.09492
11.17	-0.11202
11.18	-0.08956
11.19	-0.04288
11.2	-0.01102
11.21	0.05480
11.22	0.16543
11.23	0.18333
11.24	0.17095
11.25	0.11991
11.26	0.02923
11.27	-0.02890
11.28	-0.04648
11.29	-0.04554
11.3	-0.03515
11.31	-0.02942
11.32	-0.01798
11.33	-0.01442
11.34	-0.01860
11.35	-0.01584
11.36	-0.01091
11.37	0.01620
11.38	0.04093
11.39	0.01495
11.4	-0.01130
11.41	0.02728
11.42	0.09793
11.43	0.13252
11.44	0.11510
11.45	0.05229
11.46	-0.00544
11.47	-0.04465
11.48	0.00805
11.49	0.07027
11.5	0.10697
11.51	0.19417
11.52	0.22484
11.53	0.18026
11.54	0.06192
11.55	-0.04609
11.56	-0.07109
11.57	-0.05002
11.58	-0.00534
11.59	0.00392
11.6	0.02117
11.61	-0.02461
11.62	-0.07046
11.63	-0.04931
11.64	-0.01571
11.65	-0.02482
11.66	-0.04519
11.67	0.01582
11.68	0.08449
11.69	0.09578
11.7	0.10517
11.71	0.06473
11.72	-0.01051
11.73	-0.05737
11.74	-0.04874
11.75	-0.04276
11.76	-0.03242
11.77	0.00956
11.78	0.02795
11.79	0.00413
11.8	-0.01229
11.81	0.00211
11.82	0.02368
11.83	0.02390
11.84	-0.02507
11.85	-0.09840
11.86	-0.16638
11.87	-0.20337
11.88	-0.21135
11.89	-0.20110
11.9	-0.19832
11.91	-0.16146
11.92	-0.07934
11.93	0.02140
11.94	0.13535
11.95	0.17788
11.96	0.12243
11.97	0.13653
11.98	0.18914
11.99	0.23152
12	0.26320
12.01	0.25972
12.02	0.19268
12.03	0.09690
12.04	0.02405
12.05	-0.07720
12.06	-0.15651
12.07	-0.17197
12.08	-0.14466
12.09	-0.13604
12.1	-0.12335
12.11	-0.07872
12.12	-0.08766
12.13	-0.15171
12.14	-0.17515
12.15	-0.11349
12.16	-0.06123
12.17	-0.00103
12.18	0.08941
12.19	0.13951
12.2	0.10484
12.21	0.02753
12.22	-0.05957
12.23	-0.13909
12.24	-0.15855
12.25	-0.16355
12.26	-0.14746
12.27	-0.10576
12.28	-0.08825
12.29	-0.10506
12.3	-0.11834
12.31	-0.12674
12.32	-0.09172
12.33	-0.02064
12.34	0.01336
12.35	-0.02498
12.36	-0.04086
12.37	-0.08507
12.38	-0.15820
12.39	-0.14668
12.4	-0.12008
12.41	-0.11695
12.42	-0.12872
12.43	-0.06270
12.44	0.05991
12.45	0.15442
12.46	0.19664
12.47	0.20400
12.48	0.15984
12.49	0.11800
12.5	0.04832
12.51	-0.03540
12.52	-0.07078
12.53	-0.09118
12.54	-0.10120
12.55	-0.07043
12.56	0.01842
12.57	0.14544
12.58	0.26207
12.59	0.28889
12.6	0.27405
12.61	0.20495
12.62	0.14586
12.63	0.09196
12.64	0.03782
12.65	0.01784
12.66	0.04198
12.67	0.06271
12.68	0.07886
12.69	0.09223
12.7	0.01404
12.71	-0.09344
12.72	-0.16172
12.73	-0.19539
12.74	-0.21486
12.75	-0.17364
12.76	-0.09228
12.77	-0.01624
12.78	0.04330
12.79	0.07829
12.8	0.06295
12.81	0.01368
12.82	-0.05197
12.83	-0.12275
12.84	-0.17976
12.85	-0.19690
12.86	-0.19036
12.87	-0.18344
12.88	-0.12340
12.89	-0.06342
12.9	-0.07571
12.91	-0.07964
12.92	-0.04513
12.93	0.01607
12.94	0.07036
12.95	0.06354
12.96	0.04332
12.97	0.02130
12.98	-0.00549
12.99	-0.01472
13	0.01149
13.01	0.06364
13.02	0.14906
13.03	0.26198
13.04	0.29985
13.05	0.27039
13.06	0.20059
13.07	0.12214
13.08	0.07836
13.09	0.04122
13.1	0.04553
13.11	0.07125
13.12	0.09895
13.13	0.14598
13.14	0.16698
13.15	0.16444
13.16	0.14170
13.17	0.12257
13.18	0.08955
13.19	0.02663
13.2	-0.01640
13.21	-0.00076
13.22	0.02201
13.23	0.03813
13.24	0.05438
13.25	0.04517
13.26	0.00550
13.27	-0.05583
13.28	-0.08573
13.29	-0.08997
13.3	-0.08524
13.31	-0.08187
13.32	-0.04210
13.33	0.02194
13.34	0.09758
13.35	0.18754
13.36	0.27946
13.37	0.34612
13.38	0.30973
13.39	0.24319
13.4	0.19166
13.41	0.13363
13.42	0.05401
13.43	0.00418
13.44	-0.00294
13.45	-0.00786
13.46	-0.02700
13.47	-0.04979
13.48	-0.08134
13.49	-0.15759
13.5	-0.26460
13.51	-0.31461
13.52	-0.31555
13.53	-0.29255
13.54	-0.22216
13.55	-0.16586
13.56	-0.15936
13.57	-0.17283
13.58	-0.19580
13.59	-0.22964
13.6	-0.17458
13.61	-0.14386
13.62	-0.10672
13.63	-0.08730
13.64	-0.06276
13.65	-0.01811
13.66	0.00681
13.67	0.02121
13.68	0.07363
13.69	0.08500
13.7	0.08708
13.71	0.10259
13.72	0.13136
13.73	0.15314
13.74	0.12443
13.75	0.06270
13.76	0.00990
13.77	0.00140
13.78	0.01065
13.79	0.02336
13.8	0.02753
13.81	-0.00860
13.82	-0.04396
13.83	-0.03317
13.84	-0.01879
13.85	0.03508
13.86	0.11551
13.87	0.14102
13.88	0.12059
13.89	0.07264
13.9	-0.02768
13.91	-0.10257
13.92	-0.12205
13.93	-0.03693
13.94	0.03304
13.95	0.13887
13.96	0.20791
13.97	0.23636
13.98	0.19490
13.99	0.10117
14	-0.00357
14.01	-0.07421
14.02	-0.11084
14.03	-0.13613
14.04	-0.16433
14.05	-0.19315
14.06	-0.17892
14.07	-0.15722
14.08	-0.15713
14.09	-0.14219
14.1	-0.09550
14.11	-0.06285
14.12	-0.06628
14.13	-0.06547
14.14	-0.08414
14.15	-0.11400
14.16	-0.10970
14.17	-0.08062
14.18	-0.06069
14.19	-0.03443
14.2	0.02798
14.21	0.11260
14.22	0.18077
14.23	0.21488
14.24	0.20007
14.25	0.12305
14.26	0.05787
14.27	0.01780
14.28	-0.01152
14.29	-0.01759
14.3	-0.00832
14.31	0.02181
14.32	0.05456
14.33	0.01512
14.34	-0.06509
14.35	-0.10312
14.36	-0.13152
14.37	-0.19358
14.38	-0.22764
14.39	-0.20293
14.4	-0.17304
14.41	-0.15026
14.42	-0.11003
14.43	-0.06972
14.44	-0.04493
14.45	-0.03719
14.46	-0.02734
14.47	-0.01583
14.48	0.04536
14.49	0.10901
14.5	0.16601
14.51	0.19370
14.52	0.16736
14.53	0.12928
14.54	0.06421
14.55	-0.02291
14.56	-0.10425
14.57	-0.10264
14.58	-0.06555
14.59	-0.01893
14.6	0.03641
14.61	0.08981
14.62	0.12870
14.63	0.12402
14.64	0.06573
14.65	0.03060
14.66	0.03723
14.67	0.06591
14.68	0.12538
14.69	0.16947
14.7	0.17878
14.71	0.15404
14.72	0.12091
14.73	0.08469
14.74	0.02294
14.75	-0.02449
14.76	-0.04609
14.77	-0.03868
14.78	-0.01134
14.79	0.04864
14.8	0.10922
14.81	0.14940
14.82	0.16166
14.83	0.13580
14.84	0.08424
14.85	0.02495
14.86	0.00371
14.87	0.01516
14.88	0.03925
14.89	0.04763
14.9	0.04016
14.91	0.02710
14.92	0.02333
14.93	0.02462
14.94	0.01590
14.95	0.00048
14.96	0.00227
14.97	-0.00719
14.98	-0.03987
14.99	-0.06986
15	-0.09178
15.01	-0.08571
15.02	-0.07377
15.03	-0.04698
15.04	-0.01135
15.05	0.01567
15.06	0.03555
15.07	0.03603
15.08	0.01247
15.09	-0.01175
15.1	-0.03106
15.11	-0.04487
15.12	-0.07129
15.13	-0.09253
15.14	-0.11385
15.15	-0.12488
15.16	-0.11033
15.17	-0.08193
15.18	-0.02487
15.19	0.00032
15.2	0.01126
15.21	-0.00755
15.22	-0.04861
15.23	-0.08115
15.24	-0.10820
15.25	-0.12573
15.26	-0.10886
15.27	-0.06668
15.28	-0.02893
15.29	0.00275
15.3	0.00875
15.31	-0.04028
15.32	-0.06331
15.33	-0.07188
15.34	-0.08578
15.35	-0.07534
15.36	-0.05127
15.37	-0.01714
15.38	0.00123
15.39	-0.01164
15.4	-0.03006
15.41	-0.04698
15.42	-0.06943
15.43	-0.06946
15.44	-0.05723
15.45	-0.03337
15.46	0.00819
15.47	0.02333
15.48	-0.00314
15.49	-0.03537
15.5	-0.07406
15.51	-0.08966
15.52	-0.09841
15.53	-0.10862
15.54	-0.12819
15.55	-0.13243
15.56	-0.12160
15.57	-0.07660
15.58	-0.03462
15.59	-0.03585
15.6	-0.05525
15.61	-0.06279
15.62	-0.05089
15.63	-0.04116
15.64	-0.02299
15.65	0.01787
15.66	0.06733
15.67	0.09363
15.68	0.09886
15.69	0.07642
15.7	0.04488
15.71	0.00932
15.72	-0.00277
15.73	0.04150
15.74	0.07430
15.75	0.09776
15.76	0.11793
15.77	0.12204
15.78	0.09804
15.79	0.09251
15.8	0.11325
15.81	0.14222
15.82	0.14160
15.83	0.14488
15.84	0.15285
15.85	0.14375
15.86	0.12146
15.87	0.09286
15.88	0.07320
15.89	0.06336
15.9	0.06851
15.91	0.07480
15.92	0.08674
15.93	0.10585
15.94	0.11169
15.95	0.10710
15.96	0.10351
15.97	0.09513
15.98	0.08659
15.99	0.08160
16	0.04900
16.01	-0.00195
16.02	-0.04370
16.03	-0.05558
16.04	-0.04297
16.05	-0.01024
16.06	0.01854
16.07	0.02652
16.08	0.00840
16.09	-0.01413
16.1	-0.05245
16.11	-0.08474
16.12	-0.09775
16.13	-0.10592
16.14	-0.11707
16.15	-0.11753
16.16	-0.08239
16.17	-0.07685
16.18	-0.07655
16.19	-0.05966
16.2	-0.05818
16.21	-0.05932
16.22	-0.06994
16.23	-0.08630
16.24	-0.10105
16.25	-0.10171
16.26	-0.06684
16.27	-0.03293
16.28	-0.03267
16.29	-0.04849
16.3	-0.06609
16.31	-0.06848
16.32	-0.05528
16.33	-0.01304
16.34	0.02137
16.35	0.02400
16.36	0.01874
16.37	0.02101
16.38	0.01114
16.39	-0.02087
16.4	-0.03721
16.41	-0.02232
16.42	-0.00327
16.43	-0.01117
16.44	0.00020
16.45	0.02346
16.46	0.03144
16.47	0.02565
16.48	0.02504
16.49	0.03152
16.5	0.05192
16.51	0.03677
16.52	0.01297
16.53	0.00141
16.54	-0.00452
16.55	-0.03149
16.56	-0.06695
16.57	-0.09348
16.58	-0.09418
16.59	-0.09033
16.6	-0.07590
16.61	-0.06600
16.62	-0.05206
16.63	-0.05274
16.64	-0.06796
16.65	-0.08156
16.66	-0.08520
16.67	-0.09933
16.68	-0.10110
16.69	-0.11330
16.7	-0.12503
16.71	-0.13125
16.72	-0.13801
16.73	-0.12291
16.74	-0.09984
16.75	-0.07540
16.76	-0.06570
16.77	-0.06075
16.78	-0.06410
16.79	-0.05879
16.8	-0.06258
16.81	-0.07030
16.82	-0.09326
16.83	-0.09374
16.84	-0.07289
16.85	-0.03479
16.86	0.00056
16.87	0.02485
16.88	0.02503
16.89	0.02193
16.9	0.04075
16.91	0.04851
16.92	0.05928
16.93	0.06273
16.94	0.05636
16.95	0.04688
16.96	0.05335
16.97	0.07768
16.98	0.10715
16.99	0.13290
17	0.14471
17.01	0.14051
17.02	0.11404
17.03	0.09892
17.04	0.09853
17.05	0.10931
17.06	0.13428
17.07	0.14713
17.08	0.12744
17.09	0.09753
17.1	0.06863
17.11	0.07851
17.12	0.10530
17.13	0.12385
17.14	0.12677
17.15	0.10485
17.16	0.07813
17.17	0.05164
17.18	0.03989
17.19	0.04112
17.2	0.04168
17.21	0.04815
17.22	0.05360
17.23	0.04741
17.24	0.03298
17.25	0.01285
17.26	0.00463
17.27	-0.00335
17.28	-0.02716
17.29	-0.04799
17.3	-0.05226
17.31	-0.05713
17.32	-0.06365
17.33	-0.04475
17.34	-0.00177
17.35	0.01618
17.36	0.02673
17.37	0.02550
17.38	0.03391
17.39	0.03089
17.4	0.02507
17.41	0.02875
17.42	0.00403
17.43	-0.01967
17.44	-0.02229
17.45	-0.01350
17.46	-0.01046
17.47	-0.01980
17.48	-0.00738
17.49	0.00066
17.5	-0.00390
17.51	-0.00809
17.52	-0.00490
17.53	-0.01405
17.54	-0.02835
17.55	-0.03219
17.56	-0.02416
17.57	-0.03554
17.58	-0.04548
17.59	-0.05322
17.6	-0.06995
17.61	-0.08937
17.62	-0.09431
17.63	-0.08974
17.64	-0.07706
17.65	-0.06035
17.66	-0.02354
17.67	0.00625
17.68	0.02396
17.69	0.02410
17.7	0.02206
17.71	0.02334
17.72	0.00701
17.73	-0.01252
17.74	-0.00861
17.75	-0.00776
17.76	-0.01249
17.77	0.00936
17.78	0.03282
17.79	0.04310
17.8	0.04630
17.81	0.05122
17.82	0.04511
17.83	0.04524
17.84	0.05776
17.85	0.05779
17.86	0.06369
17.87	0.06713
17.88	0.04900
17.89	0.02782
17.9	0.03501
17.91	0.05329
17.92	0.07587
17.93	0.09916
17.94	0.12594
17.95	0.13507
17.96	0.13627
17.97	0.12048
17.98	0.08096
17.99	0.05612
18	0.04641
18.01	0.05830
18.02	0.07836
18.03	0.09362
18.04	0.10851
18.05	0.10522
18.06	0.08798
18.07	0.08028
18.08	0.05446
18.09	0.02757
18.1	0.01177
18.11	-0.00268
18.12	0.00058
18.13	0.01720
18.14	0.03345
18.15	0.04195
18.16	0.02939
18.17	0.01189
18.18	0.00806
18.19	0.00580
18.2	-0.00483
18.21	-0.01569
18.22	-0.00948
18.23	-0.02044
18.24	-0.03310
18.25	-0.04455
18.26	-0.04927
18.27	-0.05105
18.28	-0.03769
18.29	-0.04058
18.3	-0.04548
18.31	-0.05650
18.32	-0.07496
18.33	-0.09760
18.34	-0.11607
18.35	-0.12273
18.36	-0.11795
18.37	-0.10291
18.38	-0.08574
18.39	-0.06050
18.4	-0.04176
18.41	-0.03212
18.42	-0.02024
18.43	-0.02726
18.44	-0.04245
18.45	-0.06086
18.46	-0.07329
18.47	-0.07949
18.48	-0.09301
18.49	-0.07607
18.5	-0.05247
18.51	-0.02693
18.52	-0.00834
18.53	0.01518
18.54	0.03875
18.55	0.04840
18.56	0.05697
18.57	0.07216
18.58	0.08107
18.59	0.06850
18.6	0.06936
18.61	0.08414
18.62	0.10755
18.63	0.11505
18.64	0.12105
18.65	0.10898
18.66	0.08974
18.67	0.07159
18.68	0.05086
18.69	0.04330
18.7	0.04609
18.71	0.06441
18.72	0.09319
18.73	0.11965
18.74	0.10931
18.75	0.07909
18.76	0.05057
18.77	0.02876
18.78	0.00856
18.79	0.00929
18.8	0.01518
18.81	0.02022
18.82	0.02688
18.83	0.02220
18.84	0.01507
18.85	0.00176
18.86	-0.00982
18.87	-0.01840
18.88	-0.03424
18.89	-0.04534
18.9	-0.04953
18.91	-0.06007
18.92	-0.06465
18.93	-0.07645
18.94	-0.07855
18.95	-0.08143
18.96	-0.07772
18.97	-0.07725
18.98	-0.08347
18.99	-0.08715
19	-0.10391
19.01	-0.12112
19.02	-0.12049
19.03	-0.11387
19.04	-0.10535
19.05	-0.09986
19.06	-0.08875
19.07	-0.07959
19.08	-0.08085
19.09	-0.08704
19.1	-0.09852
19.11	-0.11296
19.12	-0.11989
19.13	-0.10810
19.14	-0.09671
19.15	-0.08354
19.16	-0.06910
19.17	-0.06268
19.18	-0.06378
19.19	-0.06989
19.2	-0.08106
19.21	-0.08721
19.22	-0.07978
19.23	-0.06053
19.24	-0.04880
19.25	-0.05133
19.26	-0.06477
19.27	-0.07060
19.28	-0.07248
19.29	-0.06267
19.3	-0.05463
19.31	-0.03382
19.32	-0.02409
19.33	-0.01826
19.34	-0.02590
19.35	-0.03616
19.36	-0.04968
19.37	-0.04425
19.38	-0.04291
19.39	-0.03065
19.4	-0.02355
19.41	-0.02127
19.42	-0.02285
19.43	-0.01494
19.44	0.00125
19.45	0.01455
19.46	0.03266
19.47	0.04427
19.48	0.05128
19.49	0.05288
19.5	0.05153
19.51	0.04396
19.52	0.04734
19.53	0.05350
19.54	0.05940
19.55	0.06304
19.56	0.07497
19.57	0.08075
19.58	0.07925
19.59	0.08154
19.6	0.08662
19.61	0.08421
19.62	0.08226
19.63	0.07958
19.64	0.06855
19.65	0.06580
19.66	0.05747
19.67	0.04654
19.68	0.04353
19.69	0.03528
19.7	0.02934
19.71	0.01926
19.72	0.01517
19.73	0.01328
19.74	0.01875
19.75	0.02085
19.76	0.02176
19.77	0.02200
19.78	0.02326
19.79	0.01984
19.8	0.01417
19.81	0.00110
19.82	-0.00674
19.83	-0.02263
19.84	-0.03327
19.85	-0.04351
19.86	-0.04059
19.87	-0.03778
19.88	-0.03004
19.89	-0.02409
19.9	-0.02230
19.91	-0.02977
19.92	-0.03133
19.93	-0.04465
19.94	-0.05269
19.95	-0.05485
19.96	-0.04082
19.97	-0.02891
19.98	-0.01553
19.99	-0.00984
20	-0.01515
20.01	-0.03115
20.02	-0.04159
20.03	-0.03807
20.04	-0.02395
20.05	0.00056
20.06	0.03264
20.07	0.05753
20.08	0.07547
20.09	0.07823
20.1	0.06971
20.11	0.05611
20.12	0.04983
20.13	0.05920
20.14	0.06769
20.15	0.09636
20.16	0.11088
20.17	0.13778
20.18	0.14551
20.19	0.14723
20.2	0.13445
20.21	0.12908
20.22	0.12747
20.23	0.12717
20.24	0.12556
20.25	0.12475
20.26	0.12242
20.27	0.11527
20.28	0.10108
20.29	0.09207
20.3	0.08073
20.31	0.06935
20.32	0.06257
20.33	0.06559
20.34	0.05964
20.35	0.05680
20.36	0.05320
20.37	0.04558
20.38	0.03371
20.39	0.01697
20.4	0.01470
20.41	0.01720
20.42	0.01300
20.43	0.00023
20.44	-0.00943
20.45	-0.00914
20.46	-0.00773
20.47	-0.00848
20.48	-0.00554
20.49	-0.00186
20.5	-0.00537
20.51	-0.00717
20.52	-0.01699
20.53	-0.01822
20.54	-0.02514
20.55	-0.03825
20.56	-0.05419
20.57	-0.06691
20.58	-0.07596
20.59	-0.08730
20.6	-0.09112
20.61	-0.08610
20.62	-0.08200
20.63	-0.07407
20.64	-0.06167
20.65	-0.04258
20.66	-0.03860
20.67	-0.04133
20.68	-0.04264
20.69	-0.04769
20.7	-0.05440
20.71	-0.04905
20.72	-0.04792
20.73	-0.04727
20.74	-0.04959
20.75	-0.04340
20.76	-0.04010
20.77	-0.02322
20.78	-0.01502
20.79	-0.00355
20.8	-0.00351
20.81	-0.00974
20.82	-0.01855
20.83	-0.02654
20.84	-0.02656
20.85	-0.02394
20.86	-0.01806
20.87	-0.01043
20.88	-0.01029
20.89	-0.01570
20.9	-0.01122
20.91	-0.01516
20.92	-0.00939
20.93	-0.00431
20.94	0.00356
20.95	0.01104
20.96	0.00873
20.97	0.01514
20.98	0.01002
20.99	-0.00399
21	-0.00847
21.01	-0.00560
21.02	-0.00785
21.03	-0.00865
21.04	-0.00610
21.05	-0.00051
21.06	-0.00380
21.07	-0.00369
21.08	-0.00131
21.09	-0.01156
21.1	-0.01031
21.11	-0.01663
21.12	-0.01689
21.13	-0.01671
21.14	-0.01652
21.15	-0.02740
21.16	-0.03867
21.17	-0.04618
21.18	-0.05340
21.19	-0.04917
21.2	-0.04321
21.21	-0.03860
21.22	-0.03605
21.23	-0.03625
21.24	-0.03786
21.25	-0.04678
21.26	-0.04903
21.27	-0.05094
21.28	-0.05207
21.29	-0.04222
21.3	-0.03705
21.31	-0.02927
21.32	-0.02099
21.33	-0.01411
21.34	-0.00539
21.35	-0.00090
21.36	0.00679
21.37	0.00432
21.38	0.00458
21.39	-0.00239
21.4	0.00208
21.41	0.00100
21.42	0.00229
21.43	0.00322
21.44	0.00415
21.45	0.00512
21.46	0.01516
21.47	0.01725
21.48	0.02178
21.49	0.02156
21.5	0.02345
21.51	0.02310
21.52	0.01943
21.53	0.01680
21.54	0.00971
21.55	0.00797
21.56	0.00590
21.57	0.00219
21.58	0.00643
21.59	0.00387
21.6	-0.00439
21.61	-0.00890
21.62	-0.00906
21.63	-0.00218
21.64	0.00343
21.65	0.01734
21.66	0.02259
21.67	0.02496
21.68	0.02418
21.69	0.01996
21.7	0.00554
21.71	-0.01239
21.72	-0.02516
21.73	-0.02202
21.74	-0.01823
21.75	-0.01178
21.76	-0.00128
21.77	0.00108
21.78	0.00035
21.79	-0.00416
21.8	-0.00846
21.81	-0.00728
21.82	-0.00893
21.83	-0.00921
21.84	-0.01047
21.85	-0.00863
21.86	-0.00999
21.87	-0.00933
21.88	-0.00909
21.89	-0.00912
21.9	-0.01547
21.91	-0.01716
21.92	-0.02417
21.93	-0.02590
21.94	-0.01921
21.95	-0.01069
21.96	-0.00150
21.97	0.01502
21.98	0.02724
21.99	0.02983
22	0.02755
22.01	0.01303
22.02	-0.00929
22.03	-0.01202
22.04	-0.01280
22.05	-0.00106
22.06	0.00945
22.07	0.01774
22.08	0.01668
22.09	0.01309
22.1	0.00310
22.11	-0.01366
22.12	-0.02066
22.13	-0.03036
22.14	-0.02856
22.15	-0.02495
22.16	-0.01694
22.17	-0.00233
22.18	0.00187
22.19	0.00067
22.2	-0.00640
22.21	-0.00708
22.22	-0.00632
22.23	-0.00251
22.24	0.00362
22.25	0.00980
22.26	0.01728
22.27	0.02366
22.28	0.02199
22.29	0.02278
22.3	0.01883
22.31	0.02054
22.32	0.01996
22.33	0.02404
22.34	0.02177
22.35	0.02682
22.36	0.02436
22.37	0.01565
22.38	0.00611
22.39	-0.00329
22.4	-0.00868
22.41	-0.00834
22.42	-0.00878
22.43	-0.00144
22.44	-0.00456
22.45	-0.00409
22.46	-0.01211
22.47	-0.00956
22.48	-0.01457
22.49	-0.00946
22.5	-0.00846
22.51	-0.01033
22.52	-0.01354
22.53	-0.00840
22.54	-0.01031
22.55	-0.00578
22.56	-0.00406
22.57	-0.00567
22.58	-0.00505
22.59	-0.00615
22.6	-0.00498
22.61	0.00322
22.62	0.00590
22.63	0.00324
22.64	0.00108
22.65	-0.00691
22.66	-0.01454
22.67	-0.01580
22.68	-0.00763
22.69	0.00021
22.7	0.00830
22.71	0.00953
22.72	0.00181
22.73	-0.00400
22.74	-0.01610
22.75	-0.02519
22.76	-0.03345
22.77	-0.03899
22.78	-0.03258
22.79	-0.01960
22.8	-0.01259
22.81	-0.00148
22.82	0.00411
22.83	0.00728
22.84	0.01003
22.85	0.00309
22.86	-0.01046
22.87	-0.01531
22.88	-0.02201
22.89	-0.01741
22.9	-0.01994
22.91	-0.02196
22.92	-0.02239
22.93	-0.03074
22.94	-0.03203
22.95	-0.02765
22.96	-0.02546
22.97	-0.02618
22.98	-0.03084
22.99	-0.03601
23	-0.03474
23.01	-0.03127
23.02	-0.02744
23.03	-0.02055
23.04	-0.01442
23.05	-0.01208
23.06	-0.00768
23.07	-0.00831
23.08	-0.00744
23.09	-0.00695
23.1	-0.00627
23.11	-0.00300
23.12	-0.00817
23.13	-0.00491
23.14	-0.00619
23.15	-0.00533
23.16	-0.00516
23.17	-0.00045
23.18	0.00710
23.19	0.01325
23.2	0.02142
23.21	0.02821
23.22	0.03021
23.23	0.02308
23.24	0.01805
23.25	0.01183
23.26	0.01175
23.27	0.00242
23.28	-0.00088
23.29	0.00098
23.3	-0.00112
23.31	-0.00902
23.32	-0.01211
23.33	-0.00550
23.34	-0.00328
23.35	0.00424
23.36	0.00270
23.37	-0.00343
23.38	-0.00033
23.39	-0.00515
23.4	0.00148
23.41	0.00454
23.42	0.00890
23.43	0.00816
23.44	0.01381
23.45	0.01662
23.46	0.01695
23.47	0.01380
23.48	0.01168
23.49	0.01401
23.5	0.00851
23.51	-0.00130
23.52	-0.00619
23.53	-0.01389
23.54	-0.01360
23.55	-0.00414
23.56	0.00069
23.57	0.00904
23.58	0.01164
23.59	0.00698
23.6	0.00392
23.61	0.00356
23.62	0.00875
23.63	0.01088
23.64	0.01533
23.65	0.01483
23.66	0.02170
23.67	0.02326
23.68	0.02431
23.69	0.03397
23.7	0.03778
23.71	0.03692
23.72	0.04689
23.73	0.04936
23.74	0.05250
23.75	0.05201
23.76	0.05305
23.77	0.05812
23.78	0.06505
23.79	0.06576
23.8	0.06635
23.81	0.06789
23.82	0.07194
23.83	0.07313
23.84	0.07685
23.85	0.07181
23.86	0.07367
23.87	0.07282
23.88	0.06998
23.89	0.06432
23.9	0.05846
23.91	0.05078
23.92	0.04464
23.93	0.04295
23.94	0.03588
23.95	0.03850
23.96	0.03629
23.97	0.04200
23.98	0.04275
23.99	0.03325
24	0.02882
24.01	0.02110
24.02	0.02675
24.03	0.02726
24.04	0.02631
24.05	0.02246
24.06	0.02770
24.07	0.02614
24.08	0.02916
24.09	0.03165
24.1	0.03010
24.11	0.03045
24.12	0.03026
24.13	0.03731
24.14	0.03375
24.15	0.03489
24.16	0.03402
24.17	0.02702
24.18	0.02663
24.19	0.02596
24.2	0.01884
24.21	0.01758
24.22	0.00774
24.23	-0.00318
24.24	-0.00355
24.25	-0.00746
24.26	-0.00511
24.27	-0.00317
24.28	0.00049
24.29	-0.00214
24.3	-0.00099
24.31	-0.00230
24.32	-0.00260
24.33	-0.01184
24.34	-0.01714
24.35	-0.01812
24.36	-0.02696
24.37	-0.01899
24.38	-0.01578
24.39	-0.01300
24.4	-0.00709
24.41	-0.00868
24.42	-0.00462
24.43	-0.00016
24.44	0.00534
24.45	-0.00005
24.46	-0.00395
24.47	0.00475
24.48	0.00311
24.49	0.00765
24.5	0.00192
24.51	0.00149
24.52	0.00144
24.53	0.00031
24.54	0.00036
24.55	-0.00021
24.56	-0.00031
24.57	-0.00082
24.58	-0.00048
24.59	0.00675
24.6	0.00370
24.61	0.00495
24.62	0.00426
24.63	-0.00311
24.64	-0.00879
24.65	-0.02173
24.66	-0.02578
24.67	-0.03941
24.68	-0.03648
24.69	-0.04597
24.7	-0.04260
24.71	-0.03987
24.72	-0.03735
24.73	-0.03110
24.74	-0.02515
24.75	-0.02074
24.76	-0.01808
24.77	-0.01896
24.78	-0.01802
24.79	-0.01883
24.8	-0.02680
24.81	-0.02434
24.82	-0.02537
24.83	-0.01840
24.84	-0.02382
24.85	-0.02786
24.86	-0.03700
24.87	-0.03965
24.88	-0.03743
24.89	-0.02456
24.9	-0.02034
24.91	-0.02159
24.92	-0.01947
24.93	-0.02041
24.94	-0.02021
24.95	-0.02067
24.96	-0.02181
24.97	-0.01957
24.98	-0.02077
24.99	-0.01984
25	-0.02009
25.01	-0.01992
25.02	-0.01454
25.03	-0.01320
25.04	-0.02139
25.05	-0.01923
25.06	-0.02828
25.07	-0.02443
25.08	-0.02638
25.09	-0.02286
25.1	-0.01767
25.11	-0.01980
25.12	-0.00903
25.13	-0.00708
25.14	0.00175
25.15	0.00120
25.16	0.00218
25.17	-0.00570
25.18	-0.01104
25.19	-0.01759
25.2	-0.02062
25.21	-0.02430
25.22	-0.02278
25.23	-0.02381
25.24	-0.01677
25.25	-0.01694
25.26	-0.01005
25.27	-0.00928
25.28	-0.00954
25.29	-0.00326
25.3	-0.00193
25.31	0.00119
25.32	0.00601
25.33	0.00374
25.34	0.00572
25.35	-0.00324
25.36	-0.00801
25.37	-0.00906
25.38	-0.01594
25.39	-0.01407
25.4	-0.02332
25.41	-0.01792
25.42	-0.01284
25.43	-0.00826
25.44	-0.00046
25.45	-0.00059
25.46	0.00041
25.47	0.00063
25.48	-0.00858
25.49	-0.01273
25.5	-0.01072
25.51	-0.01042
25.52	-0.00140
25.53	0.00189
25.54	0.00113
25.55	0.00014
25.56	-0.00698
25.57	-0.01175
25.58	-0.01759
25.59	-0.02393
25.6	-0.02250
25.61	-0.02329
25.62	-0.02318
25.63	-0.02200
25.64	-0.01400
25.65	-0.01672
25.66	-0.02262
25.67	-0.02103
25.68	-0.02802
25.69	-0.02064
25.7	-0.02005
25.71	-0.01143
25.72	-0.00625
25.73	-0.00730
25.74	-0.00684
25.75	-0.01556
25.76	-0.01954
25.77	-0.02544
25.78	-0.02397
25.79	-0.02463
25.8	-0.02428
25.81	-0.02352
25.82	-0.01702
25.83	-0.01672
25.84	-0.01638
25.85	-0.01522
25.86	-0.01537
25.87	-0.01437
25.88	-0.00689
25.89	-0.00867
25.9	-0.00713
25.91	-0.00680
25.92	-0.00661
25.93	-0.00703
25.94	-0.01520
25.95	-0.01067
25.96	-0.01920
25.97	-0.01794
25.98	-0.01783
25.99	-0.01828
26	-0.01730
26.01	-0.00743
26.02	0.00245
26.03	0.01410
26.04	0.01649
26.05	0.01692
26.06	0.01776
26.07	0.00881
26.08	0.01345
26.09	0.01089
26.1	0.00290
26.11	0.00731
26.12	0.00509
26.13	0.00593
26.14	0.00860
26.15	0.00945
26.16	0.01401
26.17	0.01264
26.18	0.01332
26.19	0.01380
26.2	0.01383
26.21	0.01370
26.22	0.00466
26.23	0.00896
26.24	0.00283
26.25	0.00993
26.26	0.01812
26.27	0.02596
26.28	0.03215
26.29	0.03449
26.3	0.03419
26.31	0.03473
26.32	0.02498
26.33	0.02069
26.34	0.01963
26.35	0.01252
26.36	0.01055
26.37	0.00679
26.38	0.00830
26.39	0.00683
26.4	0.00743
26.41	0.00989
26.42	0.01552
26.43	0.01985
26.44	0.02000
26.45	0.02014
26.46	0.02013
26.47	0.01307
26.48	0.01408
26.49	0.01340
26.5	0.00625
26.51	0.00668
26.52	0.00657
26.53	0.00529
26.54	0.00637
26.55	0.01325
26.56	0.01101
26.57	0.01201
26.58	0.00569
26.59	0.00547
26.6	0.00528
26.61	0.00444
26.62	0.00466
26.63	0.00420
26.64	0.00436
26.65	0.00345
26.66	-0.00480
26.67	-0.01162
26.68	-0.02444
26.69	-0.03191
26.7	-0.03863
26.71	-0.04539
26.72	-0.04289
26.73	-0.04431
26.74	-0.03542
26.75	-0.03884
26.76	-0.02808
26.77	-0.02580
26.78	-0.02546
26.79	-0.02125
26.8	-0.01754
26.81	-0.01989
26.82	-0.01705
26.83	-0.01033
26.84	-0.01365
26.85	-0.00392
26.86	-0.00005
26.87	0.00002
26.88	0.00475
26.89	0.00676
26.9	0.00543
26.91	0.00608
26.92	-0.00236
26.93	-0.00169
26.94	-0.01051
26.95	-0.00864
26.96	-0.01736
26.97	-0.00528
26.98	-0.01217
26.99	-0.00896
27	-0.01037
27.01	-0.00567
27.02	-0.00347
27.03	-0.00500
27.04	-0.00388
27.05	-0.00469
27.06	0.00299
27.07	0.00059
27.08	-0.00113
27.09	-0.00677
27.1	-0.00970
27.11	-0.01433
27.12	-0.02018
27.13	-0.01855
27.14	-0.01995
27.15	-0.01156
27.16	-0.01476
27.17	-0.00794
27.18	-0.00671
27.19	-0.00793
27.2	-0.01196
27.21	-0.01667
27.22	-0.02261
27.23	-0.02790
27.24	-0.02665
27.25	-0.01952
27.26	-0.01687
27.27	-0.01283
27.28	-0.00760
27.29	-0.01695
27.3	-0.01236
27.31	-0.01446
27.32	-0.01104
27.33	-0.01283
27.34	-0.00478
27.35	-0.00869
27.36	-0.00048
27.37	-0.00990
27.38	-0.00513
27.39	-0.00974
27.4	-0.01446
27.41	-0.01297
27.42	-0.01327
27.43	-0.01249
27.44	-0.00749
27.45	-0.00241
27.46	0.00143
27.47	0.00421
27.48	0.00947
27.49	0.00708
27.5	0.00907
27.51	-0.00081
27.52	0.00373
27.53	-0.00222
27.54	-0.00547
27.55	-0.00353
27.56	-0.00128
27.57	0.00330
27.58	0.00473
27.59	0.01050
27.6	0.00779
27.61	0.00962
27.62	0.00891
27.63	0.00918
27.64	0.00929
27.65	0.00930
27.66	0.00934
27.67	0.00938
27.68	0.00959
27.69	0.01026
27.7	0.01858
27.71	0.01506
27.72	0.02475
27.73	0.01549
27.74	0.01663
27.75	0.00914
27.76	0.00336
27.77	0.00455
27.78	0.00365
27.79	0.00821
27.8	0.01111
27.81	0.01543
27.82	0.01951
27.83	0.02533
27.84	0.02378
27.85	0.02511
27.86	0.02505
27.87	0.02510
27.88	0.02524
27.89	0.02330
27.9	0.01724
27.91	0.02020
27.92	0.01840
27.93	0.01904
27.94	0.01898
27.95	0.01909
27.96	0.01916
27.97	0.01903
27.98	0.01922
27.99	0.01904
28	0.01969
28.01	0.02831
28.02	0.02405
28.03	0.03009
28.04	0.03345
28.05	0.03917
28.06	0.03840
28.07	0.03890
28.08	0.03932
28.09	0.03881
28.1	0.03907
28.11	0.03877
28.12	0.04522
28.13	0.04500
28.14	0.04255
28.15	0.04681
28.16	0.04457
28.17	0.04525
28.18	0.03871
28.19	0.03873
28.2	0.03795
28.21	0.02932
28.22	0.03293
28.23	0.03078
28.24	0.03998
28.25	0.03967
28.26	0.04530
28.27	0.04262
28.28	0.03534
28.29	0.03884
28.3	0.03018
28.31	0.03511
28.32	0.04206
28.33	0.04381
28.34	0.05092
28.35	0.04523
28.36	0.04002
28.37	0.03560
28.38	0.03144
28.39	0.02828
28.4	0.02936
28.41	0.02131
28.42	0.02195
28.43	0.02154
28.44	0.02068
28.45	0.02261
28.46	0.02925
28.47	0.03361
28.48	0.03101
28.49	0.02938
28.5	0.02567
28.51	0.02191
28.52	0.02058
28.53	0.01385
28.54	0.01602
28.55	0.00914
28.56	0.00795
28.57	0.00824
28.58	0.01141
28.59	0.01016
28.6	0.01067
28.61	0.01029
28.62	0.01464
28.63	0.01724
28.64	0.01568
28.65	0.01400
28.66	0.00995
28.67	0.01020
28.68	0.00894
28.69	0.00880
28.7	0.00964
28.71	0.00776
28.72	0.00469
28.73	0.01139
28.74	0.00324
28.75	0.00235
28.76	-0.00369
28.77	0.00513
28.78	0.00135
28.79	0.01129
28.8	0.00682
28.81	0.00827
28.82	-0.00014
28.83	0.00328
28.84	-0.00585
28.85	-0.00185
28.86	-0.00659
28.87	-0.00504
28.88	-0.01290
28.89	-0.01160
28.9	-0.01235
28.91	-0.01273
28.92	-0.01248
28.93	-0.01268
28.94	-0.01289
28.95	-0.01281
28.96	-0.01288
28.97	-0.01285
28.98	-0.01281
28.99	-0.00366
29	-0.00793
29.01	0.00176
29.02	-0.00105
29.03	-0.00776
29.04	-0.01233
29.05	-0.02135
29.06	-0.02856
29.07	-0.03305
29.08	-0.03242
29.09	-0.02498
29.1	-0.02414
29.11	-0.01875
29.12	-0.02068
29.13	-0.01453
29.14	-0.02175
29.15	-0.01832
29.16	-0.01932
29.17	-0.01939
29.18	-0.01884
29.19	-0.01212
29.2	-0.00812
29.21	-0.00569
29.22	-0.00378
29.23	-0.00623
29.24	-0.00488
29.25	-0.00613
29.26	-0.01427
29.27	-0.01011
29.28	-0.01256
29.29	-0.01173
29.3	-0.00854
29.31	-0.00492
29.32	-0.00561
29.33	0.00280
29.34	0.00103
29.35	-0.00277
29.36	-0.00510
29.37	-0.00400
29.38	-0.00523
29.39	-0.00215
29.4	-0.00207
29.41	-0.00627
29.42	-0.00351
29.43	-0.01360
29.44	-0.01110
29.45	-0.01578
29.46	-0.00987
29.47	-0.01232
29.48	-0.00738
29.49	-0.00376
29.5	-0.00573
29.51	-0.01035
29.52	-0.01083
29.53	-0.01068
29.54	-0.01136
29.55	-0.01093
29.56	-0.01108
29.57	-0.01598
29.58	-0.01773
29.59	-0.01414
29.6	-0.00994
29.61	-0.01193
29.62	-0.01032
29.63	-0.01083
29.64	-0.01946
29.65	-0.01551
29.66	-0.02215
29.67	-0.02151
29.68	-0.02446
29.69	-0.02685
29.7	-0.03134
29.71	-0.02898
29.72	-0.02689
29.73	-0.02235
29.74	-0.02444
29.75	-0.01434
29.76	-0.02629
29.77	-0.02134
29.78	-0.02293
29.79	-0.02298
29.8	-0.02261
29.81	-0.02272
29.82	-0.02244
29.83	-0.02254
29.84	-0.03069
29.85	-0.02879
29.86	-0.03700
29.87	-0.03417
29.88	-0.03531
29.89	-0.03509
29.9	-0.03487
29.91	-0.03854
29.92	-0.03797
29.93	-0.04194
29.94	-0.03552
29.95	-0.03362
29.96	-0.03455
29.97	-0.02943
29.98	-0.02577
29.99	-0.02401
30	-0.01821
30.01	-0.01433
30.02	-0.01244
30.03	-0.01306
30.04	-0.01831
30.05	-0.01862
30.06	-0.01836
30.07	-0.01838
30.08	-0.00970
30.09	-0.01392
30.1	-0.01642
30.11	-0.01919
30.12	-0.02679
30.13	-0.02405
30.14	-0.03468
30.15	-0.03006
30.16	-0.03231
30.17	-0.03168
30.18	-0.03161
30.19	-0.02531
30.2	-0.02519
30.21	-0.02513
30.22	-0.03349
30.23	-0.02968
30.24	-0.03359
30.25	-0.03753
30.26	-0.03697
30.27	-0.03804
30.28	-0.03750
30.29	-0.03226
30.3	-0.03062
30.31	-0.03149
30.32	-0.03018
30.33	-0.03064
30.34	-0.03034
30.35	-0.03858
30.36	-0.03671
30.37	-0.04583
30.38	-0.04154
30.39	-0.04383
30.4	-0.04287
30.41	-0.04297
30.42	-0.04278
30.43	-0.04259
30.44	-0.04240
30.45	-0.04206
30.46	-0.04177
30.47	-0.04092
30.48	-0.03258
30.49	-0.03006
30.5	-0.02776
30.51	-0.02745
30.52	-0.01798
30.53	-0.02259
30.54	-0.01982
30.55	-0.02026
30.56	-0.01118
30.57	-0.01546
30.58	-0.01301
30.59	-0.01355
30.6	-0.01341
30.61	-0.01335
30.62	-0.01333
30.63	-0.01326
30.64	-0.00817
30.65	-0.00638
30.66	-0.00727
30.67	-0.00382
30.68	-0.00768
30.69	-0.00300
30.7	-0.00086
30.71	0.00016
30.72	0.00043
30.73	0.00067
30.74	-0.00163
30.75	-0.00775
30.76	-0.00488
30.77	-0.01055
30.78	-0.01366
30.79	-0.01186
30.8	-0.01350
30.81	-0.01073
30.82	-0.00484
30.83	-0.00761
30.84	-0.00572
30.85	-0.00621
30.86	0.00068
30.87	0.00216
30.88	-0.00027
30.89	0.00141
30.9	0.00079
30.91	0.00078
30.92	0.00084
30.93	0.00077
30.94	0.00280
30.95	0.00892
30.96	0.00602
30.97	0.00787
30.98	0.00983
30.99	0.01549
31	0.01258
31.01	0.01580
31.02	0.01893
31.03	0.02065
31.04	0.01748
31.05	0.01532
31.06	0.01360
31.07	0.01931
31.08	0.02010
31.09	0.01093
31.1	0.01504
31.11	0.01285
31.12	0.01303
31.13	0.01305
31.14	0.01290
31.15	0.01291
31.16	0.01833
31.17	0.01968
31.18	0.01894
31.19	0.01968
31.2	0.01387
31.21	0.01251
31.22	0.01303
31.23	0.01335
31.24	0.02062
31.25	0.01742
31.26	0.02754
31.27	0.02396
31.28	0.02582
31.29	0.02561
31.3	0.02539
31.31	0.02541
31.32	0.02525
31.33	0.02519
31.34	0.02510
31.35	0.03062
31.36	0.03180
31.37	0.03103
31.38	0.03196
31.39	0.03267
31.4	0.03693
31.41	0.02967
31.42	0.03253
31.43	0.03408
31.44	0.03496
31.45	0.03857
31.46	0.02834
31.47	0.03013
31.48	0.02219
31.49	0.02498
31.5	0.02303
31.51	0.02356
31.52	0.02327
31.53	0.02322
31.54	0.02712
31.55	0.02425
31.56	0.02202
31.57	0.02339
31.58	0.02189
31.59	0.03063
31.6	0.02704
31.61	0.02859
31.62	0.02844
31.63	0.03634
31.64	0.03310
31.65	0.03580
31.66	0.03432
31.67	0.03382
31.68	0.03411
31.69	0.02472
31.7	0.01957
31.71	0.02126
31.72	0.01098
31.73	0.01834
31.74	0.01997
31.75	0.01843
31.76	0.02464
31.77	0.02598
31.78	0.02544
31.79	0.02603
31.8	0.02582
31.81	0.03032
31.82	0.02392
31.83	0.02682
31.84	0.02552
31.85	0.02545
31.86	0.02557
31.87	0.01880
31.88	0.01892
31.89	0.01872
31.9	0.01995
31.91	0.02657
31.92	0.02136
31.93	0.01698
31.94	0.01926
31.95	0.01351
31.96	0.01036
31.97	0.01185
31.98	0.01024
31.99	0.01087
32	0.00663
32.01	0.00291
32.02	0.00480
32.03	0.00308
32.04	0.01037
32.05	0.00957
32.06	0.01186
32.07	0.01247
32.08	0.00932
32.09	0.01126
32.1	0.00995
32.11	0.01044
32.12	0.01020
32.13	0.01023
32.14	0.01017
32.15	0.01016
32.16	0.01013
32.17	0.01055
32.18	0.01494
32.19	0.01723
32.2	0.01638
32.21	0.02442
32.22	0.02298
32.23	0.02365
32.24	0.01703
32.25	0.01775
32.26	0.01029
32.27	0.01099
32.28	0.00366
32.29	0.00446
32.3	0.00405
32.31	0.00438
32.32	0.01311
32.33	0.00914
32.34	0.01895
32.35	0.01620
32.36	0.01760
32.37	0.01755
32.38	0.01739
32.39	0.01743
32.4	0.01734
32.41	0.02103
32.42	0.02509
32.43	0.02295
32.44	0.02370
32.45	0.01461
32.46	0.01917
32.47	0.01627
32.48	0.01713
32.49	0.01683
32.5	0.00949
32.51	0.00650
32.52	0.00162
32.53	-0.00467
32.54	-0.00222
32.55	-0.00341
32.56	0.00481
32.57	0.01019
32.58	0.01800
32.59	0.02309
32.6	0.02292
32.61	0.03183
32.62	0.02391
32.63	0.02283
32.64	0.01634
32.65	0.01690
32.66	0.01653
32.67	0.01619
32.68	0.01991
32.69	0.02428
32.7	0.02968
32.71	0.03246
32.72	0.03734
32.73	0.03533
32.74	0.03036
32.75	0.02909
32.76	0.02023
32.77	0.01443
32.78	0.00759
32.79	0.00159
32.8	0.00348
32.81	-0.00561
32.82	-0.00009
32.83	-0.00570
32.84	-0.00047
32.85	0.00367
32.86	0.00412
32.87	0.01139
32.88	0.01496
32.89	0.01586
32.9	0.01582
32.91	0.01637
32.92	0.01618
32.93	0.01604
32.94	0.01625
32.95	0.01872
32.96	0.01904
32.97	0.01458
32.98	0.01750
32.99	0.01514
33	0.01167
33.01	0.01606
33.02	0.01600
33.03	0.01756
33.04	0.01521
33.05	0.01612
33.06	0.01550
33.07	0.01388
33.08	0.00730
33.09	0.01032
33.1	-0.00052
33.11	0.00405
33.12	0.00444
33.13	0.00927
33.14	0.00528
33.15	0.00179
33.16	0.00296
33.17	-0.00039
33.18	-0.00608
33.19	-0.00417
33.2	-0.01324
33.21	-0.00975
33.22	-0.01115
33.23	-0.00681
33.24	-0.00949
33.25	-0.01208
33.26	-0.01047
33.27	-0.01238
33.28	-0.02002
33.29	-0.01645
33.3	-0.02596
33.31	-0.02314
33.32	-0.02408
33.33	-0.01731
33.34	-0.01816
33.35	-0.01045
33.36	-0.01144
33.37	-0.01088
33.38	-0.01039
33.39	-0.00819
33.4	-0.01153
33.41	-0.01006
33.42	-0.01931
33.43	-0.01920
33.44	-0.02483
33.45	-0.02682
33.46	-0.02221
33.47	-0.02441
33.48	-0.02204
33.49	-0.01787
33.5	-0.01647
33.51	-0.01708
33.52	-0.01620
33.53	-0.01649
33.54	-0.02268
33.55	-0.02016
33.56	-0.01502
33.57	-0.01693
33.58	-0.01602
33.59	-0.01979
33.6	-0.01885
33.61	-0.01523
33.62	-0.01650
33.63	-0.01576
33.64	-0.00930
33.65	-0.00955
33.66	-0.00983
33.67	-0.01363
33.68	-0.01587
33.69	-0.01865
33.7	-0.02398
33.71	-0.02879
33.72	-0.02844
33.73	-0.02890
33.74	-0.02911
33.75	-0.02883
33.76	-0.02887
33.77	-0.02873
33.78	-0.02869
33.79	-0.02861
33.8	-0.02853
33.81	-0.02845
33.82	-0.02838
33.83	-0.02555
33.84	-0.02035
33.85	-0.02285
33.86	-0.02081
33.87	-0.01945
33.88	-0.02234
33.89	-0.01819
33.9	-0.01519
33.91	-0.01879
33.92	-0.02191
33.93	-0.02907
33.94	-0.02645
33.95	-0.02794
33.96	-0.02774
33.97	-0.02758
33.98	-0.02759
33.99	-0.02291
34	-0.02951
34.01	-0.02630
34.02	-0.02753
34.03	-0.03315
34.04	-0.03361
34.05	-0.03332
34.06	-0.03405
34.07	-0.03355
34.08	-0.02817
34.09	-0.02965
34.1	-0.02605
34.11	-0.02712
34.12	-0.02653
34.13	-0.02107
34.14	-0.02269
34.15	-0.02728
34.16	-0.02111
34.17	-0.02793
34.18	-0.02006
34.19	-0.01956
34.2	-0.01467
34.21	-0.01213
34.22	-0.01336
34.23	-0.01201
34.24	-0.01526
34.25	-0.02073
34.26	-0.01786
34.27	-0.02523
34.28	-0.02578
34.29	-0.02528
34.3	-0.02622
34.31	-0.03394
34.32	-0.03104
34.33	-0.03245
34.34	-0.03236
34.35	-0.03708
34.36	-0.03907
34.37	-0.03719
34.38	-0.03385
34.39	-0.03130
34.4	-0.03232
34.41	-0.02669
34.42	-0.02421
34.43	-0.02574
34.44	-0.02421
34.45	-0.02018
34.46	-0.02110
34.47	-0.02537
34.48	-0.02334
34.49	-0.02455
34.5	-0.02359
34.51	-0.01905
34.52	-0.01607
34.53	-0.00883
34.54	-0.01269
34.55	-0.01826
34.56	-0.01724
34.57	-0.02678
34.58	-0.03027
34.59	-0.03094
34.6	-0.03917
34.61	-0.03461
34.62	-0.02927
34.63	-0.03134
34.64	-0.02907
34.65	-0.02207
34.66	-0.02042
34.67	-0.01497
34.68	-0.00933
34.69	-0.00962
34.7	-0.00161
34.71	-0.00341
34.72	-0.00240
34.73	-0.00220
34.74	-0.00237
34.75	-0.00592
34.76	-0.00977
34.77	-0.00777
34.78	-0.00932
34.79	-0.00866
34.8	-0.00884
34.81	-0.00871
34.82	-0.00869
34.83	-0.00865
34.84	-0.00857
34.85	-0.00851
34.86	-0.01107
34.87	-0.01642
34.88	-0.01367
34.89	-0.01793
34.9	-0.01390
34.91	-0.01559
34.92	-0.01482
34.93	-0.00751
34.94	-0.00887
34.95	-0.00782
34.96	-0.00077
34.97	-0.00406
34.98	-0.00007
34.99	-0.00175
35	-0.00979
35.01	-0.00569
35.02	-0.00798
35.03	-0.00732
35.04	-0.00737
35.05	-0.00731
35.06	-0.00723
35.07	-0.00716
35.08	-0.00708
35.09	-0.00257
35.1	-0.00009
35.11	-0.00092
35.12	0.00621
35.13	0.00607
35.14	0.00615
35.15	0.00689
35.16	0.00648
35.17	0.00208
35.18	-0.00017
35.19	0.00073
35.2	0.00412
35.21	0.00385
35.22	0.00768
35.23	0.00744
35.24	0.01535
35.25	0.01206
35.26	0.01829
35.27	0.02024
35.28	0.01965
35.29	0.02041
35.3	0.02028
35.31	0.02025
35.32	0.02023
35.33	0.02021
35.34	0.02087
35.35	0.02837
35.36	0.02539
35.37	0.02708
35.38	0.02676
35.39	0.02671
35.4	0.02740
35.41	0.03115
35.42	0.02917
35.43	0.03033
35.44	0.02587
35.45	0.02706
35.46	0.02644
35.47	0.02622
35.48	0.02634
35.49	0.01984
35.5	0.02001
35.51	0.01992
35.52	0.01561
35.53	0.01195
35.54	0.01377
35.55	0.00587
35.56	0.00701
35.57	0.01405
35.58	0.01112
35.59	0.01545
35.6	0.01630
35.61	0.01997
35.62	0.01859
35.63	0.01935
35.64	0.01920
35.65	0.01752
35.66	0.01975
35.67	0.01882
35.68	0.01894
35.69	0.01911
35.7	0.01890
35.71	0.01894
35.72	0.01886
35.73	0.02280
35.74	0.02558
35.75	0.02470
35.76	0.02535
35.77	0.02530
35.78	0.02971
35.79	0.02897
35.8	0.03249
35.81	0.03117
35.82	0.03133
35.83	0.03131
35.84	0.02712
35.85	0.02859
35.86	0.03216
35.87	0.02979
35.88	0.03110
35.89	0.03401
35.9	0.03817
35.91	0.03597
35.92	0.03746
35.93	0.03642
35.94	0.03016
35.95	0.03527
35.96	0.03688
35.97	0.03540
35.98	0.03629
35.99	0.03621
36	0.03591
36.01	0.02684
36.02	0.03075
36.03	0.02867
36.04	0.02885
36.05	0.02881
36.06	0.02862
36.07	0.03385
36.08	0.03911
36.09	0.03834
36.1	0.04255
36.11	0.03233
36.12	0.03632
36.13	0.03421
36.14	0.03053
36.15	0.03153
36.16	0.03081
36.17	0.02753
36.18	0.02860
36.19	0.02653
36.2	0.02727
36.21	0.02294
36.22	0.02181
36.23	0.01961
36.24	0.01988
36.25	0.01949
36.26	0.01950
36.27	0.02169
36.28	0.02281
36.29	0.02640
36.3	0.02503
36.31	0.02550
36.32	0.02094
36.33	0.02009
36.34	0.02115
36.35	0.01963
36.36	0.02250
36.37	0.01641
36.38	0.01900
36.39	0.01777
36.4	0.01254
36.41	0.01137
36.42	0.00756
36.43	0.00412
36.44	0.00521
36.45	0.00419
36.46	0.00866
36.47	0.01145
36.48	0.00985
36.49	0.01099
36.5	0.01044
36.51	0.01048
36.52	0.01036
36.53	0.00997
36.54	0.01010
36.55	0.00971
36.56	0.00964
36.57	0.00927
36.58	0.00930
36.59	0.00888
36.6	0.00896
36.61	0.00852
36.62	0.00863
36.63	0.00830
36.64	0.00837
36.65	0.01291
36.66	0.01301
36.67	0.01506
36.68	0.01423
36.69	0.01485
36.7	0.01433
36.71	0.01228
36.72	0.01125
36.73	0.01578
36.74	0.01344
36.75	0.01445
36.76	0.00990
36.77	0.01230
36.78	0.01330
36.79	0.01505
36.8	0.01444
36.81	0.01501
36.82	0.01486
36.83	0.01513
36.84	0.01495
36.85	0.01516
36.86	0.01010
36.87	0.00825
36.88	0.00932
36.89	-0.00075
36.9	0.00378
36.91	0.00142
36.92	0.00198
36.93	0.00194
36.94	-0.00456
36.95	-0.00434
36.96	-0.00429
36.97	-0.00503
36.98	-0.00463
36.99	-0.00478
37	-0.00471
37.01	-0.00450
37.02	-0.00457
37.03	-0.00450
37.04	-0.00451
37.05	-0.00428
37.06	-0.00453
37.07	-0.00437
37.08	-0.00426
37.09	-0.01070
37.1	-0.01052
37.11	-0.01059
37.12	-0.01122
37.13	-0.01079
37.14	-0.01091
37.15	-0.01082
37.16	-0.01701
37.17	-0.01694
37.18	-0.01690
37.19	-0.01753
37.2	-0.01706
37.21	-0.01719
37.22	-0.01703
37.23	-0.01502
37.24	-0.01338
37.25	-0.01170
37.26	-0.00966
37.27	-0.01059
37.28	-0.00965
37.29	-0.01001
37.3	-0.00978
37.31	-0.00978
37.32	-0.00970
37.33	-0.00966
37.34	-0.00960
37.35	-0.01182
37.36	-0.01098
37.37	-0.01794
37.38	-0.01478
37.39	-0.02358
37.4	-0.02174
37.41	-0.02230
37.42	-0.02279
37.43	-0.02214
37.44	-0.02266
37.45	-0.02934
37.46	-0.02792
37.47	-0.02861
37.48	-0.02896
37.49	-0.02849
37.5	-0.02843
37.51	-0.02844
37.52	-0.02823
37.53	-0.02818
37.54	-0.02844
37.55	-0.03551
37.56	-0.03337
37.57	-0.03441
37.58	-0.03433
37.59	-0.03076
37.6	-0.02776
37.61	-0.02763
37.62	-0.02382
37.63	-0.02405
37.64	-0.02822
37.65	-0.02587
37.66	-0.03461
37.67	-0.03168
37.68	-0.03303
37.69	-0.03284
37.7	-0.03208
37.71	-0.02483
37.72	-0.02676
37.73	-0.02511
37.74	-0.02820
37.75	-0.03112
37.76	-0.03088
37.77	-0.03118
37.78	-0.03091
37.79	-0.03081
37.8	-0.02999
37.81	-0.02511
37.82	-0.02344
37.83	-0.02426
37.84	-0.02347
37.85	-0.02638
37.86	-0.02593
37.87	-0.02572
37.88	-0.02541
37.89	-0.02118
37.9	-0.02382
37.91	-0.02605
37.92	-0.02857
37.93	-0.02834
37.94	-0.02844
37.95	-0.03192
37.96	-0.02606
37.97	-0.02491
37.98	-0.02189
37.99	-0.02191
38	-0.02569
38.01	-0.02421
38.02	-0.02491
38.03	-0.02188
38.04	-0.02277
38.05	-0.02139
38.06	-0.02184
38.07	-0.02274
38.08	-0.02167
38.09	-0.02150
38.1	-0.02209
38.11	-0.02146
38.12	-0.02199
38.13	-0.02170
38.14	-0.02308
38.15	-0.02983
38.16	-0.02682
38.17	-0.02856
38.18	-0.02805
38.19	-0.02823
38.2	-0.02683
38.21	-0.02390
38.22	-0.02407
38.23	-0.02027
38.24	-0.02197
38.25	-0.02059
38.26	-0.02524
38.27	-0.02342
38.28	-0.02298
38.29	-0.02023
38.3	-0.02142
38.31	-0.01637
38.32	-0.01395
38.33	-0.01460
38.34	-0.01376
38.35	-0.01384
38.36	-0.01505
38.37	-0.02195
38.38	-0.01896
38.39	-0.02071
38.4	-0.01896
38.41	-0.01605
38.42	-0.01353
38.43	-0.01386
38.44	-0.01351
38.45	-0.01332
38.46	-0.01344
38.47	-0.01331
38.48	-0.01333
38.49	-0.01329
38.5	-0.01327
38.51	-0.01325
38.52	-0.01124
38.53	-0.00917
38.54	-0.01000
38.55	-0.00754
38.56	-0.00581
38.57	-0.00674
38.58	-0.00588
38.59	-0.00623
38.6	-0.00610
38.61	-0.00614
38.62	-0.00613
38.63	-0.00612
38.64	-0.00611
38.65	-0.00609
38.66	-0.00610
38.67	-0.00429
38.68	-0.00055
38.69	0.00044
38.7	0.00025
38.71	0.00076
38.72	0.00050
38.73	0.00059
38.74	0.00054
38.75	0.00053
38.76	0.00052
38.77	0.00047
38.78	-0.00413
38.79	-0.00209
38.8	-0.00316
38.81	0.00127
38.82	-0.00065
38.83	0.00034
38.84	0.00018
38.85	0.00014
38.86	0.00030
38.87	0.00473
38.88	0.00285
38.89	0.00816
38.9	0.00584
38.91	0.00978
38.92	0.01495
38.93	0.01220
38.94	0.01408
38.95	0.01339
38.96	0.01094
38.97	0.00543
38.98	0.00808
38.99	0.00618
39	0.00675
39.01	0.00654
39.02	0.00622
39.03	0.00635
39.04	0.00623
39.05	0.00623
39.06	0.00882
39.07	0.01233
39.08	0.01271
39.09	0.01285
39.1	0.01313
39.11	0.01289
39.12	0.01292
39.13	0.01283
39.14	0.01280
39.15	0.01276
39.16	0.01270
39.17	0.00868
39.18	0.00877
39.19	0.00510
39.2	0.00657
39.21	0.00555
39.22	0.00587
39.23	0.00562
39.24	0.00843
39.25	0.00924
39.26	0.00875
39.27	0.00936
39.28	0.00892
39.29	0.00918
39.3	0.00896
39.31	0.00962
39.32	0.01322
39.33	0.01131
39.34	0.01310
39.35	0.01631
39.36	0.01752
39.37	0.01435
39.38	0.01608
39.39	0.01056
39.4	0.01285
39.41	0.01163
39.42	0.01180
39.43	0.01195
39.44	0.01641
39.45	0.01660
39.46	0.01901
39.47	0.02278
39.48	0.02563
39.49	0.02432
39.5	0.02900
39.51	0.02821
39.52	0.02861
39.53	0.02776
39.54	0.02428
39.55	0.02350
39.56	0.01866
39.57	0.01768
39.58	0.01767
39.59	0.01693
39.6	0.01721
39.61	0.01672
39.62	0.01723
39.63	0.02097
39.64	0.01890
39.65	0.01977
39.66	0.01458
39.67	0.01667
39.68	0.01993
39.69	0.01773
39.7	0.02321
39.71	0.02361
39.72	0.02830
39.73	0.02688
39.74	0.02744
39.75	0.02733
39.76	0.02693
39.77	0.02681
39.78	0.02658
39.79	0.02632
39.8	0.02618
39.81	0.02580
39.82	0.02548
39.83	0.02553
39.84	0.02519
39.85	0.02501
39.86	0.02040
39.87	0.02232
39.88	0.01790
39.89	0.01808
39.9	0.01768
39.91	0.02095
39.92	0.02017
39.93	0.02043
39.94	0.02491
39.95	0.02239
39.96	0.02360
39.97	0.02320
39.98	0.02564
39.99	0.02479
40	0.02465
40.01	0.02440
40.02	0.02147
40.03	0.02262
40.04	0.02185
40.05	0.02197
40.06	0.02163
40.07	0.02157
40.08	0.02150
40.09	0.02139
40.1	0.02136
40.11	0.02129
40.12	0.01989
40.13	0.01695
40.14	0.01832
40.15	0.01297
40.16	0.01967
40.17	0.01881
40.18	0.02135
40.19	0.02044
40.2	0.02135
40.21	0.02526
40.22	0.02274
40.23	0.02002
40.24	0.02172
40.25	0.02055
40.26	0.02091
40.27	0.02478
40.28	0.02352
40.29	0.02408
40.3	0.02405
40.31	0.02386
40.32	0.01910
40.33	0.02130
40.34	0.01999
40.35	0.02015
40.36	0.02268
40.37	0.01903
40.38	0.02163
40.39	0.02340
40.4	0.02550
40.41	0.02528
40.42	0.02593
40.43	0.02132
40.44	0.02113
40.45	0.01820
40.46	0.01920
40.47	0.01814
40.48	0.01834
40.49	0.01554
40.5	0.01459
40.51	0.01543
40.52	0.01893
40.53	0.01681
40.54	0.01796
40.55	0.01758
40.56	0.01755
40.57	0.01747
40.58	0.01743
40.59	0.01604
40.6	0.01638
40.61	0.01323
40.62	0.01446
40.63	0.01375
40.64	0.00960
40.65	0.01140
40.66	0.00911
40.67	0.00626
40.68	0.00810
40.69	0.00684
40.7	0.00730
40.71	0.00711
40.72	0.00711
40.73	0.00435
40.74	0.00847
40.75	0.01068
40.76	0.01018
40.77	0.01065
40.78	0.01075
40.79	0.01046
40.8	0.00605
40.81	0.00773
40.82	0.00572
40.83	0.00275
40.84	0.00437
40.85	0.00317
40.86	0.00362
40.87	0.00344
40.88	0.00227
40.89	-0.00178
40.9	-0.00329
40.91	-0.00148
40.92	0.00072
40.93	-0.00047
40.94	0.00447
40.95	0.00262
40.96	0.00348
40.97	0.00065
40.98	0.00073
40.99	0.00012
41	0.00022
41.01	0.00003
41.02	-0.00004
41.03	0.00007
41.04	-0.00421
41.05	-0.00262
41.06	-0.00775
41.07	-0.01040
41.08	-0.00956
41.09	-0.01022
41.1	-0.01434
41.11	-0.01400
41.12	-0.01738
41.13	-0.01289
41.14	-0.01536
41.15	-0.01746
41.16	-0.01580
41.17	-0.01669
41.18	-0.01631
41.19	-0.01635
41.2	-0.01956
41.21	-0.01912
41.22	-0.02257
41.23	-0.02619
41.24	-0.02983
41.25	-0.02844
41.26	-0.02926
41.27	-0.02735
41.28	-0.02526
41.29	-0.02600
41.3	-0.02548
41.31	-0.02788
41.32	-0.02868
41.33	-0.03057
41.34	-0.03456
41.35	-0.03477
41.36	-0.03930
41.37	-0.04187
41.38	-0.04071
41.39	-0.04117
41.4	-0.04098
41.41	-0.04082
41.42	-0.04073
41.43	-0.04062
41.44	-0.04474
41.45	-0.04273
41.46	-0.04361
41.47	-0.04331
41.48	-0.04183
41.49	-0.03887
41.5	-0.04021
41.51	-0.03903
41.52	-0.03932
41.53	-0.03838
41.54	-0.03843
41.55	-0.03917
41.56	-0.03834
41.57	-0.04276
41.58	-0.04097
41.59	-0.04188
41.6	-0.04144
41.61	-0.03810
41.62	-0.03509
41.63	-0.03157
41.64	-0.03122
41.65	-0.02801
41.66	-0.03194
41.67	-0.02969
41.68	-0.03033
41.69	-0.03321
41.7	-0.03254
41.71	-0.02836
41.72	-0.03082
41.73	-0.02921
41.74	-0.02951
41.75	-0.03175
41.76	-0.03248
41.77	-0.03164
41.78	-0.03229
41.79	-0.02918
41.8	-0.03020
41.81	-0.02725
41.82	-0.02565
41.83	-0.02440
41.84	-0.02630
41.85	-0.02791
41.86	-0.02673
41.87	-0.02298
41.88	-0.02453
41.89	-0.02170
41.9	-0.01980
41.91	-0.02063
41.92	-0.01552
41.93	-0.01633
41.94	-0.01229
41.95	-0.01389
41.96	-0.01282
41.97	-0.01315
41.98	-0.01431
41.99	-0.01718
42	-0.01566
42.01	-0.01668
42.02	-0.01621
42.03	-0.01632
42.04	-0.01623
42.05	-0.01551
42.06	-0.01491
42.07	-0.01188
42.08	-0.01311
42.09	-0.01243
42.1	-0.01251
42.11	-0.01180
42.12	-0.00790
42.13	-0.00617
42.14	-0.00589
42.15	-0.00911
42.16	-0.01168
42.17	-0.01193
42.18	-0.01258
42.19	-0.01369
42.2	-0.01151
42.21	-0.01277
42.22	-0.00860
42.23	-0.00902
42.24	-0.00883
42.25	-0.00886
42.26	-0.01302
42.27	-0.01080
42.28	-0.01227
42.29	-0.01151
42.3	-0.00869
42.31	-0.00824
42.32	-0.00400
42.33	-0.00571
42.34	-0.00468
42.35	-0.00799
42.36	-0.00815
42.37	-0.00785
42.38	-0.00376
42.39	-0.00327
42.4	0.00132
42.41	0.00121
42.42	0.00167
42.43	0.00204
42.44	0.00182
42.45	0.00175
42.46	0.00180
42.47	0.00190
42.48	0.00169
42.49	0.00195
42.5	-0.00082
42.51	-0.00151
42.52	0.00350
42.53	0.00309
42.54	0.00590
42.55	0.00913
42.56	0.01247
42.57	0.01573
42.58	0.01463
42.59	0.01545
42.6	0.01527
42.61	0.01521
42.62	0.01531
42.63	0.01524
42.64	0.01532
42.65	0.01524
42.66	0.01518
42.67	0.01535
42.68	0.01515
42.69	0.01345
42.7	0.01148
42.71	0.01264
42.72	0.01175
42.73	0.01215
42.74	0.01638
42.75	0.01441
42.76	0.01539
42.77	0.01088
42.78	0.01273
42.79	0.00712
42.8	0.00926
42.81	0.00815
42.82	0.00827
42.83	0.00829
42.84	0.00820
42.85	0.00821
42.86	0.00814
42.87	0.00812
42.88	0.00809
42.89	0.00807
42.9	0.00808
42.91	0.01262
42.92	0.01057
42.93	0.01620
42.94	0.01391
42.95	0.01497
42.96	0.01458
42.97	0.01478
42.98	0.01462
42.99	0.01460
43	0.01456
43.01	0.01648
43.02	0.01829
43.03	0.01268
43.04	0.01553
43.05	0.00972
43.06	0.00765
43.07	0.00846
43.08	0.00952
43.09	0.01129
43.1	0.01495
43.11	0.01562
43.12	0.01822
43.13	0.01907
43.14	0.01715
43.15	0.01797
43.16	0.01793
43.17	0.01760
43.18	0.02236
43.19	0.02012
43.2	0.02140
43.21	0.02116
43.22	0.02110
43.23	0.02105
43.24	0.02097
43.25	0.01848
43.26	0.01756
43.27	0.01795
43.28	0.01729
43.29	0.01737
43.3	0.01295
43.31	0.01502
43.32	0.01380
43.33	0.01404
43.34	0.01393
43.35	0.01406
43.36	0.01612
43.37	0.01747
43.38	0.01693
43.39	0.01714
43.4	0.01716
43.41	0.01718
43.42	0.02159
43.43	0.01932
43.44	0.02066
43.45	0.02021
43.46	0.02022
43.47	0.02017
43.48	0.02004
43.49	0.01994
43.5	0.02000
43.51	0.01984
43.52	0.02291
43.53	0.02275
43.54	0.02268
43.55	0.02606
43.56	0.02566
43.57	0.02571
43.58	0.02637
43.59	0.02997
43.6	0.02742
43.61	0.02461
43.62	0.02241
43.63	0.02154
43.64	0.01778
43.65	0.01892
43.66	0.01437
43.67	0.01462
43.68	0.01054
43.69	0.01212
43.7	0.00677
43.71	0.00863
43.72	0.00773
43.73	0.00771
43.74	0.00899
43.75	0.01157
43.76	0.01020
43.77	0.01115
43.78	0.01072
43.79	0.01077
43.8	0.00807
43.81	0.00955
43.82	0.01111
43.83	0.00841
43.84	0.00902
43.85	0.01156
43.86	0.00987
43.87	0.00637
43.88	0.00845
43.89	0.00457
43.9	0.00433
43.91	0.00934
43.92	0.00884
43.93	0.01162
43.94	0.01050
43.95	0.00853
43.96	0.00780
43.97	0.00500
43.98	0.00446
43.99	0.00482
44	0.00423
44.01	0.00453
44.02	0.00763
44.03	0.00753
44.04	0.00712
44.05	0.00335
44.06	0.00522
44.07	0.00336
44.08	0.00018
44.09	0.00182
44.1	0.00108
44.11	0.00548
44.12	0.00382
44.13	0.00883
44.14	0.00912
44.15	0.00640
44.16	0.00639
44.17	0.00276
44.18	0.00446
44.19	0.00320
44.2	0.00359
44.21	0.00324
44.22	-0.00093
44.23	0.00079
44.24	-0.00036
44.25	-0.00013
44.26	-0.00032
44.27	-0.00016
44.28	0.00427
44.29	0.00209
44.3	0.00311
44.31	0.00275
44.32	-0.00166
44.33	0.00048
44.34	-0.00315
44.35	-0.00372
44.36	-0.00329
44.37	-0.00061
44.38	-0.00039
44.39	-0.00011
44.4	0.00453
44.41	0.00228
44.42	0.00361
44.43	0.00283
44.44	-0.00105
44.45	-0.00271
44.46	-0.00305
44.47	-0.00297
44.48	-0.00396
44.49	-0.00737
44.5	-0.00957
44.51	-0.00926
44.52	-0.00935
44.53	-0.00955
44.54	-0.00803
44.55	-0.00542
44.56	-0.00541
44.57	-0.00349
44.58	-0.00708
44.59	-0.00941
44.6	-0.01064
44.61	-0.01488
44.62	-0.01379
44.63	-0.01190
44.64	-0.01324
44.65	-0.01217
44.66	-0.01258
44.67	-0.01239
44.68	-0.01666
44.69	-0.01470
44.7	-0.01567
44.71	-0.01363
44.72	-0.01183
44.73	-0.01270
44.74	-0.01169
44.75	-0.00762
44.76	-0.01406
44.77	-0.00606
44.78	-0.00994
44.79	-0.01288
44.8	-0.01096
44.81	-0.01458
44.82	-0.01504
44.83	-0.01462
44.84	-0.01519
44.85	-0.01482
44.86	-0.01492
44.87	-0.01462
44.88	-0.01005
44.89	-0.01225
44.9	-0.01117
44.91	-0.01150
44.92	-0.01444
44.93	-0.01433
44.94	-0.01471
44.95	-0.01894
44.96	-0.01714
44.97	-0.02255
44.98	-0.02000
44.99	-0.02169
45	-0.02534
45.01	-0.02262
45.02	-0.01951
45.03	-0.01689
45.04	-0.01782
45.05	-0.01685
45.06	-0.01780
45.07	-0.02150
45.08	-0.01951
45.09	-0.02068
45.1	-0.01621
45.11	-0.01670
45.12	-0.01221
45.13	-0.01396
45.14	-0.01282
45.15	-0.01711
45.16	-0.01655
45.17	-0.02092
45.18	-0.01904
45.19	-0.02007
45.2	-0.01966
45.21	-0.01968
45.22	-0.01894
45.23	-0.01501
45.24	-0.01295
45.25	-0.00908
45.26	-0.00994
45.27	-0.00975
45.28	-0.01331
45.29	-0.01150
45.3	-0.01325
45.31	-0.01670
45.32	-0.01414
45.33	-0.01081
45.34	-0.00874
45.35	-0.00543
45.36	-0.00575
45.37	-0.00548
45.38	-0.00518
45.39	-0.00602
45.4	-0.00976
45.41	-0.00781
45.42	-0.00836
45.43	-0.00404
45.44	-0.00544
45.45	-0.00425
45.46	-0.00555
45.47	-0.00837
45.48	-0.01196
45.49	-0.01405
45.5	-0.01422
45.51	-0.01538
45.52	-0.01084
45.53	-0.01236
45.54	-0.01155
45.55	-0.01081
45.56	-0.00735
45.57	-0.00903
45.58	-0.00393
45.59	-0.00539
45.6	-0.00869
45.61	-0.00744
45.62	-0.00351
45.63	-0.00040
45.64	0.00256
45.65	0.00178
45.66	0.00253
45.67	0.00164
45.68	-0.00285
45.69	-0.00474
45.7	-0.00012
45.71	0.00171
45.72	0.00158
45.73	0.00209
45.74	0.00215
45.75	0.00207
45.76	0.00211
45.77	0.00206
45.78	0.00208
45.79	0.00207
45.8	0.00273
45.81	0.00657
45.82	0.00766
45.83	0.00362
45.84	0.00161
45.85	-0.00059
45.86	0.00303
45.87	0.00170
45.88	0.00644
45.89	0.00817
45.9	0.00837
45.91	0.00844
45.92	0.00871
45.93	0.00382
45.94	0.00114
45.95	0.00251
45.96	-0.00260
45.97	-0.00099
45.98	-0.00170
45.99	0.00151
46	-0.00394
46.01	-0.00142
46.02	-0.00164
46.03	-0.00273
46.04	-0.00536
46.05	0.00017
46.06	-0.00291
46.07	-0.00190
46.08	-0.00607
46.09	-0.00407
46.1	-0.00850
46.11	-0.00317
46.12	-0.00576
46.13	-0.00465
46.14	-0.00491
46.15	-0.00417
46.16	-0.00031
46.17	-0.00233
46.18	0.00263
46.19	0.00118
46.2	0.00107
46.21	0.00051
46.22	0.00136
46.23	0.00153
46.24	0.00139
46.25	0.00168
46.26	0.00083
46.27	-0.00666
46.28	-0.00394
46.29	-0.00559
46.3	-0.00541
46.31	-0.00471
46.32	-0.00120
46.33	0.00071
46.34	0.00083
46.35	0.00092
46.36	0.00090
46.37	0.00080
46.38	0.00084
46.39	0.00079
46.4	0.00080
46.41	0.00074
46.42	0.00070
46.43	0.00052
46.44	0.00065
46.45	0.00451
46.46	0.00340
46.47	0.00392
46.48	0.00008
46.49	0.00101
46.5	0.00057
46.51	0.00033
46.52	0.00421
46.53	0.00308
46.54	0.00297
46.55	-0.00047
46.56	0.00121
46.57	0.00076
46.58	0.00539
46.59	0.00729
46.6	0.00648
46.61	0.01018
46.62	0.00863
46.63	0.00776
46.64	0.00646
46.65	0.00277
46.66	0.00405
46.67	0.00135
46.68	0.00462
46.69	0.00755
46.7	0.00619
46.71	0.00708
46.72	0.00503
46.73	0.00130
46.74	0.00035
46.75	0.00458
46.76	0.00397
46.77	0.00763
46.78	0.00613
46.79	0.01108
46.8	0.00993
46.81	0.01063
46.82	0.00574
46.83	0.00745
46.84	0.00554
46.85	0.00200
46.86	0.00426
46.87	0.00695
46.88	0.00847
46.89	0.01246
46.9	0.01206
46.91	0.01205
46.92	0.00792
46.93	0.00487
46.94	0.00355
46.95	0.00159
46.96	0.00663
46.97	0.00386
46.98	0.00511
46.99	0.00912
47	0.00719
47.01	0.00823
47.02	0.00374
47.03	0.00522
47.04	0.00425
47.05	0.00432
47.06	0.00038
47.07	0.00143
47.08	0.00492
47.09	0.00365
47.1	0.00435
47.11	0.00460
47.12	0.00907
47.13	0.00690
47.14	0.00595
47.15	0.00405
47.16	0.00491
47.17	-0.00015
47.18	0.00206
47.19	0.00570
47.2	0.00910
47.21	0.01473
47.22	0.01421
47.23	0.01501
47.24	0.01055
47.25	0.00821
47.26	0.00864
47.27	0.01817
47.28	0.01488
47.29	0.02025
47.3	0.01376
47.31	0.01285
47.32	0.01202
47.33	0.00726
47.34	0.00800
47.35	0.00767
47.36	0.01154
47.37	0.01184
47.38	0.01622
47.39	0.01891
47.4	0.01772
47.41	0.01708
47.42	0.01399
47.43	0.01518
47.44	0.01419
47.45	0.01461
47.46	0.01850
47.47	0.01595
47.48	0.01723
47.49	0.01426
47.5	0.01755
47.51	0.01609
47.52	0.01315
47.53	0.01754
47.54	0.01611
47.55	0.02024
47.56	0.01798
47.57	0.01918
47.58	0.01868
47.59	0.01836
47.6	0.01705
47.61	0.01748
47.62	0.01886
47.63	0.01348
47.64	0.01670
47.65	0.01915
47.66	0.01526
47.67	0.01998
47.68	0.01826
47.69	0.01901
47.7	0.01877
47.71	0.01756
47.72	0.01482
47.73	0.01615
47.74	0.01580
47.75	0.01999
47.76	0.01809
47.77	0.02249
47.78	0.02177
47.79	0.02164
47.8	0.01783
47.81	0.01961
47.82	0.01844
47.83	0.01886
47.84	0.01880
47.85	0.02308
47.86	0.01926
47.87	0.02310
47.88	0.02167
47.89	0.02191
47.9	0.02632
47.91	0.02450
47.92	0.02836
47.93	0.02401
47.94	0.02205
47.95	0.02144
47.96	0.01726
47.97	0.01891
47.98	0.01777
47.99	0.01802
48	0.01786
48.01	0.01539
48.02	0.01397
48.03	0.00752
48.04	0.00813
48.05	0.00763
48.06	0.00714
48.07	0.00729
48.08	0.01134
48.09	0.01129
48.1	0.01416
48.11	0.01247
48.12	0.01358
48.13	0.01269
48.14	0.00866
48.15	0.01426
48.16	0.01028
48.17	0.01144
48.18	0.00810
48.19	0.00930
48.2	0.00859
48.21	0.00738
48.22	0.00433
48.23	0.00287
48.24	0.00193
48.25	0.00562
48.26	0.00293
48.27	0.00060
48.28	0.00078
48.29	-0.00348
48.3	-0.00210
48.31	-0.00707
48.32	-0.00540
48.33	-0.01036
48.34	-0.00803
48.35	-0.00940
48.36	-0.00892
48.37	-0.00909
48.38	-0.00906
48.39	-0.00880
48.4	-0.00888
48.41	-0.00580
48.42	-0.00736
48.43	-0.00970
48.44	-0.00930
48.45	-0.01348
48.46	-0.01461
48.47	-0.01570
48.48	-0.01856
48.49	-0.01911
48.5	-0.02321
48.51	-0.02154
48.52	-0.02250
48.53	-0.02221
48.54	-0.02531
48.55	-0.02539
48.56	-0.02530
48.57	-0.02577
48.58	-0.02580
48.59	-0.03025
48.6	-0.02795
48.61	-0.03254
48.62	-0.03196
48.63	-0.03204
48.64	-0.03238
48.65	-0.03227
48.66	-0.03530
48.67	-0.03523
48.68	-0.03514
48.69	-0.03549
48.7	-0.03212
48.71	-0.03223
48.72	-0.03207
48.73	-0.03462
48.74	-0.03485
48.75	-0.03465
48.76	-0.03495
48.77	-0.03239
48.78	-0.03113
48.79	-0.03186
48.8	-0.03097
48.81	-0.03125
48.82	-0.03091
48.83	-0.03091
48.84	-0.03060
48.85	-0.02618
48.86	-0.02840
48.87	-0.02688
48.88	-0.02721
48.89	-0.02982
48.9	-0.03042
48.91	-0.03033
48.92	-0.03066
48.93	-0.03037
48.94	-0.02794
48.95	-0.02697
48.96	-0.02505
48.97	-0.02529
48.98	-0.02291
48.99	-0.01945
49	-0.02092
49.01	-0.02021
49.02	-0.02020
49.03	-0.02019
49.04	-0.02269
49.05	-0.02355
49.06	-0.02315
49.07	-0.02380
49.08	-0.02333
49.09	-0.02344
49.1	-0.02361
49.11	-0.02337
49.12	-0.02334
49.13	-0.02291
49.14	-0.02310
49.15	-0.02025
49.16	-0.01945
49.17	-0.01712
49.18	-0.01570
49.19	-0.02092
49.2	-0.01770
49.21	-0.01938
49.22	-0.02105
49.23	-0.02219
49.24	-0.02146
49.25	-0.01874
49.26	-0.01799
49.27	-0.01377
49.28	-0.01531
49.29	-0.01466
49.3	-0.01883
49.31	-0.01687
49.32	-0.01830
49.33	-0.01878
49.34	-0.01675
49.35	-0.01456
49.36	-0.01334
49.37	-0.00930
49.38	-0.00669
49.39	-0.00728
49.4	-0.00533
49.41	-0.00756
49.42	-0.00618
49.43	-0.00693
49.44	-0.00651
49.45	-0.00612
49.46	-0.00180
49.47	-0.00386
49.48	-0.00214
49.49	0.00107
49.5	-0.00174
49.51	-0.00021
49.52	-0.00353
49.53	-0.00188
49.54	-0.00257
49.55	-0.00196
49.56	0.00205
49.57	0.00084
49.58	0.00615
49.59	0.00382
49.6	0.00520
49.61	0.00484
49.62	0.00827
49.63	0.00822
49.64	0.00825
49.65	0.00872
49.66	0.00850
49.67	0.00919
49.68	0.01060
49.69	0.01252
49.7	0.01547
49.71	0.01488
49.72	0.01929
49.73	0.01836
49.74	0.01477
49.75	0.01610
49.76	0.01537
49.77	0.01530
49.78	0.01603
49.79	0.01954
49.8	0.02169
49.81	0.02172
49.82	0.02183
49.83	0.01814
49.84	0.01504
49.85	0.01169
49.86	0.01205
49.87	0.01087
49.88	0.00781
49.89	0.01331
49.9	0.01026
49.91	0.01186
49.92	0.01129
49.93	0.01473
49.94	0.01372
49.95	0.01508
49.96	0.01451
49.97	0.01799
49.98	0.01316
49.99	0.01552
50	0.01445
50.01	0.01445
50.02	0.01471
50.03	0.01448
50.04	0.01454
50.05	0.01445
50.06	0.01441
50.07	0.01436
50.08	0.01828
50.09	0.01714
50.1	0.01761
50.11	0.01772
50.12	0.01749
50.13	0.01753
50.14	0.01700
50.15	0.01302
50.16	0.01495
50.17	0.01365
50.18	0.01403
50.19	0.00985
50.2	0.01090
50.21	0.01031
50.22	0.01007
50.23	0.01087
50.24	0.01454
50.25	0.01253
50.26	0.01302
50.27	0.00866
50.28	0.01068
50.29	0.00934
50.3	0.00970
50.31	0.01345
50.32	0.01140
50.33	0.00837
50.34	0.00627
50.35	0.00532
50.36	0.00141
50.37	0.00313
50.38	0.00167
50.39	0.00282
50.4	0.00640
50.41	0.00444
50.42	0.00560
50.43	0.00139
50.44	0.00247
50.45	0.00188
50.46	0.00055
50.47	0.00140
50.48	0.00149
50.49	0.00099
50.5	0.00144
50.51	0.00107
50.52	0.00114
50.53	-0.00031
50.54	-0.00324
50.55	-0.00184
50.56	-0.00295
50.57	-0.00258
50.58	-0.00278
50.59	-0.00281
50.6	-0.00288
50.61	-0.00262
50.62	0.00018
50.63	-0.00130
50.64	-0.00384
50.65	-0.00257
50.66	-0.00344
50.67	-0.00599
50.68	-0.00201
50.69	-0.00416
50.7	-0.00320
50.71	-0.00357
50.72	-0.00355
50.73	-0.00362
50.74	-0.00367
50.75	-0.00372
50.76	-0.00379
50.77	-0.00383
50.78	-0.00373
50.79	-0.00378
50.8	-0.00403
50.81	-0.00396
50.82	-0.00590
50.83	-0.00768
50.84	-0.00876
50.85	-0.00888
50.86	-0.01151
50.87	-0.01044
50.88	-0.00683
50.89	-0.00823
50.9	-0.00564
50.91	-0.00825
50.92	-0.00730
50.93	-0.00751
50.94	-0.00773
50.95	-0.01219
50.96	-0.01024
50.97	-0.01130
50.98	-0.00871
50.99	-0.00786
51	-0.00818
51.01	-0.00301
51.02	-0.00556
51.03	-0.00662
51.04	-0.00786
51.05	-0.00734
51.06	-0.00796
51.07	-0.00524
51.08	-0.00450
51.09	-0.00492
51.1	-0.00188
51.11	-0.00341
51.12	-0.00069
51.13	-0.00179
51.14	-0.00424
51.15	-0.00440
51.16	-0.00433
51.17	-0.00476
51.18	-0.00452
51.19	-0.00463
51.2	-0.00415
51.21	-0.00282
51.22	-0.00062
51.23	-0.00125
51.24	-0.00079
51.25	-0.00084
51.26	0.00269
51.27	0.00194
51.28	-0.00168
51.29	-0.00035
51.3	-0.00106
51.31	-0.00113
51.32	-0.00497
51.33	-0.00392
51.34	-0.00439
51.35	-0.00457
51.36	-0.00038
51.37	-0.00156
51.38	-0.00208
51.39	-0.00510
51.4	-0.00358
51.41	-0.00458
51.42	-0.00419
51.43	-0.00427
51.44	-0.00420
51.45	-0.00416
51.46	-0.00281
51.47	0.00010
51.48	-0.00004
51.49	0.00395
51.5	-0.00220
51.51	0.00489
51.52	0.00207
51.53	0.00307
51.54	0.00313
51.55	0.00299
51.56	0.00313
51.57	0.00310
51.58	0.00313
51.59	0.00497
51.6	0.00676
51.61	0.00586
51.62	0.00669
51.63	0.00632
51.64	0.00225
51.65	0.00839
51.66	0.00548
51.67	0.00686
51.68	0.01109
51.69	0.00908
51.7	0.01023
51.71	0.00985
51.72	0.00794
51.73	0.00661
51.74	0.00674
51.75	0.00667
51.76	0.00652
51.77	0.00664
51.78	0.00417
51.79	0.00334
51.8	0.00380
51.81	0.00323
51.82	0.00354
51.83	0.00344
51.84	0.00614
51.85	0.00704
51.86	0.00395
51.87	0.00370
51.88	0.00387
51.89	0.00338
51.9	0.00366
51.91	0.00662
51.92	0.00703
51.93	0.01123
51.94	0.00952
51.95	0.00725
51.96	0.00706
51.97	0.00671
51.98	0.00237
51.99	0.00457
52	0.00332
52.01	0.00639
52.02	0.00229
52.03	0.00735
52.04	0.00649
52.05	0.00663
52.06	0.00704
52.07	0.00677
52.08	0.00690
52.09	0.00376
52.1	0.00385
52.11	0.00383
52.12	0.00343
52.13	0.00368
52.14	0.00354
52.15	0.00666
52.16	0.00368
52.17	0.00800
52.18	0.00623
52.19	0.01038
52.2	0.00985
52.21	0.00965
52.22	0.01017
52.23	0.00978
52.24	0.00990
52.25	0.00987
52.26	0.01012
52.27	0.00663
52.28	0.00835
52.29	0.01073
52.3	0.00930
52.31	0.01005
52.32	0.00980
52.33	0.00980
52.34	0.00975
52.35	0.00972
52.36	0.00963
52.37	0.00932
52.38	0.00879
52.39	0.00507
52.4	0.00689
52.41	0.00568
52.42	0.00605
52.43	0.00590
52.44	0.00589
52.45	0.00585
52.46	0.00581
52.47	0.00579
52.48	0.00574
52.49	0.00569
52.5	0.00197
52.51	0.00357
52.52	0.00661
52.53	0.00460
52.54	0.00893
52.55	0.00749
52.56	0.00898
52.57	0.00863
52.58	0.00888
52.59	0.00871
52.6	0.00802
52.61	0.00410
52.62	0.00604
52.63	0.00409
52.64	0.00092
52.65	0.00326
52.66	0.00593
52.67	0.00497
52.68	0.00960
52.69	0.00734
52.7	0.00859
52.71	0.00807
52.72	0.00815
52.73	0.00409
52.74	0.00146
52.75	0.00191
52.76	0.00119
52.77	-0.00281
52.78	-0.00102
52.79	0.00225
52.8	0.00010
52.81	0.00147
52.82	0.00090
52.83	0.00107
52.84	0.00069
52.85	0.00010
52.86	-0.00024
52.87	-0.00367
52.88	-0.00132
52.89	0.00174
52.9	-0.00009
52.91	0.00112
52.92	0.00064
52.93	0.00078
52.94	0.00068
52.95	0.00066
52.96	0.00063
52.97	0.00061
52.98	0.00125
52.99	0.00503
53	0.00275
53.01	0.00410
53.02	0.00355
53.03	-0.00001
53.04	0.00093
53.05	0.00041
53.06	0.00023
53.07	0.00036
53.08	0.00025
53.09	0.00026
53.1	0.00022
53.11	0.00021
53.12	0.00018
53.13	0.00015
53.14	0.00014
53.15	-0.00018
53.16	-0.00012
53.17	-0.00083
53.18	-0.00473
53.19	-0.00208
53.2	0.00050
53.21	-0.00133
53.22	-0.00015
53.23	-0.00061
53.24	-0.00050
53.25	-0.00082
53.26	-0.00075
53.27	-0.00081
53.28	-0.00083
53.29	-0.00089
53.3	-0.00117
53.31	-0.00128
53.32	-0.00132
53.33	-0.00140
53.34	-0.00136
53.35	-0.00140
53.36	-0.00140
53.37	-0.00141
53.38	-0.00170
53.39	-0.00163
53.4	-0.00143
53.41	-0.00180
53.42	-0.00162
53.43	-0.00172
53.44	-0.00174
53.45	-0.00202
53.46	-0.00188
53.47	-0.00204
53.48	-0.00226
53.49	-0.00629
53.5	-0.00503
53.51	-0.00443
53.52	-0.00482
53.53	-0.00466
53.54	-0.00179
53.55	-0.00324
53.56	-0.00275
53.57	-0.00290
53.58	-0.00288
53.59	-0.00297
53.6	-0.00317
53.61	-0.00316
53.62	-0.00344
53.63	-0.00786
53.64	-0.00329
53.65	-0.00459
53.66	-0.00375
53.67	-0.00427
53.68	-0.00388
53.69	-0.00416
53.7	-0.00430
53.71	-0.00450
53.72	-0.00444
53.73	-0.00346
53.74	-0.00056
53.75	-0.00228
53.76	-0.00272
53.77	-0.00597
53.78	-0.00447
53.79	-0.00578
53.8	-0.00532
53.81	-0.00571
53.82	-0.00124
53.83	-0.00325
53.84	-0.00218
53.85	-0.00073
53.86	-0.00079
53.87	-0.00112
53.88	-0.00061
53.89	-0.00371
53.9	-0.00217
53.91	-0.00305
53.92	-0.00272
53.93	-0.00282
53.94	-0.00312
53.95	-0.00296
53.96	-0.00303
53.97	-0.00302
53.98	-0.00299
53.99	-0.00300
54	-0.00115
54.01	0.00063
54.02	-0.00011
54.03	0.00057
54.04	-0.00014
54.05	-0.00183
54.06	-0.00365
54.07	-0.00275
54.08	-0.00355
54.09	-0.00585
54.1	-0.00723
54.11	-0.00651
54.12	-0.00727
54.13	-0.00690
54.14	-0.00687
54.15	-0.00209
54.16	-0.00223
54.17	0.00044
54.18	-0.00037
54.19	-0.00006
54.2	0.00001
54.21	-0.00010
54.22	-0.00311
54.23	-0.00327
54.24	-0.00319
54.25	-0.00694
54.26	-0.00383
54.27	-0.00490
54.28	-0.00328
54.29	-0.00385
54.3	-0.00341
54.31	-0.00685
54.32	-0.00670
54.33	-0.00672
54.34	-0.00712
54.35	-0.00686
54.36	-0.00628
54.37	-0.00629
54.38	-0.00688
54.39	-0.00627
54.4	-0.00678
54.41	-0.00677
54.42	-0.00680
54.43	-0.00676
54.44	-0.00677
54.45	-0.00735
54.46	-0.00722
54.47	-0.00618
54.48	-0.01107
54.49	-0.01007
54.5	-0.01374
54.51	-0.00829
54.52	-0.01061
54.53	-0.00952
54.54	-0.00957
54.55	-0.00958
54.56	-0.00949
54.57	-0.00948
54.58	-0.01358
54.59	-0.01200
54.6	-0.01273
54.61	-0.01267
54.62	-0.00997
54.63	-0.01162
54.64	-0.01271
54.65	-0.01152
54.66	-0.01251
54.67	-0.01208
54.68	-0.01186
54.69	-0.01188
54.7	-0.01176
54.71	-0.00799
54.72	-0.00913
54.73	-0.00849
54.74	-0.00988
54.75	-0.00968
54.76	-0.00965
54.77	-0.01235
54.78	-0.01090
54.79	-0.01163
54.8	-0.01124
54.81	-0.01127
54.82	-0.00802
54.83	-0.00803
54.84	-0.01174
54.85	-0.01023
54.86	-0.01086
54.87	-0.01083
54.88	-0.01064
54.89	-0.01063
54.9	-0.01047
54.91	-0.00638
54.92	-0.00798
54.93	-0.00700
54.94	-0.00721
54.95	-0.00676
54.96	-0.00703
54.97	-0.00686
54.98	-0.00669
54.99	-0.00659
55	-0.00653
55.01	-0.00643
55.02	-0.00643
55.03	-0.00274
55.04	-0.00381
55.05	-0.00444
55.06	-0.00442
55.07	-0.00686
55.08	-0.00564
55.09	-0.00605
55.1	-0.00583
55.11	-0.00576
55.12	-0.00570
55.13	-0.00221
55.14	-0.00305
55.15	-0.00257
55.16	-0.00213
55.17	-0.00242
55.18	-0.00251
55.19	-0.00611
55.2	-0.00279
55.21	-0.00205
55.22	-0.00244
55.23	-0.00202
55.24	-0.00194
55.25	-0.00170
55.26	-0.00173
55.27	-0.00162
55.28	-0.00158
55.29	-0.00153
55.3	-0.00109
55.31	0.00269
55.32	0.00086
55.33	0.00200
55.34	0.00171
55.35	0.00182
55.36	0.00183
55.37	0.00185
55.38	0.00189
55.39	0.00191
55.4	0.00193
55.41	0.00198
55.42	0.00468
55.43	0.00403
55.44	0.00497
55.45	0.00464
55.46	0.00495
55.47	0.00478
55.48	0.00475
55.49	0.00473
55.5	0.00490
55.51	0.00483
55.52	0.00552
55.53	0.00836
55.54	0.00688
55.55	0.00781
55.56	0.00743
55.57	0.00751
55.58	0.00764
55.59	0.01144
55.6	0.00947
55.61	0.01018
55.62	0.00952
55.63	0.01052
55.64	0.00979
55.65	0.01020
55.66	0.00637
55.67	0.00773
55.68	0.00699
55.69	0.00697
55.7	0.00704
55.71	0.01070
55.72	0.00900
55.73	0.00982
55.74	0.00977
55.75	0.01310
55.76	0.01103
55.77	0.01081
55.78	0.01137
55.79	0.00809
55.8	0.00962
55.81	0.00873
55.82	0.00893
55.83	0.00881
55.84	0.00877
55.85	0.01231
55.86	0.01062
55.87	0.01138
55.88	0.01102
55.89	0.00942
55.9	0.00991
55.91	0.00989
55.92	0.00785
55.93	0.00796
55.94	0.00473
55.95	0.00616
55.96	0.00576
55.97	0.00877
55.98	0.00735
55.99	0.00814
56	0.00781
56.01	0.00782
56.02	0.00775
56.03	0.00767
56.04	0.00759
56.05	0.00753
56.06	0.00748
56.07	0.00738
56.08	0.00734
56.09	0.00726
56.1	0.00720
56.11	0.00713
56.12	0.00929
56.13	0.00915
56.14	0.00683
56.15	0.00904
56.16	0.00617
56.17	0.01011
56.18	0.00629
56.19	0.00772
56.2	0.00611
56.21	0.00659
56.22	0.00618
56.23	0.00624
56.24	0.00598
56.25	0.00597
56.26	0.00596
56.27	0.00592
56.28	0.00583
56.29	0.00565
56.3	0.00579
56.31	0.00561
56.32	0.00557
56.33	0.00550
56.34	0.00544
56.35	0.00537
56.36	0.00529
56.37	0.00524
56.38	0.00516
56.39	0.00507
56.4	0.00486
56.41	0.00495
56.42	0.00488
56.43	0.00265
56.44	0.00269
56.45	0.00262
56.46	0.00232
56.47	0.00242
56.48	0.00232
56.49	0.00231
56.5	0.00226
56.51	0.00224
56.52	0.00247
56.53	0.00479
56.54	0.00258
56.55	0.00195
56.56	0.00245
56.57	0.00294
56.58	0.00228
56.59	0.00181
56.6	0.00202
56.61	0.00195
56.62	0.00440
56.63	0.00308
56.64	0.00375
56.65	0.00347
56.66	0.00346
56.67	0.00482
56.68	0.00260
56.69	0.00356
56.7	0.00326
56.71	0.00323
56.72	0.00298
56.73	0.00301
56.74	0.00291
56.75	0.00283
56.76	0.00276
56.77	0.00277
56.78	0.00260
56.79	0.00262
56.8	0.00267
56.81	0.00236
56.82	0.00257
56.83	0.00239
56.84	0.00237
56.85	0.00226
56.86	0.00221
56.87	0.00217
56.88	0.00194
56.89	0.00193
56.9	0.00182
56.91	0.00176
56.92	0.00170
56.93	0.00164
56.94	0.00157
56.95	0.00129
56.96	0.00078
56.97	0.00038
56.98	0.00017
56.99	-0.00075
57	-0.00250
57.01	-0.00166
57.02	-0.00119
57.03	-0.00264
57.04	-0.00178
57.05	-0.00228
57.06	-0.00207
57.07	-0.00214
57.08	-0.00212
57.09	-0.00304
57.1	-0.00178
57.11	-0.00353
57.12	-0.00153
57.13	-0.00242
57.14	-0.00198
57.15	-0.00214
57.16	-0.00211
57.17	-0.00405
57.18	-0.00331
57.19	-0.00365
57.2	-0.00361
57.21	-0.00355
57.22	-0.00354
57.23	-0.00349
57.24	-0.00345
57.25	-0.00343
57.26	-0.00340
57.27	-0.00336
57.28	-0.00333
57.29	-0.00329
57.3	-0.00326
57.31	-0.00323
57.32	-0.00319
57.33	-0.00317
57.34	-0.00314
57.35	-0.00311
57.36	-0.00306
57.37	-0.00303
57.38	-0.00302
57.39	-0.00290
57.4	-0.00125
57.41	-0.00291
57.42	-0.00111
57.43	-0.00195
57.44	-0.00154
57.45	-0.00169
57.46	-0.00166
57.47	-0.00166
57.48	-0.00163
57.49	-0.00158
57.5	-0.00161
57.51	-0.00160
57.52	-0.00171
57.53	-0.00166
57.54	-0.00160
57.55	-0.00163
57.56	-0.00161
57.57	-0.00162
57.58	-0.00051
57.59	-0.00085
57.6	0.00043
57.61	0.00008
57.62	0.00011
57.63	0.00015
57.64	0.00002
57.65	0.00000
57.66	-0.00008
57.67	-0.00013
57.68	-0.00019
57.69	-0.00026
57.7	-0.00031
57.71	-0.00037
57.72	-0.00041
57.73	-0.00048
57.74	-0.00053
57.75	-0.00058
57.76	-0.00063
57.77	-0.00068
57.78	-0.00074
57.79	-0.00079
57.8	-0.00083
57.81	-0.00096
57.82	-0.00129
57.83	-0.00176
57.84	-0.00163
57.85	-0.00174
57.86	-0.00172
57.87	-0.00180
57.88	-0.00180
57.89	-0.00182
57.9	-0.00183
57.91	-0.00228
57.92	-0.00209
57.93	-0.00217
57.94	-0.00260
57.95	-0.00239
57.96	-0.00247
57.97	-0.00243
57.98	-0.00242
57.99	-0.00284
58	-0.00294
58.01	-0.00282
58.02	-0.00227
58.03	-0.00252
58.04	-0.00237
58.05	-0.00273
58.06	-0.00281
58.07	-0.00272
58.08	-0.00311
58.09	-0.00256
58.1	-0.00277
58.11	-0.00263
58.12	-0.00264
58.13	-0.00259
58.14	-0.00260
58.15	-0.00252
58.16	-0.00250
58.17	-0.00248
58.18	-0.00243
58.19	-0.00240
58.2	-0.00238
58.21	-0.00232
58.22	-0.00230
58.23	-0.00225
58.24	-0.00221
58.25	-0.00224
58.26	-0.00226
58.27	-0.00243
58.28	-0.00228
58.29	-0.00228
58.3	-0.00251
58.31	-0.00236
58.32	-0.00235
58.33	-0.00229
58.34	-0.00222
58.35	-0.00216
58.36	-0.00211
58.37	-0.00206
58.38	-0.00199
58.39	-0.00179
58.4	-0.00181
58.41	-0.00176
58.42	-0.00158
58.43	-0.00159
58.44	-0.00152
58.45	-0.00149
58.46	-0.00143
58.47	-0.00140
58.48	-0.00137
58.49	-0.00133
58.5	-0.00128
58.51	-0.00126
58.52	-0.00121
58.53	-0.00116
58.54	-0.00112
58.55	-0.00105
58.56	-0.00095
58.57	-0.00095
58.58	-0.00089
58.59	-0.00087
58.6	-0.00082
58.61	-0.00082
58.62	-0.00091
58.63	-0.00075
58.64	-0.00078
58.65	-0.00076
58.66	-0.00067
58.67	-0.00073
58.68	-0.00065
58.69	-0.00062
58.7	-0.00069
58.71	-0.00057
58.72	-0.00064
58.73	-0.00051
58.74	-0.00051
58.75	-0.00050
58.76	-0.00048
58.77	-0.00047
58.78	-0.00049
58.79	-0.00044
58.8	-0.00044
58.81	-0.00040
58.82	-0.00039
58.83	-0.00038
58.84	-0.00035
58.85	-0.00032
58.86	-0.00030
58.87	-0.00028
58.88	-0.00026
58.89	-0.00021
58.9	-0.00021
58.91	-0.00019
58.92	-0.00018
58.93	-0.00017
58.94	-0.00017
58.95	-0.00016
58.96	-0.00012
58.97	-0.00010
58.98	-0.00011
58.99	-0.00007
59	-0.00007
59.01	-0.00006
59.02	-0.00005
59.03	-0.00006
59.04	-0.00002
59.05	0.00001
59.06	-0.00001
59.07	0.00003
59.08	0.00003
59.09	0.00003
59.1	0.00004
59.11	0.00006
59.12	0.00008
59.13	0.00009
59.14	0.00009
59.15	0.00010
59.16	0.00011
59.17	0.00012
59.18	0.00012
59.19	0.00014
59.2	0.00016
59.21	0.00017
59.22	0.00017
59.23	0.00017
59.24	0.00017
59.25	0.00019
59.26	0.00019
59.27	0.00019
59.28	0.00021
59.29	0.00020
59.3	0.00021
59.31	0.00021
59.32	0.00024
59.33	0.00024
59.34	0.00025
59.35	0.00025
59.36	0.00025
59.37	0.00025
59.38	0.00026
59.39	0.00026
59.4	0.00026
59.41	0.00028
59.42	0.00027
59.43	0.00028
59.44	0.00028
59.45	0.00028
59.46	0.00028
59.47	0.00029
59.48	0.00029
59.49	0.00029
59.5	0.00030
59.51	0.00030
59.52	0.00030
59.53	0.00029
59.54	0.00029
59.55	0.00029
59.56	0.00029
59.57	0.00029
59.58	0.00029
59.59	0.00029
59.6	0.00033
59.61	0.00033
59.62	0.00033
59.63	0.00033
59.64	0.00032
59.65	0.00032
59.66	0.00032
59.67	0.00032
59.68	0.00032
59.69	0.00033
59.7	0.00033
59.71	0.00033
59.72	0.00033
59.73	0.00032
59.74	0.00032
59.75	0.00032
59.76	0.00032
59.77	0.00032
59.78	0.00032
59.79	0.00032
59.8	0.00032
59.81	0.00032
59.82	0.00032
59.83	0.00030
59.84	0.00030
59.85	0.00030
59.86	0.00030
59.87	0.00030
59.88	0.00030
59.89	0.00030
59.9	0.00030
59.91	0.00030
59.92	0.00030
59.93	0.00030
59.94	0.00025
59.95	0.00025
59.96	0.00025
59.97	0.00025
59.98	0.00022
