1 4.06967e-05 0.000121923 0.000207256 0.000314748 0.000393083 0.000453279 0.000555032 0.000629259 0.000678239 0.000603225 0.000625511 0.000641255 0.000643086 0.000647542
2 5.14139e-05 0.000173973 0.000372745 0.000475779 0.000957112 0.000902602 0.00112619 0.00125341 0.00131995 0.00113887 0.00125061 0.00121212 0.00152642 0.00131469
3 4.42673e-05 0.000158613 0.000392771 0.000484678 0.0012764 0.00112346 0.00143381 0.00163119 0.00184955 0.0016341 0.00198729 0.00202512 0.00285522 0.00243992
4 3.53269e-05 0.00012718 0.000333902 0.000407181 0.00128761 0.00110513 0.00154975 0.00202406 0.00255021 0.00228205 0.00301896 0.00325976 0.00485182 0.00427578
5 2.96348e-05 0.000104653 0.000273437 0.00032609 0.00119107 0.00102328 0.00158245 0.0023683 0.00332237 0.00299473 0.00427375 0.00489844 0.00750306 0.00688235
6 2.6122e-05 9.01943e-05 0.000225532 0.000265081 0.00104182 0.000888907 0.00149971 0.00256738 0.00401866 0.00363917 0.00557788 0.00678326 0.0105553 0.0100749
7 2.20508e-05 7.48985e-05 0.000178649 0.000210419 0.000890351 0.000745645 0.00135068 0.00263161 0.0046056 0.00418583 0.00687218 0.00886815 0.0138743 0.013755
8 1.90364e-05 6.39473e-05 0.000151555 0.000176948 0.00076354 0.000622413 0.00118182 0.00259522 0.00508533 0.00463776 0.00813724 0.0111414 0.017358 0.0178235
9 1.80898e-05 5.99478e-05 0.000137944 0.000163203 0.000664297 0.000526679 0.00101735 0.00247968 0.00544589 0.00498089 0.00931986 0.0135356 0.0208031 0.022029
10 1.74776e-05 5.75572e-05 0.000129582 0.000155537 0.000587065 0.000456029 0.000868723 0.00229976 0.00566011 0.00518986 0.0103368 0.0159146 0.0238997 0.0259754
11 1.69327e-05 5.55724e-05 0.000123323 0.000149743 0.000526416 0.000404984 0.000741896 0.00207326 0.00571011 0.00524918 0.0111112 0.0181275 0.0263715 0.0292676
12 1.64501e-05 5.38468e-05 0.000118242 0.000144867 0.000479163 0.000368767 0.000640543 0.00182498 0.00560895 0.00517007 0.0116227 0.0200853 0.0281151 0.031718
13 1.60596e-05 5.24482e-05 0.000114205 0.000140918 0.000443217 0.000343527 0.000564564 0.00157951 0.00539035 0.00498603 0.0119016 0.021794 0.0292077 0.0333747
14 1.5756e-05 5.13574e-05 0.000111097 0.000137887 0.000416677 0.000326192 0.000510719 0.00135482 0.00509618 0.00473401 0.0120033 0.0233122 0.0298129 0.0344064
15 1.55303e-05 5.05481e-05 0.000108769 0.00013561 0.000397377 0.0003143 0.000474034 0.00116031 0.00475976 0.0044462 0.0119816 0.0247067 0.0300865 0.0349982
16 1.53583e-05 4.99338e-05 0.000107031 0.000133896 0.000383372 0.000306025 0.000449478 0.000998761 0.00440575 0.00414398 0.011877 0.0260358 0.0301454 0.0352914
17 1.5223e-05 4.94525e-05 0.000105691 0.000132568 0.00037307 0.000300084 0.000432951 0.000869207 0.00405066 0.00384118 0.0117159 0.0273425 0.0300634 0.0353831
18 1.51123e-05 4.90605e-05 0.000104626 0.000131496 0.000365302 0.000295628 0.00042157 0.000768146 0.00370484 0.00354628 0.0115151 0.0286511 0.0298889 0.0353291
19 1.50188e-05 4.87307e-05 0.000103751 0.000130602 0.000359265 0.000292134 0.000413466 0.00069127 0.00337488 0.00326439 0.0112861 0.0299779 0.0296478 0.0351624
20 1.49377e-05 4.84457e-05 0.000103007 0.000129831 0.000354419 0.000289278 0.00040741 0.000634271 0.00306448 0.00299848 0.0110366 0.0313324 0.0293532 0.034903