1 3.98379e-05 0.00011952 0.000182743 0.000255792 0.000325404 0.000398016 0.000466061 0.00046426 0.000525165 0.000580826 0.000632782 0.000633578 0.000680253 0.000726062 0.000753014 0.000780341
2 5.40951e-05 0.000201559 0.000295223 0.000420831 0.000732074 0.000724333 0.000997483 0.00119893 0.0010821 0.00129801 0.00138688 0.00144376 0.00200335 0.0015014 0.00237856 0.00182617
3 4.79684e-05 0.000200359 0.000291643 0.000428966 0.00089412 0.0008218 0.00125881 0.00171964 0.00147835 0.00194654 0.00221092 0.00239964 0.00394876 0.00273578 0.00507429 0.00362781
4 4.31741e-05 0.000189561 0.000263366 0.000413427 0.00100163 0.000882284 0.00150221 0.00219514 0.00186412 0.00261691 0.00314797 0.0034346 0.00608296 0.00438957 0.00827469 0.00605502
5 4.32992e-05 0.00018581 0.00026469 0.00040864 0.001051 0.000924419 0.00169053 0.00256678 0.00225718 0.00336797 0.00432539 0.00472574 0.00883854 0.00683153 0.0129741 0.00987732
6 4.09867e-05 0.000173779 0.000251737 0.000383458 0.0010199 0.00090332 0.00176406 0.00278321 0.00257191 0.00407953 0.00561374 0.00609198 0.0118924 0.0100845 0.018906 0.0151584
7 3.58937e-05 0.000150664 0.000219145 0.000331376 0.000905974 0.000799875 0.00164311 0.00266318 0.00259521 0.00435984 0.00644834 0.00697194 0.0141561 0.0133631 0.0241053 0.0204668
8 3.22488e-05 0.000131906 0.000190436 0.00028584 0.000771944 0.000675101 0.00142272 0.00234642 0.00239119 0.00424053 0.00675013 0.0072862 0.0153085 0.0162308 0.0276159 0.0248613
9 3.02864e-05 0.000120282 0.000173846 0.000256678 0.000666958 0.00057572 0.00121163 0.0020176 0.00211007 0.00392821 0.00671627 0.00724189 0.0157164 0.018837 0.029802 0.0293917
10 2.90883e-05 0.00011302 0.000164056 0.000238551 0.00059239 0.000505911 0.00104084 0.00173524 0.00182306 0.00353284 0.00646274 0.00696783 0.0155891 0.0212357 0.0314659 0.0340408
11 2.81748e-05 0.000107819 0.000157346 0.000226336 0.000538174 0.00045756 0.00090873 0.00150778 0.00156 0.0031117 0.00605578 0.00653296 0.0150431 0.0233945 0.0326313 0.0386927
12 2.74043e-05 0.000103793 0.000152153 0.000217041 0.000498321 0.000423752 0.000809391 0.00133034 0.00133397 0.00270315 0.00555277 0.00599815 0.0141888 0.0252848 0.0332966 0.043238
13 2.67456e-05 0.000100484 0.000147902 0.000209804 0.00046791 0.00039927 0.000734981 0.00119587 0.00114951 0.00233192 0.00500345 0.0054195 0.0131461 0.0269047 0.0335141 0.0476067
14 2.62034e-05 9.77119e-05 0.000144319 0.000203867 0.000444182 0.000381074 0.000679583 0.00109522 0.00100556 0.00201299 0.00445349 0.0048372 0.0120136 0.028243 0.0333573 0.0517593
15 2.57494e-05 9.54188e-05 0.000141342 0.000198993 0.000425658 0.000367419 0.000638676 0.00102059 0.000896738 0.00174955 0.00392982 0.00428622 0.0108744 0.0293433 0.0329336 0.0557345
16 2.5365e-05 9.35083e-05 0.000138903 0.000194953 0.000411049 0.000356804 0.000607849 0.000965281 0.00081653 0.00153814 0.0034507 0.00378259 0.00982057 0.0302134 0.0322931 0.0595243
17 2.50391e-05 9.19104e-05 0.000136877 0.000191588 0.000399276 0.000348334 0.000584311 0.000923641 0.000758126 0.00137192 0.00302554 0.00333533 0.00887996 0.0308633 0.0315032 0.0631664
18 2.47572e-05 9.05478e-05 0.000135142 0.00018873 0.000389683 0.000341373 0.000566184 0.000891376 0.000715473 0.00124408 0.00265604 0.00294668 0.00804817 0.0313273 0.0305905 0.0666441
19 2.45109e-05 8.93723e-05 0.000133634 0.000186275 0.000382726 0.000335533 0.00055193 0.000866164 0.000683992 0.00114671 0.00234055 0.0026169 0.00731943 0.0316125 0.0295973 0.0699798
20 2.42913e-05 8.83381e-05 0.000132296 0.000184123 0.000377304 0.000330514 0.000540555 0.000845852 0.000660297 0.00107281 0.00207546 0.00234146 0.00668668 0.0317269 0.0285513 0.0731865