1 2.97606e-05 8.92001e-05 0.000152815 0.000233742 0.000298272 0.000348916 0.000437934 0.000515044 0.000575103 0.000531593 0.000577744 0.000620771 0.000654957 0.000683898
2 3.97094e-05 0.000132009 0.000278061 0.000358175 0.000746179 0.000716656 0.000940972 0.00113704 0.00128922 0.00124186 0.00152234 0.00159492 0.00213977 0.00194797
3 3.89813e-05 0.00013668 0.0003318 0.000407141 0.00117978 0.00106084 0.00151214 0.00202755 0.0025225 0.00244454 0.00323817 0.00358479 0.00514613 0.00480084
4 3.45584e-05 0.000122744 0.00031943 0.000385973 0.00138827 0.00123887 0.00189462 0.00280867 0.00378597 0.00371699 0.00534241 0.00632918 0.00927438 0.00903715
5 2.94128e-05 0.000103512 0.000270415 0.000325608 0.00131641 0.00120235 0.00196984 0.00323999 0.00474728 0.00449054 0.00677942 0.0085411 0.0124443 0.0124946
6 2.41613e-05 8.36609e-05 0.000213211 0.000253674 0.00109637 0.00101786 0.00179194 0.00332064 0.00538088 0.00486708 0.0077755 0.0105005 0.0151456 0.0155426
7 2.29353e-05 7.77874e-05 0.000188306 0.000223637 0.000937136 0.000864688 0.00160822 0.00333903 0.00600373 0.00518999 0.00845383 0.0123444 0.0182389 0.019105
8 2.24362e-05 7.5445e-05 0.000176162 0.000211289 0.000823068 0.000745679 0.00143098 0.00329959 0.00660394 0.00545558 0.00939717 0.0148104 0.0223541 0.0239003
9 2.18964e-05 7.33715e-05 0.000167632 0.000203507 0.000731122 0.000649074 0.00125255 0.00316561 0.00707306 0.00581337 0.0108473 0.0184123 0.0281748 0.0307583
10 2.06574e-05 6.9044e-05 0.000155089 0.000190835 0.000668545 0.000567397 0.0011083 0.00309596 0.00777483 0.00639405 0.0128659 0.0235141 0.0360562 0.0403164
11 1.95028e-05 6.49353e-05 0.000146796 0.000177922 0.000622203 0.000512177 0.000986411 0.00298823 0.00845856 0.00696992 0.015069 0.0296165 0.0449843 0.0519551
12 1.85024e-05 6.13125e-05 0.000137269 0.000167099 0.000563301 0.000456318 0.000850619 0.00273182 0.00872683 0.00720443 0.0166715 0.0351336 0.0528091 0.064725
13 1.71756e-05 5.66656e-05 0.000125225 0.00015389 0.000493277 0.000397405 0.000706032 0.00232846 0.0083858 0.00693592 0.0171319 0.0386438 0.0584373 0.0764931
14 1.59158e-05 5.22207e-05 0.000113572 0.000141336 0.000426476 0.000344704 0.000576693 0.0018655 0.00754185 0.00626082 0.0165074 0.039949 0.0615411 0.0861191
15 1.49166e-05 4.86734e-05 0.000104178 0.000131354 0.000372297 0.000304235 0.000477814 0.00143207 0.00643786 0.00538367 0.0151868 0.0396695 0.0628083 0.0941221
16 1.41362e-05 4.59156e-05 9.69405e-05 0.000123658 0.000331374 0.000275075 0.00040928 0.00107383 0.00527898 0.00446728 0.0135147 0.0383819 0.0630391 0.101316
17 1.35014e-05 4.3693e-05 9.1283e-05 0.000117507 0.000301083 0.000254037 0.000363595 0.000803578 0.0041992 0.00360858 0.0117221 0.03643 0.062737 0.10818
18 1.309e-05 4.22777e-05 8.69389e-05 0.000113861 0.000278644 0.000238559 0.000332993 0.000614086 0.00326306 0.00285506 0.00995969 0.0340447 0.0621542 0.114884
19 1.28255e-05 4.13512e-05 8.43254e-05 0.000111362 0.000261245 0.000227391 0.000311458 0.000489198 0.00249187 0.00222555 0.00836199 0.0315414 0.0614301 0.121459
20 1.25706e-05 4.04842e-05 8.21573e-05 0.000109056 0.000249475 0.000219737 0.000297112 0.000412029 0.00188964 0.00172695 0.00704926 0.0293011 0.0606169 0.127823