t(s)	a(g)
0	0
0.005	0.00035
0.01	0.01446
0.015	-0.03527
0.02	-0.03548
0.025	-0.0689
0.03	-0.06885
0.035	-0.0688
0.04	-0.06873
0.045	-0.06867
0.05	-0.06858
0.055	-0.06833
0.06	-0.06806
0.065	-0.06778
0.07	-0.06743
0.075	-0.06708
0.08	-0.06675
0.085	-0.06643
0.09	-0.06606
0.095	-0.06556
0.1	-0.06503
0.105	-0.06451
0.11	-0.06393
0.115	-0.0633
0.12	-0.06265
0.125	-0.06201
0.13	-0.06137
0.135	-0.06053
0.14	-0.05964
0.145	-0.05878
0.15	-0.05792
0.155	-0.05698
0.16	-0.05612
0.165	-0.05533
0.17	-0.05458
0.175	-0.05375
0.18	-0.05282
0.185	-0.0518
0.19	-0.05074
0.195	-0.04967
0.2	-0.04854
0.205	-0.04743
0.21	-0.04628
0.215	-0.04522
0.22	-0.04427
0.225	-0.0434
0.23	-0.04253
0.235	-0.04166
0.24	-0.04074
0.245	-0.03979
0.25	-0.03883
0.255	-0.03779
0.26	-0.03669
0.265	-0.03543
0.27	-0.0341
0.275	-0.03289
0.28	-0.03179
0.285	-0.03077
0.29	-0.02976
0.295	-0.02875
0.3	-0.02781
0.305	-0.02691
0.31	-0.02614
0.315	-0.02556
0.32	-0.02511
0.325	-0.02461
0.33	-0.02376
0.335	-0.02262
0.34	-0.02135
0.345	-0.02012
0.35	-0.01897
0.355	-0.0178
0.36	-0.01643
0.365	-0.01502
0.37	-0.01386
0.375	-0.01317
0.38	-0.01282
0.385	-0.01232
0.39	-0.0115
0.395	-0.0105
0.4	-0.0093
0.405	-0.00792
0.41	-0.00649
0.415	-0.00501
0.42	-0.00347
0.425	-0.00194
0.43	-0.00046
0.435	0.00082
0.44	0.00179
0.445	0.00244
0.45	0.00266
0.455	0.0025
0.46	0.00231
0.465	0.00217
0.47	0.00201
0.475	0.00182
0.48	0.00186
0.485	0.00248
0.49	0.00378
0.495	0.00533
0.5	0.00689
0.505	0.00812
0.51	0.00872
0.515	0.00863
0.52	0.00813
0.525	0.00756
0.53	0.00703
0.535	0.00696
0.54	0.00755
0.545	0.00901
0.55	0.01105
0.555	0.01322
0.56	0.01525
0.565	0.01691
0.57	0.01761
0.575	0.01735
0.58	0.01669
0.585	0.01583
0.59	0.01445
0.595	0.01229
0.6	0.00967
0.605	0.00731
0.61	0.00559
0.615	0.00456
0.62	0.00456
0.625	0.00579
0.63	0.00782
0.635	0.0099
0.64	0.01126
0.645	0.01184
0.65	0.01207
0.655	0.01262
0.66	0.01391
0.665	0.01581
0.67	0.01808
0.675	0.0202
0.68	0.02143
0.685	0.02149
0.69	0.02098
0.695	0.02063
0.7	0.02086
0.705	0.022
0.71	0.02368
0.715	0.02483
0.72	0.02424
0.725	0.02152
0.73	0.01771
0.735	0.01444
0.74	0.01269
0.745	0.01236
0.75	0.01235
0.755	0.01193
0.76	0.0105
0.765	0.00771
0.77	0.00403
0.775	0.0005
0.78	-0.00272
0.785	-0.00595
0.79	-0.0096
0.795	-0.01441
0.8	-0.02113
0.805	-0.02888
0.81	-0.03549
0.815	-0.03932
0.82	-0.03915
0.825	-0.03411
0.83	-0.0248
0.835	-0.01395
0.84	-0.005
0.845	-0.00069
0.85	-0.00154
0.855	-0.00574
0.86	-0.0099
0.865	-0.01209
0.87	-0.01154
0.875	-0.00792
0.88	-0.00211
0.885	0.00358
0.89	0.00741
0.895	0.00842
0.9	0.0067
0.905	0.00509
0.91	0.00826
0.915	0.01749
0.92	0.02972
0.925	0.04015
0.93	0.04399
0.935	0.03827
0.94	0.02388
0.945	0.00516
0.95	-0.01397
0.955	-0.02991
0.96	-0.03988
0.965	-0.0437
0.97	-0.04435
0.975	-0.04469
0.98	-0.04615
0.985	-0.0478
0.99	-0.0478
0.995	-0.04512
1	-0.0407
1.005	-0.03793
1.01	-0.04065
1.015	-0.04973
1.02	-0.06152
1.025	-0.07126
1.03	-0.07487
1.035	-0.07052
1.04	-0.05943
1.045	-0.04523
1.05	-0.0314
1.055	-0.01967
1.06	-0.00947
1.065	-0.00006
1.07	0.00752
1.075	0.01252
1.08	0.01523
1.085	0.01427
1.09	0.00811
1.095	-0.00354
1.1	-0.02036
1.105	-0.04144
1.11	-0.06384
1.115	-0.08206
1.12	-0.08972
1.125	-0.08325
1.13	-0.06475
1.135	-0.04106
1.14	-0.02244
1.145	-0.0174
1.15	-0.02747
1.155	-0.04605
1.16	-0.06538
1.165	-0.07918
1.17	-0.08313
1.175	-0.07708
1.18	-0.06542
1.185	-0.05323
1.19	-0.04388
1.195	-0.03743
1.2	-0.0308
1.205	-0.02012
1.21	-0.00436
1.215	0.01333
1.22	0.02871
1.225	0.03881
1.23	0.04312
1.235	0.04301
1.24	0.04075
1.245	0.03879
1.25	0.03868
1.255	0.03946
1.26	0.03913
1.265	0.03657
1.27	0.03081
1.275	0.02168
1.28	0.01092
1.285	0.00058
1.29	-0.00868
1.295	-0.01648
1.3	-0.0219
1.305	-0.02462
1.31	-0.02563
1.315	-0.02644
1.32	-0.02721
1.325	-0.02649
1.33	-0.02344
1.335	-0.01873
1.34	-0.01351
1.345	-0.00839
1.35	-0.00276
1.355	0.00498
1.36	0.01634
1.365	0.03152
1.37	0.04922
1.375	0.06695
1.38	0.08138
1.385	0.08923
1.39	0.08882
1.395	0.08137
1.4	0.07013
1.405	0.05888
1.41	0.05061
1.415	0.04635
1.42	0.04523
1.425	0.04522
1.43	0.0459
1.435	0.04868
1.44	0.05381
1.445	0.05992
1.45	0.06599
1.455	0.07129
1.46	0.07496
1.465	0.07659
1.47	0.07596
1.475	0.07262
1.48	0.0664
1.485	0.05824
1.49	0.05065
1.495	0.04715
1.5	0.05012
1.505	0.05973
1.51	0.07421
1.515	0.09039
1.52	0.10483
1.525	0.11627
1.53	0.12644
1.535	0.1382
1.54	0.15082
1.545	0.15823
1.55	0.15414
1.555	0.13703
1.56	0.11192
1.565	0.08737
1.57	0.07057
1.575	0.06367
1.58	0.06404
1.585	0.06901
1.59	0.07629
1.595	0.08378
1.6	0.09044
1.605	0.09619
1.61	0.10154
1.615	0.10689
1.62	0.11155
1.625	0.11429
1.63	0.11436
1.635	0.11233
1.64	0.10915
1.645	0.10436
1.65	0.09731
1.655	0.08854
1.66	0.07998
1.665	0.07528
1.67	0.07842
1.675	0.08964
1.68	0.10366
1.685	0.11389
1.69	0.11597
1.695	0.11029
1.7	0.10118
1.705	0.09372
1.71	0.09045
1.715	0.09115
1.72	0.09501
1.725	0.10078
1.73	0.10643
1.735	0.11107
1.74	0.11592
1.745	0.12381
1.75	0.13643
1.755	0.15182
1.76	0.16584
1.765	0.17439
1.77	0.17466
1.775	0.1665
1.78	0.15238
1.785	0.13572
1.79	0.11934
1.795	0.1059
1.8	0.09816
1.805	0.098
1.81	0.10532
1.815	0.11786
1.82	0.13091
1.825	0.13873
1.83	0.13956
1.835	0.13553
1.84	0.12998
1.845	0.12491
1.85	0.11995
1.855	0.11293
1.86	0.10127
1.865	0.08303
1.87	0.05812
1.875	0.02925
1.88	0.00231
1.885	-0.01565
1.89	-0.02125
1.895	-0.01501
1.9	0.0001
1.905	0.01899
1.91	0.03485
1.915	0.04236
1.92	0.03911
1.925	0.02595
1.93	0.00591
1.935	-0.0171
1.94	-0.04188
1.945	-0.06755
1.95	-0.09118
1.955	-0.11023
1.96	-0.12358
1.965	-0.12939
1.97	-0.12643
1.975	-0.11593
1.98	-0.10223
1.985	-0.09166
1.99	-0.08904
1.995	-0.09623
2	-0.11234
2.005	-0.13449
2.01	-0.15851
2.015	-0.17968
2.02	-0.19333
2.025	-0.19671
2.03	-0.18943
2.035	-0.17233
2.04	-0.14732
2.045	-0.11783
2.05	-0.08723
2.055	-0.05848
2.06	-0.0331
2.065	-0.00991
2.07	0.01379
2.075	0.03793
2.08	0.05953
2.085	0.07542
2.09	0.08417
2.095	0.08668
2.1	0.08535
2.105	0.08304
2.11	0.08084
2.115	0.07845
2.12	0.07445
2.125	0.06538
2.13	0.04717
2.135	0.01851
2.14	-0.01753
2.145	-0.05484
2.15	-0.08858
2.155	-0.11678
2.16	-0.13948
2.165	-0.15864
2.17	-0.17716
2.175	-0.19637
2.18	-0.21529
2.185	-0.23232
2.19	-0.24558
2.195	-0.25201
2.2	-0.24887
2.205	-0.23593
2.21	-0.21599
2.215	-0.19341
2.22	-0.16884
2.225	-0.14104
2.23	-0.11004
2.235	-0.07756
2.24	-0.04787
2.245	-0.0281
2.25	-0.02417
2.255	-0.03665
2.26	-0.06027
2.265	-0.08564
2.27	-0.10553
2.275	-0.11666
2.28	-0.11994
2.285	-0.11815
2.29	-0.11443
2.295	-0.11219
2.3	-0.11363
2.305	-0.11693
2.31	-0.1202
2.315	-0.12458
2.32	-0.13209
2.325	-0.14359
2.33	-0.15863
2.335	-0.17596
2.34	-0.19421
2.345	-0.21231
2.35	-0.22892
2.355	-0.24249
2.36	-0.25202
2.365	-0.25731
2.37	-0.25727
2.375	-0.24989
2.38	-0.2342
2.385	-0.21119
2.39	-0.18251
2.395	-0.15036
2.4	-0.11694
2.405	-0.08244
2.41	-0.04696
2.415	-0.01367
2.42	0.01236
2.425	0.02716
2.43	0.03065
2.435	0.02734
2.44	0.02241
2.445	0.02092
2.45	0.02633
2.455	0.03851
2.46	0.05353
2.465	0.06724
2.47	0.07562
2.475	0.0747
2.48	0.0616
2.485	0.03589
2.49	-0.00039
2.495	-0.04069
2.5	-0.07522
2.505	-0.09694
2.51	-0.10491
2.515	-0.10067
2.52	-0.08709
2.525	-0.06667
2.53	-0.04234
2.535	-0.01777
2.54	0.00487
2.545	0.02511
2.55	0.04243
2.555	0.05556
2.56	0.06223
2.565	0.06162
2.57	0.05564
2.575	0.04611
2.58	0.03563
2.585	0.02801
2.59	0.02743
2.595	0.03711
2.6	0.0586
2.605	0.09073
2.61	0.13039
2.615	0.17318
2.62	0.21457
2.625	0.25265
2.63	0.28846
2.635	0.32396
2.64	0.35987
2.645	0.39444
2.65	0.42547
2.655	0.45161
2.66	0.47211
2.665	0.48683
2.67	0.49596
2.675	0.50018
2.68	0.50038
2.685	0.49564
2.69	0.48541
2.695	0.4717
2.7	0.45631
2.705	0.43983
2.71	0.42443
2.715	0.41313
2.72	0.40692
2.725	0.40361
2.73	0.39846
2.735	0.38736
2.74	0.36831
2.745	0.34096
2.75	0.30596
2.755	0.26483
2.76	0.22172
2.765	0.18267
2.77	0.15049
2.775	0.12598
2.78	0.11028
2.785	0.10263
2.79	0.10013
2.795	0.10298
2.8	0.11233
2.805	0.12741
2.81	0.14605
2.815	0.16519
2.82	0.18055
2.825	0.18841
2.83	0.18787
2.835	0.18054
2.84	0.16835
2.845	0.15113
2.85	0.12748
2.855	0.09598
2.86	0.05698
2.865	0.01288
2.87	-0.03309
2.875	-0.07792
2.88	-0.12008
2.885	-0.15986
2.89	-0.19885
2.895	-0.23901
2.9	-0.28133
2.905	-0.32543
2.91	-0.37017
2.915	-0.41534
2.92	-0.46166
2.925	-0.50921
2.93	-0.55554
2.935	-0.5962
2.94	-0.62769
2.945	-0.64802
2.95	-0.65526
2.955	-0.64516
2.96	-0.61246
2.965	-0.55262
2.97	-0.46504
2.975	-0.35406
2.98	-0.22806
2.985	-0.099
2.99	0.02453
2.995	0.13543
3	0.22682
3.005	0.29692
3.01	0.35107
3.015	0.39307
3.02	0.42544
3.025	0.45004
3.03	0.46944
3.035	0.48707
3.04	0.50354
3.045	0.51788
3.05	0.53051
3.055	0.54356
3.06	0.55981
3.065	0.58112
3.07	0.607
3.075	0.63474
3.08	0.65906
3.085	0.67404
3.09	0.67732
3.095	0.67156
3.1	0.66016
3.105	0.6459
3.11	0.62961
3.115	0.61064
3.12	0.58856
3.125	0.56418
3.13	0.53936
3.135	0.51542
3.14	0.49202
3.145	0.46788
3.15	0.44346
3.155	0.42017
3.16	0.39807
3.165	0.37636
3.17	0.35436
3.175	0.33103
3.18	0.30584
3.185	0.28062
3.19	0.2591
3.195	0.24512
3.2	0.24171
3.205	0.24868
3.21	0.26193
3.215	0.27443
3.22	0.28055
3.225	0.27869
3.23	0.27086
3.235	0.25892
3.24	0.24336
3.245	0.22307
3.25	0.19769
3.255	0.16935
3.26	0.14076
3.265	0.11437
3.27	0.09164
3.275	0.07268
3.28	0.05618
3.285	0.0392
3.29	0.01787
3.295	-0.01003
3.3	-0.0434
3.305	-0.07823
3.31	-0.1102
3.315	-0.136
3.32	-0.15363
3.325	-0.16283
3.33	-0.1651
3.335	-0.1625
3.34	-0.15709
3.345	-0.15054
3.35	-0.14431
3.355	-0.13894
3.36	-0.13478
3.365	-0.13218
3.37	-0.13135
3.375	-0.13166
3.38	-0.13123
3.385	-0.12763
3.39	-0.11907
3.395	-0.10626
3.4	-0.09181
3.405	-0.07663
3.41	-0.06038
3.415	-0.04288
3.42	-0.02526
3.425	-0.00954
3.43	0.00322
3.435	0.01271
3.44	0.01783
3.445	0.01799
3.45	0.01411
3.455	0.00838
3.46	0.00328
3.465	-0.0005
3.47	-0.00496
3.475	-0.01389
3.48	-0.02996
3.485	-0.05282
3.49	-0.07944
3.495	-0.10521
3.5	-0.12626
3.505	-0.14209
3.51	-0.15463
3.515	-0.16371
3.52	-0.16772
3.525	-0.1658
3.53	-0.15795
3.535	-0.14546
3.54	-0.12962
3.545	-0.11248
3.55	-0.09598
3.555	-0.08042
3.56	-0.06423
3.565	-0.04626
3.57	-0.02674
3.575	-0.00697
3.58	0.01109
3.585	0.02497
3.59	0.03232
3.595	0.03121
3.6	0.02012
3.605	-0.00048
3.61	-0.02772
3.615	-0.05852
3.62	-0.08991
3.625	-0.1201
3.63	-0.14789
3.635	-0.17265
3.64	-0.19453
3.645	-0.21426
3.65	-0.23168
3.655	-0.24617
3.66	-0.25772
3.665	-0.26807
3.67	-0.28116
3.675	-0.3013
3.68	-0.33107
3.685	-0.36936
3.69	-0.41203
3.695	-0.45369
3.7	-0.48992
3.705	-0.51798
3.71	-0.53664
3.715	-0.54722
3.72	-0.55252
3.725	-0.55368
3.73	-0.54908
3.735	-0.53497
3.74	-0.50955
3.745	-0.4758
3.75	-0.4387
3.755	-0.40252
3.76	-0.3688
3.765	-0.33575
3.77	-0.29888
3.775	-0.25509
3.78	-0.20558
3.785	-0.15519
3.79	-0.10898
3.795	-0.06733
3.8	-0.02903
3.805	0.00516
3.81	0.03294
3.815	0.05316
3.82	0.06647
3.825	0.07568
3.83	0.08336
3.835	0.08969
3.84	0.09271
3.845	0.09085
3.85	0.08541
3.855	0.08071
3.86	0.08083
3.865	0.08731
3.87	0.09988
3.875	0.11569
3.88	0.12999
3.885	0.13919
3.89	0.14271
3.895	0.142
3.9	0.13892
3.905	0.13345
3.91	0.12441
3.915	0.11121
3.92	0.09524
3.925	0.07983
3.93	0.06781
3.935	0.05997
3.94	0.05504
3.945	0.052
3.95	0.05012
3.955	0.04768
3.96	0.04307
3.965	0.03638
3.97	0.02787
3.975	0.01667
3.98	0.00191
3.985	-0.01713
3.99	-0.04175
3.995	-0.07197
4	-0.10521
4.005	-0.13801
4.01	-0.16682
4.015	-0.1892
4.02	-0.20423
4.025	-0.21262
4.03	-0.2172
4.035	-0.22263
4.04	-0.23263
4.045	-0.24862
4.05	-0.26908
4.055	-0.29038
4.06	-0.30851
4.065	-0.32114
4.07	-0.32765
4.075	-0.3276
4.08	-0.32172
4.085	-0.31136
4.09	-0.29572
4.095	-0.27323
4.1	-0.24396
4.105	-0.21037
4.11	-0.17616
4.115	-0.14362
4.12	-0.11386
4.125	-0.08848
4.13	-0.06917
4.135	-0.05698
4.14	-0.05207
4.145	-0.05256
4.15	-0.05527
4.155	-0.05651
4.16	-0.05381
4.165	-0.04738
4.17	-0.0396
4.175	-0.03271
4.18	-0.02708
4.185	-0.0204
4.19	-0.00905
4.195	0.00958
4.2	0.0356
4.205	0.06568
4.21	0.09475
4.215	0.11873
4.22	0.13656
4.225	0.14932
4.23	0.15932
4.235	0.16768
4.24	0.17492
4.245	0.18127
4.25	0.18607
4.255	0.18786
4.26	0.18522
4.265	0.17806
4.27	0.16772
4.275	0.15664
4.28	0.14732
4.285	0.14106
4.29	0.13731
4.295	0.13457
4.3	0.13139
4.305	0.12712
4.31	0.12135
4.315	0.11372
4.32	0.10418
4.325	0.09294
4.33	0.08068
4.335	0.06936
4.34	0.06153
4.345	0.05826
4.35	0.0595
4.355	0.06508
4.36	0.07269
4.365	0.07816
4.37	0.07935
4.375	0.0771
4.38	0.07373
4.385	0.07101
4.39	0.06854
4.395	0.06364
4.4	0.05203
4.405	0.03008
4.41	-0.00276
4.415	-0.04214
4.42	-0.08138
4.425	-0.11326
4.43	-0.13352
4.435	-0.14214
4.44	-0.14255
4.445	-0.13899
4.45	-0.13604
4.455	-0.13727
4.46	-0.14501
4.465	-0.15988
4.47	-0.18077
4.475	-0.20527
4.48	-0.2323
4.485	-0.26056
4.49	-0.28738
4.495	-0.3108
4.5	-0.33036
4.505	-0.34545
4.51	-0.3557
4.515	-0.36227
4.52	-0.36743
4.525	-0.37284
4.53	-0.3771
4.535	-0.37702
4.54	-0.37155
4.545	-0.36112
4.55	-0.34637
4.555	-0.32932
4.56	-0.31352
4.565	-0.30125
4.57	-0.29206
4.575	-0.28286
4.58	-0.27111
4.585	-0.25632
4.59	-0.23902
4.595	-0.22029
4.6	-0.20183
4.605	-0.18539
4.61	-0.17305
4.615	-0.16757
4.62	-0.17058
4.625	-0.18099
4.63	-0.19598
4.635	-0.21252
4.64	-0.22753
4.645	-0.23822
4.65	-0.24293
4.655	-0.24066
4.66	-0.23053
4.665	-0.21397
4.67	-0.19498
4.675	-0.17607
4.68	-0.15957
4.685	-0.14908
4.69	-0.14738
4.695	-0.15451
4.7	-0.16806
4.705	-0.18379
4.71	-0.19784
4.715	-0.20604
4.72	-0.20481
4.725	-0.19473
4.73	-0.18066
4.735	-0.16711
4.74	-0.15704
4.745	-0.15169
4.75	-0.15035
4.755	-0.15032
4.76	-0.14765
4.765	-0.13844
4.77	-0.12073
4.775	-0.09609
4.78	-0.0702
4.785	-0.04939
4.79	-0.03857
4.795	-0.03887
4.8	-0.04668
4.805	-0.05412
4.81	-0.05338
4.815	-0.03887
4.82	-0.00885
4.825	0.03357
4.83	0.08022
4.835	0.12082
4.84	0.14641
4.845	0.15429
4.85	0.14765
4.855	0.13304
4.86	0.11812
4.865	0.10977
4.87	0.10978
4.875	0.11428
4.88	0.11586
4.885	0.10667
4.89	0.08291
4.895	0.04779
4.9	0.01069
4.905	-0.018
4.91	-0.03014
4.915	-0.02313
4.92	-0.00045
4.925	0.02948
4.93	0.05917
4.935	0.08097
4.94	0.08792
4.945	0.08012
4.95	0.06517
4.955	0.05067
4.96	0.04134
4.965	0.03737
4.97	0.03442
4.975	0.02709
4.98	0.01512
4.985	0.00264
4.99	-0.00482
4.995	-0.0013
5	0.0184
5.005	0.05734
5.01	0.11221
5.015	0.1733
5.02	0.22949
5.025	0.27333
5.03	0.30255
5.035	0.31788
5.04	0.3187
5.045	0.30723
5.05	0.29087
5.055	0.27598
5.06	0.26837
5.065	0.27499
5.07	0.29901
5.075	0.33581
5.08	0.37646
5.085	0.4108
5.09	0.4333
5.095	0.44228
5.1	0.43758
5.105	0.42144
5.11	0.39872
5.115	0.37161
5.12	0.34041
5.125	0.3051
5.13	0.26716
5.135	0.23047
5.14	0.19879
5.145	0.17453
5.15	0.15916
5.155	0.15325
5.16	0.15634
5.165	0.1653
5.17	0.17424
5.175	0.17878
5.18	0.17661
5.185	0.16703
5.19	0.15007
5.195	0.12598
5.2	0.09406
5.205	0.05561
5.21	0.01524
5.215	-0.02281
5.22	-0.05619
5.225	-0.08288
5.23	-0.10089
5.235	-0.10826
5.24	-0.10374
5.245	-0.08773
5.25	-0.06182
5.255	-0.03054
5.26	-0.00011
5.265	0.02285
5.27	0.03325
5.275	0.02912
5.28	0.01251
5.285	-0.01292
5.29	-0.04346
5.295	-0.07663
5.3	-0.11003
5.305	-0.14003
5.31	-0.16302
5.315	-0.17721
5.32	-0.18237
5.325	-0.17726
5.33	-0.16033
5.335	-0.13346
5.34	-0.10251
5.345	-0.07341
5.35	-0.05128
5.355	-0.03991
5.36	-0.04157
5.365	-0.05559
5.37	-0.07877
5.375	-0.10532
5.38	-0.12796
5.385	-0.14081
5.39	-0.14042
5.395	-0.12594
5.4	-0.10166
5.405	-0.0757
5.41	-0.05381
5.415	-0.03795
5.42	-0.0299
5.425	-0.03062
5.43	-0.03911
5.435	-0.05188
5.44	-0.06419
5.445	-0.07423
5.45	-0.08263
5.455	-0.09029
5.46	-0.09675
5.465	-0.0995
5.47	-0.09426
5.475	-0.07797
5.48	-0.05211
5.485	-0.023
5.49	0.00113
5.495	0.01549
5.5	0.02008
5.505	0.01649
5.51	0.00769
5.515	-0.00278
5.52	-0.01329
5.525	-0.02416
5.53	-0.03609
5.535	-0.04911
5.54	-0.06231
5.545	-0.07513
5.55	-0.08719
5.555	-0.09699
5.56	-0.10354
5.565	-0.10852
5.57	-0.11499
5.575	-0.12512
5.58	-0.13845
5.585	-0.15128
5.59	-0.15819
5.595	-0.15382
5.6	-0.13522
5.605	-0.10463
5.61	-0.07006
5.615	-0.03974
5.62	-0.02017
5.625	-0.0143
5.63	-0.02082
5.635	-0.0345
5.64	-0.05094
5.645	-0.06624
5.65	-0.07692
5.655	-0.08211
5.66	-0.08395
5.665	-0.08441
5.67	-0.08385
5.675	-0.0795
5.68	-0.06714
5.685	-0.04306
5.69	-0.00512
5.695	0.04382
5.7	0.09551
5.705	0.14005
5.71	0.17094
5.715	0.18648
5.72	0.19041
5.725	0.18846
5.73	0.18546
5.735	0.18267
5.74	0.17931
5.745	0.17469
5.75	0.16882
5.755	0.16239
5.76	0.15671
5.765	0.15312
5.77	0.15253
5.775	0.15533
5.78	0.16018
5.785	0.16358
5.79	0.16122
5.795	0.15049
5.8	0.13138
5.805	0.1058
5.81	0.07458
5.815	0.04012
5.82	0.00799
5.825	-0.01667
5.83	-0.03218
5.835	-0.04052
5.84	-0.04649
5.845	-0.05434
5.85	-0.06495
5.855	-0.07623
5.86	-0.08758
5.865	-0.10074
5.87	-0.11885
5.875	-0.14406
5.88	-0.17599
5.885	-0.21325
5.89	-0.25331
5.895	-0.29332
5.9	-0.32926
5.905	-0.35585
5.91	-0.36788
5.915	-0.36352
5.92	-0.34536
5.925	-0.3204
5.93	-0.29694
5.935	-0.2801
5.94	-0.2709
5.945	-0.26859
5.95	-0.27266
5.955	-0.28423
5.96	-0.30314
5.965	-0.32619
5.97	-0.35089
5.975	-0.37526
5.98	-0.39655
5.985	-0.40965
5.99	-0.40839
5.995	-0.39133
6	-0.36386
6.005	-0.33398
6.01	-0.30816
6.015	-0.2894
6.02	-0.27951
6.025	-0.2782
6.03	-0.28168
6.035	-0.2851
6.04	-0.28628
6.045	-0.2843
6.05	-0.27871
6.055	-0.27002
6.06	-0.25926
6.065	-0.24698
6.07	-0.23439
6.075	-0.22277
6.08	-0.21153
6.085	-0.19903
6.09	-0.18459
6.095	-0.16772
6.1	-0.14755
6.105	-0.12437
6.11	-0.10001
6.115	-0.07665
6.12	-0.05372
6.125	-0.02721
6.13	0.00622
6.135	0.04613
6.14	0.089
6.145	0.13028
6.15	0.16675
6.155	0.19644
6.16	0.21909
6.165	0.23781
6.17	0.25746
6.175	0.28146
6.18	0.30992
6.185	0.34029
6.19	0.36996
6.195	0.39709
6.2	0.42105
6.205	0.44319
6.21	0.46648
6.215	0.49388
6.22	0.52631
6.225	0.56194
6.23	0.59606
6.235	0.62245
6.24	0.63561
6.245	0.63281
6.25	0.61492
6.255	0.5862
6.26	0.55193
6.265	0.51532
6.27	0.47807
6.275	0.44263
6.28	0.41101
6.285	0.38348
6.29	0.36051
6.295	0.34269
6.3	0.32891
6.305	0.316
6.31	0.30137
6.315	0.28245
6.32	0.25697
6.325	0.22502
6.33	0.18876
6.335	0.14962
6.34	0.10903
6.345	0.06905
6.35	0.03034
6.355	-0.00705
6.36	-0.04085
6.365	-0.06893
6.37	-0.09126
6.375	-0.10791
6.38	-0.11902
6.385	-0.12653
6.39	-0.13433
6.395	-0.14612
6.4	-0.16403
6.405	-0.18823
6.41	-0.21831
6.415	-0.25253
6.42	-0.28794
6.425	-0.32167
6.43	-0.35143
6.435	-0.37599
6.44	-0.39546
6.445	-0.41132
6.45	-0.42461
6.455	-0.43486
6.46	-0.44161
6.465	-0.44595
6.47	-0.4496
6.475	-0.45397
6.48	-0.4591
6.485	-0.46408
6.49	-0.46793
6.495	-0.47064
6.5	-0.47219
6.505	-0.47127
6.51	-0.46732
6.515	-0.46109
6.52	-0.45264
6.525	-0.44155
6.53	-0.42776
6.535	-0.41071
6.54	-0.3893
6.545	-0.36434
6.55	-0.33827
6.555	-0.31248
6.56	-0.28741
6.565	-0.26346
6.57	-0.24085
6.575	-0.21938
6.58	-0.19853
6.585	-0.17837
6.59	-0.16105
6.595	-0.14955
6.6	-0.14481
6.605	-0.14278
6.61	-0.13626
6.615	-0.12024
6.62	-0.09405
6.625	-0.06186
6.63	-0.02961
6.635	-0.00278
6.64	0.01658
6.645	0.02854
6.65	0.03354
6.655	0.03377
6.66	0.03358
6.665	0.03708
6.67	0.04566
6.675	0.05707
6.68	0.06846
6.685	0.07718
6.69	0.08055
6.695	0.07812
6.7	0.07289
6.705	0.06684
6.71	0.05927
6.715	0.04989
6.72	0.03908
6.725	0.02632
6.73	0.01143
6.735	-0.00441
6.74	-0.01913
6.745	-0.03096
6.75	-0.03988
6.755	-0.04782
6.76	-0.05705
6.765	-0.06835
6.77	-0.0802
6.775	-0.0904
6.78	-0.09863
6.785	-0.10746
6.79	-0.11875
6.795	-0.13216
6.8	-0.14678
6.805	-0.16127
6.81	-0.17416
6.815	-0.18461
6.82	-0.19253
6.825	-0.19741
6.83	-0.19903
6.835	-0.19828
6.84	-0.19579
6.845	-0.19086
6.85	-0.18234
6.855	-0.16914
6.86	-0.15002
6.865	-0.12393
6.87	-0.09074
6.875	-0.05216
6.88	-0.01137
6.885	0.03034
6.89	0.07262
6.895	0.11481
6.9	0.15694
6.905	0.19945
6.91	0.24173
6.915	0.28297
6.92	0.32359
6.925	0.36427
6.93	0.40501
6.935	0.44535
6.94	0.48569
6.945	0.52798
6.95	0.57341
6.955	0.62043
6.96	0.66567
6.965	0.70506
6.97	0.73494
6.975	0.75197
6.98	0.75355
6.985	0.73972
6.99	0.71467
6.995	0.68267
7	0.64619
7.005	0.60442
7.01	0.55541
7.015	0.49889
7.02	0.43642
7.025	0.37129
7.03	0.30631
7.035	0.24208
7.04	0.17767
7.045	0.1147
7.05	0.05796
7.055	0.01262
7.06	-0.01937
7.065	-0.04109
7.07	-0.05689
7.075	-0.07119
7.08	-0.08631
7.085	-0.10408
7.09	-0.12698
7.095	-0.15506
7.1	-0.18608
7.105	-0.21924
7.11	-0.25388
7.115	-0.28755
7.12	-0.31661
7.125	-0.33827
7.13	-0.35133
7.135	-0.3568
7.14	-0.35651
7.145	-0.35185
7.15	-0.34392
7.155	-0.33316
7.16	-0.31993
7.165	-0.304
7.17	-0.28645
7.175	-0.27002
7.18	-0.25643
7.185	-0.24593
7.19	-0.23916
7.195	-0.23586
7.2	-0.2334
7.205	-0.22727
7.21	-0.21274
7.215	-0.18764
7.22	-0.15301
7.225	-0.11146
7.23	-0.06666
7.235	-0.02307
7.24	0.01575
7.245	0.04768
7.25	0.07254
7.255	0.09158
7.26	0.10672
7.265	0.11874
7.27	0.12793
7.275	0.13448
7.28	0.13836
7.285	0.13898
7.29	0.13422
7.295	0.12197
7.3	0.10199
7.305	0.07909
7.31	0.06183
7.315	0.05372
7.32	0.05079
7.325	0.04839
7.33	0.04469
7.335	0.04167
7.34	0.04108
7.345	0.04184
7.35	0.04209
7.355	0.03925
7.36	0.03046
7.365	0.01434
7.37	-0.00801
7.375	-0.03489
7.38	-0.06454
7.385	-0.09549
7.39	-0.12589
7.395	-0.15351
7.4	-0.17758
7.405	-0.19929
7.41	-0.21924
7.415	-0.23628
7.42	-0.24812
7.425	-0.2541
7.43	-0.25703
7.435	-0.25972
7.44	-0.26318
7.445	-0.26506
7.45	-0.26122
7.455	-0.24844
7.46	-0.22534
7.465	-0.19371
7.47	-0.15713
7.475	-0.12092
7.48	-0.09065
7.485	-0.06893
7.49	-0.05397
7.495	-0.04192
7.5	-0.02978
7.505	-0.01787
7.51	-0.00863
7.515	-0.00306
7.52	0.00253
7.525	0.01432
7.53	0.03696
7.535	0.07137
7.54	0.11378
7.545	0.15759
7.55	0.19573
7.555	0.22421
7.56	0.24231
7.565	0.25166
7.57	0.2526
7.575	0.24637
7.58	0.23629
7.585	0.22664
7.59	0.22113
7.595	0.22117
7.6	0.22585
7.605	0.23299
7.61	0.24056
7.615	0.24703
7.62	0.25012
7.625	0.24722
7.63	0.23749
7.635	0.22214
7.64	0.20284
7.645	0.17959
7.65	0.15148
7.655	0.11878
7.66	0.0841
7.665	0.05152
7.67	0.02454
7.675	0.00465
7.68	-0.00749
7.685	-0.01337
7.69	-0.01568
7.695	-0.01738
7.7	-0.02082
7.705	-0.0272
7.71	-0.03756
7.715	-0.05278
7.72	-0.07244
7.725	-0.09421
7.73	-0.11513
7.735	-0.13201
7.74	-0.14054
7.745	-0.13729
7.75	-0.12188
7.755	-0.09803
7.76	-0.07355
7.765	-0.05484
7.77	-0.04376
7.775	-0.03652
7.78	-0.02916
7.785	-0.02132
7.79	-0.01457
7.795	-0.01133
7.8	-0.01416
7.805	-0.02244
7.81	-0.0317
7.815	-0.03888
7.82	-0.04363
7.825	-0.04736
7.83	-0.05254
7.835	-0.06144
7.84	-0.07275
7.845	-0.08117
7.85	-0.08308
7.855	-0.07768
7.86	-0.06722
7.865	-0.05589
7.87	-0.04746
7.875	-0.04329
7.88	-0.04127
7.885	-0.03761
7.89	-0.03013
7.895	-0.0192
7.9	-0.00576
7.905	0.00962
7.91	0.02611
7.915	0.04314
7.92	0.06038
7.925	0.07686
7.93	0.09068
7.935	0.0993
7.94	0.10176
7.945	0.10012
7.95	0.09865
7.955	0.10202
7.96	0.11282
7.965	0.13209
7.97	0.16119
7.975	0.19951
7.98	0.24294
7.985	0.28853
7.99	0.33396
7.995	0.37735
8	0.41591
8.005	0.4458
8.01	0.46463
8.015	0.47189
8.02	0.46687
8.025	0.45056
8.03	0.42684
8.035	0.39988
8.04	0.37329
8.045	0.34893
8.05	0.32743
8.055	0.30894
8.06	0.29408
8.065	0.28317
8.07	0.2758
8.075	0.27169
8.08	0.27186
8.085	0.27631
8.09	0.28226
8.095	0.28588
8.1	0.28343
8.105	0.27248
8.11	0.25302
8.115	0.22762
8.12	0.19907
8.125	0.17077
8.13	0.14601
8.135	0.12713
8.14	0.11569
8.145	0.11187
8.15	0.11464
8.155	0.12216
8.16	0.13235
8.165	0.14268
8.17	0.15036
8.175	0.15267
8.18	0.14824
8.185	0.13727
8.19	0.1202
8.195	0.09815
8.2	0.07324
8.205	0.04885
8.21	0.02881
8.215	0.01596
8.22	0.01041
8.225	0.00937
8.23	0.00878
8.235	0.00477
8.24	-0.00431
8.245	-0.01873
8.25	-0.03874
8.255	-0.06306
8.26	-0.08895
8.265	-0.11507
8.27	-0.14114
8.275	-0.16762
8.28	-0.19607
8.285	-0.22815
8.29	-0.26436
8.295	-0.30228
8.3	-0.33673
8.305	-0.36299
8.31	-0.37949
8.315	-0.38888
8.32	-0.39715
8.325	-0.40981
8.33	-0.42752
8.335	-0.44574
8.34	-0.46058
8.345	-0.47096
8.35	-0.47765
8.355	-0.48238
8.36	-0.48666
8.365	-0.49099
8.37	-0.49399
8.375	-0.49161
8.38	-0.47897
8.385	-0.45298
8.39	-0.41402
8.395	-0.36636
8.4	-0.31483
8.405	-0.26331
8.41	-0.21262
8.415	-0.16162
8.42	-0.10923
8.425	-0.05568
8.43	-0.0025
8.435	0.04874
8.44	0.09752
8.445	0.14466
8.45	0.19039
8.455	0.23447
8.46	0.27742
8.465	0.32038
8.47	0.36432
8.475	0.40916
8.48	0.45348
8.485	0.49496
8.49	0.53072
8.495	0.55778
8.5	0.57504
8.505	0.58392
8.51	0.58562
8.515	0.58145
8.52	0.57254
8.525	0.5601
8.53	0.54547
8.535	0.52975
8.54	0.51343
8.545	0.49642
8.55	0.47817
8.555	0.45803
8.56	0.43447
8.565	0.4055
8.57	0.37018
8.575	0.33026
8.58	0.29002
8.585	0.25303
8.59	0.22088
8.595	0.19493
8.6	0.17499
8.605	0.15915
8.61	0.14507
8.615	0.1313
8.62	0.11848
8.625	0.10791
8.63	0.09974
8.635	0.09216
8.64	0.08188
8.645	0.06595
8.65	0.04334
8.655	0.01521
8.66	-0.01631
8.665	-0.04899
8.67	-0.07971
8.675	-0.10435
8.68	-0.12077
8.685	-0.13016
8.69	-0.1366
8.695	-0.14288
8.7	-0.14991
8.705	-0.15909
8.71	-0.17112
8.715	-0.18417
8.72	-0.19648
8.725	-0.2078
8.73	-0.21902
8.735	-0.23106
8.74	-0.24404
8.745	-0.25603
8.75	-0.26386
8.755	-0.2656
8.76	-0.26204
8.765	-0.25577
8.77	-0.25056
8.775	-0.24949
8.78	-0.25183
8.785	-0.25357
8.79	-0.25117
8.795	-0.24323
8.8	-0.23096
8.805	-0.21763
8.81	-0.20704
8.815	-0.20058
8.82	-0.19755
8.825	-0.19658
8.83	-0.19526
8.835	-0.19124
8.84	-0.18522
8.845	-0.18021
8.85	-0.17804
8.855	-0.17829
8.86	-0.17854
8.865	-0.17754
8.87	-0.17619
8.875	-0.17645
8.88	-0.17897
8.885	-0.18159
8.89	-0.18144
8.895	-0.17622
8.9	-0.16435
8.905	-0.1472
8.91	-0.12931
8.915	-0.11472
8.92	-0.10481
8.925	-0.09908
8.93	-0.09534
8.935	-0.091
8.94	-0.08489
8.945	-0.07775
8.95	-0.07043
8.955	-0.06388
8.96	-0.05916
8.965	-0.05705
8.97	-0.05759
8.975	-0.06037
8.98	-0.06519
8.985	-0.07346
8.99	-0.08644
8.995	-0.10396
9	-0.12603
9.005	-0.15302
9.01	-0.18491
9.015	-0.21852
9.02	-0.24725
9.025	-0.26588
9.03	-0.27451
9.035	-0.27732
9.04	-0.27972
9.045	-0.28371
9.05	-0.28824
9.055	-0.29146
9.06	-0.29295
9.065	-0.29368
9.07	-0.29438
9.075	-0.29532
9.08	-0.29611
9.085	-0.29608
9.09	-0.29443
9.095	-0.29048
9.1	-0.28319
9.105	-0.27096
9.11	-0.25236
9.115	-0.22664
9.12	-0.19307
9.125	-0.15332
9.13	-0.11188
9.135	-0.07219
9.14	-0.0349
9.145	-0.00002
9.15	0.03206
9.155	0.06036
9.16	0.08418
9.165	0.10376
9.17	0.11944
9.175	0.13157
9.18	0.13994
9.185	0.14466
9.19	0.14645
9.195	0.14558
9.2	0.14156
9.205	0.13369
9.21	0.12201
9.215	0.10806
9.22	0.09399
9.225	0.08229
9.23	0.07562
9.235	0.07447
9.24	0.07616
9.245	0.07757
9.25	0.07696
9.255	0.07386
9.26	0.06948
9.265	0.06671
9.27	0.06741
9.275	0.07094
9.28	0.07606
9.285	0.08153
9.29	0.08621
9.295	0.08888
9.3	0.08856
9.305	0.08595
9.31	0.08345
9.315	0.08293
9.32	0.0851
9.325	0.08953
9.33	0.09501
9.335	0.10013
9.34	0.10498
9.345	0.11137
9.35	0.12213
9.355	0.13937
9.36	0.16257
9.365	0.18893
9.37	0.21409
9.375	0.23493
9.38	0.25041
9.385	0.26135
9.39	0.26796
9.395	0.26974
9.4	0.26601
9.405	0.25746
9.41	0.24661
9.415	0.2359
9.42	0.22744
9.425	0.22299
9.43	0.22243
9.435	0.22311
9.44	0.22271
9.445	0.22078
9.45	0.21849
9.455	0.21741
9.46	0.21825
9.465	0.22117
9.47	0.22562
9.475	0.22921
9.48	0.22932
9.485	0.22584
9.49	0.22011
9.495	0.21361
9.5	0.20696
9.505	0.20012
9.51	0.19258
9.515	0.18381
9.52	0.17347
9.525	0.16223
9.53	0.15221
9.535	0.14661
9.54	0.14768
9.545	0.15519
9.55	0.16726
9.555	0.18065
9.56	0.19091
9.565	0.19439
9.57	0.19048
9.575	0.18147
9.58	0.171
9.585	0.16147
9.59	0.15403
9.595	0.14881
9.6	0.14466
9.605	0.13909
9.61	0.12893
9.615	0.11177
9.62	0.08796
9.625	0.06079
9.63	0.03478
9.635	0.01236
9.64	-0.00626
9.645	-0.02074
9.65	-0.03128
9.655	-0.03922
9.66	-0.04542
9.665	-0.05073
9.67	-0.05729
9.675	-0.06793
9.68	-0.08406
9.685	-0.10524
9.69	-0.12945
9.695	-0.15496
9.7	-0.1797
9.705	-0.20098
9.71	-0.21684
9.715	-0.22623
9.72	-0.22723
9.725	-0.21787
9.73	-0.19866
9.735	-0.17401
9.74	-0.15149
9.745	-0.13704
9.75	-0.13322
9.755	-0.14042
9.76	-0.15633
9.765	-0.17697
9.77	-0.19912
9.775	-0.22014
9.78	-0.23714
9.785	-0.24732
9.79	-0.24954
9.795	-0.24283
9.8	-0.22672
9.805	-0.20312
9.81	-0.17683
9.815	-0.15224
9.82	-0.13351
9.825	-0.12387
9.83	-0.12313
9.835	-0.12722
9.84	-0.13267
9.845	-0.13638
9.85	-0.13553
9.855	-0.12924
9.86	-0.11837
9.865	-0.10245
9.87	-0.07993
9.875	-0.04973
9.88	-0.01336
9.885	0.02448
9.89	0.0599
9.895	0.09024
9.9	0.11405
9.905	0.13103
9.91	0.14233
9.915	0.14925
9.92	0.15288
9.925	0.15286
9.93	0.14882
9.935	0.14177
9.94	0.13467
9.945	0.13079
9.95	0.13055
9.955	0.13277
9.96	0.13708
9.965	0.14387
9.97	0.15368
9.975	0.168
9.98	0.18704
9.985	0.20808
9.99	0.22669
9.995	0.23875
10	0.24323
10.005	0.2419
10.01	0.23737
10.015	0.23127
10.02	0.22463
10.025	0.22029
10.03	0.22067
10.035	0.22374
10.04	0.22603
10.045	0.22631
10.05	0.22491
10.055	0.2221
10.06	0.2168
10.065	0.20825
10.07	0.19771
10.075	0.18703
10.08	0.17694
10.085	0.1672
10.09	0.1569
10.095	0.14536
10.1	0.13195
10.105	0.11613
10.11	0.09782
10.115	0.07729
10.12	0.05449
10.125	0.02894
10.13	0.00082
10.135	-0.02779
10.14	-0.05393
10.145	-0.07674
10.15	-0.09718
10.155	-0.11672
10.16	-0.13663
10.165	-0.15749
10.17	-0.17786
10.175	-0.1958
10.18	-0.21075
10.185	-0.22387
10.19	-0.23792
10.195	-0.25562
10.2	-0.27831
10.205	-0.30506
10.21	-0.33389
10.215	-0.36259
10.22	-0.389
10.225	-0.41221
10.23	-0.43356
10.235	-0.45553
10.24	-0.47957
10.245	-0.50544
10.25	-0.53166
10.255	-0.55647
10.26	-0.57621
10.265	-0.58534
10.27	-0.58156
10.275	-0.56772
10.28	-0.54727
10.285	-0.52348
10.29	-0.49857
10.295	-0.47248
10.3	-0.44419
10.305	-0.41402
10.31	-0.3837
10.315	-0.35482
10.32	-0.32879
10.325	-0.30637
10.33	-0.28686
10.335	-0.26756
10.34	-0.2456
10.345	-0.22054
10.35	-0.19517
10.355	-0.17248
10.36	-0.15398
10.365	-0.13985
10.37	-0.12859
10.375	-0.11841
10.38	-0.10934
10.385	-0.10269
10.39	-0.09876
10.395	-0.0963
10.4	-0.09333
10.405	-0.08805
10.41	-0.07959
10.415	-0.06916
10.42	-0.05992
10.425	-0.05571
10.43	-0.05858
10.435	-0.06714
10.44	-0.0774
10.445	-0.08398
10.45	-0.08298
10.455	-0.07336
10.46	-0.05694
10.465	-0.03638
10.47	-0.01432
10.475	0.00826
10.48	0.03193
10.485	0.05781
10.49	0.08618
10.495	0.11563
10.5	0.14393
10.505	0.16935
10.51	0.19194
10.515	0.21339
10.52	0.23588
10.525	0.26042
10.53	0.28623
10.535	0.31173
10.54	0.33481
10.545	0.35392
10.55	0.36872
10.555	0.38095
10.56	0.39322
10.565	0.40671
10.57	0.42009
10.575	0.43177
10.58	0.44095
10.585	0.44727
10.59	0.44983
10.595	0.44753
10.6	0.44093
10.605	0.43311
10.61	0.42692
10.615	0.42263
10.62	0.41744
10.625	0.40869
10.63	0.39635
10.635	0.38196
10.64	0.36762
10.645	0.35482
10.65	0.34357
10.655	0.3332
10.66	0.32421
10.665	0.31791
10.67	0.31405
10.675	0.31075
10.68	0.30528
10.685	0.29533
10.69	0.27997
10.695	0.25981
10.7	0.23743
10.705	0.21655
10.71	0.19946
10.715	0.18654
10.72	0.17779
10.725	0.17157
10.73	0.16448
10.735	0.15411
10.74	0.14053
10.745	0.12384
10.75	0.1041
10.755	0.08188
10.76	0.05774
10.765	0.0321
10.77	0.00512
10.775	-0.02277
10.78	-0.05093
10.785	-0.0778
10.79	-0.10124
10.795	-0.12085
10.8	-0.13843
10.805	-0.15542
10.81	-0.17153
10.815	-0.18499
10.82	-0.19465
10.825	-0.20074
10.83	-0.2027
10.835	-0.20034
10.84	-0.19459
10.845	-0.18531
10.85	-0.1709
10.855	-0.15079
10.86	-0.12706
10.865	-0.10348
10.87	-0.08347
10.875	-0.06864
10.88	-0.05906
10.885	-0.05269
10.89	-0.04555
10.895	-0.03409
10.9	-0.01751
10.905	0.00166
10.91	0.01924
10.915	0.0327
10.92	0.03979
10.925	0.03632
10.93	0.01689
10.935	-0.02054
10.94	-0.07161
10.945	-0.12533
10.95	-0.17072
10.955	-0.20125
10.96	-0.21634
10.965	-0.21798
10.97	-0.21047
10.975	-0.19817
10.98	-0.18491
10.985	-0.17383
10.99	-0.16688
10.995	-0.16446
11	-0.16544
11.005	-0.16806
11.01	-0.17123
11.015	-0.17427
11.02	-0.17509
11.025	-0.1687
11.03	-0.15007
11.035	-0.11776
11.04	-0.07417
11.045	-0.02583
11.05	0.01983
11.055	0.05843
11.06	0.09225
11.065	0.12474
11.07	0.1563
11.075	0.18673
11.08	0.21513
11.085	0.23824
11.09	0.25284
11.095	0.25805
11.1	0.25296
11.105	0.23788
11.11	0.21473
11.115	0.18675
11.12	0.15714
11.125	0.12822
11.13	0.10067
11.135	0.0726
11.14	0.04258
11.145	0.01299
11.15	-0.01288
11.155	-0.03317
11.16	-0.04673
11.165	-0.05453
11.17	-0.05986
11.175	-0.06614
11.18	-0.07531
11.185	-0.08792
11.19	-0.10285
11.195	-0.11736
11.2	-0.12701
11.205	-0.12684
11.21	-0.11351
11.215	-0.08723
11.22	-0.05076
11.225	-0.00967
11.23	0.02948
11.235	0.06292
11.24	0.09057
11.245	0.11386
11.25	0.13438
11.255	0.15223
11.26	0.16504
11.265	0.16961
11.27	0.16363
11.275	0.1476
11.28	0.12363
11.285	0.09446
11.29	0.06283
11.295	0.03047
11.3	-0.0013
11.305	-0.03136
11.31	-0.05906
11.315	-0.08432
11.32	-0.10748
11.325	-0.12915
11.33	-0.14964
11.335	-0.16929
11.34	-0.18834
11.345	-0.20558
11.35	-0.21874
11.355	-0.2277
11.36	-0.23445
11.365	-0.24157
11.37	-0.25074
11.375	-0.26232
11.38	-0.27573
11.385	-0.28929
11.39	-0.30137
11.395	-0.31239
11.4	-0.32487
11.405	-0.33907
11.41	-0.35237
11.415	-0.36185
11.42	-0.3659
11.425	-0.36488
11.43	-0.3604
11.435	-0.35494
11.44	-0.35012
11.445	-0.34706
11.45	-0.34658
11.455	-0.34914
11.46	-0.35388
11.465	-0.35814
11.47	-0.35881
11.475	-0.35438
11.48	-0.34584
11.485	-0.33492
11.49	-0.32091
11.495	-0.30144
11.5	-0.27486
11.505	-0.24066
11.51	-0.20034
11.515	-0.15831
11.52	-0.12033
11.525	-0.08867
11.53	-0.06268
11.535	-0.04041
11.54	-0.01845
11.545	0.00744
11.55	0.03984
11.555	0.07909
11.56	0.12351
11.565	0.16965
11.57	0.21338
11.575	0.25322
11.58	0.28936
11.585	0.32138
11.59	0.34881
11.595	0.37202
11.6	0.39145
11.605	0.40761
11.61	0.42037
11.615	0.42961
11.62	0.43623
11.625	0.44231
11.63	0.45053
11.635	0.46195
11.64	0.47524
11.645	0.48658
11.65	0.49202
11.655	0.48878
11.66	0.47554
11.665	0.45262
11.67	0.42112
11.675	0.38347
11.68	0.34424
11.685	0.30827
11.69	0.2794
11.695	0.25869
11.7	0.24493
11.705	0.23568
11.71	0.22922
11.715	0.22359
11.72	0.21644
11.725	0.20574
11.73	0.19067
11.735	0.17238
11.74	0.15403
11.745	0.13942
11.75	0.13184
11.755	0.13339
11.76	0.14468
11.765	0.1637
11.77	0.18752
11.775	0.21329
11.78	0.23964
11.785	0.26457
11.79	0.28463
11.795	0.29701
11.8	0.30002
11.805	0.29212
11.81	0.27251
11.815	0.24216
11.82	0.20275
11.825	0.15779
11.83	0.11127
11.835	0.06798
11.84	0.03247
11.845	0.00527
11.85	-0.01633
11.855	-0.03312
11.86	-0.04571
11.865	-0.05714
11.87	-0.07076
11.875	-0.08891
11.88	-0.11188
11.885	-0.1382
11.89	-0.1657
11.895	-0.19093
11.9	-0.20947
11.905	-0.21908
11.91	-0.22116
11.915	-0.21886
11.92	-0.21436
11.925	-0.20788
11.93	-0.20034
11.935	-0.19439
11.94	-0.19258
11.945	-0.19492
11.95	-0.19781
11.955	-0.19694
11.96	-0.18966
11.965	-0.17623
11.97	-0.15987
11.975	-0.14495
11.98	-0.13468
11.985	-0.12996
11.99	-0.12932
11.995	-0.12957
12	-0.12792
12.005	-0.12312
12.01	-0.11582
12.015	-0.10794
12.02	-0.10239
12.025	-0.10137
12.03	-0.10483
12.035	-0.11046
12.04	-0.11657
12.045	-0.12358
12.05	-0.13386
12.055	-0.14958
12.06	-0.17064
12.065	-0.19427
12.07	-0.21606
12.075	-0.23316
12.08	-0.24367
12.085	-0.24613
12.09	-0.24236
12.095	-0.23763
12.1	-0.23499
12.105	-0.23488
12.11	-0.23702
12.115	-0.24194
12.12	-0.25074
12.125	-0.26256
12.13	-0.27458
12.135	-0.28468
12.14	-0.29169
12.145	-0.29533
12.15	-0.29594
12.155	-0.29418
12.16	-0.29008
12.165	-0.28473
12.17	-0.28076
12.175	-0.27923
12.18	-0.27892
12.185	-0.27829
12.19	-0.27544
12.195	-0.26805
12.2	-0.25515
12.205	-0.23864
12.21	-0.22188
12.215	-0.20823
12.22	-0.19844
12.225	-0.18958
12.23	-0.17623
12.235	-0.15426
12.24	-0.12312
12.245	-0.08612
12.25	-0.04961
12.255	-0.02008
12.26	-0.00013
12.265	0.01278
12.27	0.02339
12.275	0.03647
12.28	0.05447
12.285	0.07663
12.29	0.09983
12.295	0.12126
12.3	0.13694
12.305	0.14133
12.31	0.13221
12.315	0.11295
12.32	0.08798
12.325	0.06236
12.33	0.04074
12.335	0.02445
12.34	0.01093
12.345	-0.00309
12.35	-0.01896
12.355	-0.03441
12.36	-0.04633
12.365	-0.05288
12.37	-0.05259
12.375	-0.04487
12.38	-0.03086
12.385	-0.01436
12.39	-0.00069
12.395	0.00712
12.4	0.01
12.405	0.01116
12.41	0.01389
12.415	0.01973
12.42	0.02878
12.425	0.04037
12.43	0.05327
12.435	0.06634
12.44	0.07954
12.445	0.09323
12.45	0.10704
12.455	0.11968
12.46	0.13016
12.465	0.13948
12.47	0.14874
12.475	0.15786
12.48	0.16653
12.485	0.17411
12.49	0.17837
12.495	0.17766
12.5	0.17254
12.505	0.16408
12.51	0.15335
12.515	0.14168
12.52	0.13092
12.525	0.12261
12.53	0.11684
12.535	0.11225
12.54	0.10776
12.545	0.10242
12.55	0.09533
12.555	0.08709
12.56	0.08018
12.565	0.07566
12.57	0.07318
12.575	0.07298
12.58	0.07477
12.585	0.07718
12.59	0.07962
12.595	0.0826
12.6	0.08689
12.605	0.09252
12.61	0.09838
12.615	0.10323
12.62	0.10651
12.625	0.10867
12.63	0.11047
12.635	0.11229
12.64	0.11413
12.645	0.11601
12.65	0.11814
12.655	0.12053
12.66	0.12273
12.665	0.12345
12.67	0.12085
12.675	0.11376
12.68	0.10195
12.685	0.08546
12.69	0.06504
12.695	0.04255
12.7	0.02016
12.705	-0.00009
12.71	-0.01782
12.715	-0.03406
12.72	-0.05054
12.725	-0.06819
12.73	-0.08633
12.735	-0.10258
12.74	-0.11441
12.745	-0.12117
12.75	-0.124
12.755	-0.12499
12.76	-0.12558
12.765	-0.12621
12.77	-0.12646
12.775	-0.12659
12.78	-0.12759
12.785	-0.12875
12.79	-0.12709
12.795	-0.11914
12.8	-0.10262
12.805	-0.07827
12.81	-0.04997
12.815	-0.02359
12.82	-0.00215
12.825	0.01491
12.83	0.03021
12.835	0.04596
12.84	0.06269
12.845	0.08019
12.85	0.09748
12.855	0.11282
12.86	0.12383
12.865	0.12862
12.87	0.12657
12.875	0.11944
12.88	0.11004
12.885	0.10132
12.89	0.0952
12.895	0.09273
12.9	0.09366
12.905	0.09644
12.91	0.09871
12.915	0.09804
12.92	0.09263
12.925	0.08178
12.93	0.06628
12.935	0.04713
12.94	0.02428
12.945	-0.00018
12.95	-0.02166
12.955	-0.03759
12.96	-0.04831
12.965	-0.05539
12.97	-0.05997
12.975	-0.06225
12.98	-0.06208
12.985	-0.06009
12.99	-0.05763
12.995	-0.05612
13	-0.05589
13.005	-0.05563
13.01	-0.05323
13.015	-0.04799
13.02	-0.04094
13.025	-0.03449
13.03	-0.03092
13.035	-0.03092
13.04	-0.03231
13.045	-0.03107
13.05	-0.02424
13.055	-0.01224
13.06	0.00144
13.065	0.01464
13.07	0.02542
13.075	0.03053
13.08	0.02857
13.085	0.02202
13.09	0.0143
13.095	0.00841
13.1	0.00568
13.105	0.00602
13.11	0.00832
13.115	0.01059
13.12	0.01117
13.125	0.01108
13.13	0.01219
13.135	0.01502
13.14	0.01964
13.145	0.02665
13.15	0.03757
13.155	0.05256
13.16	0.06887
13.165	0.08327
13.17	0.09426
13.175	0.10294
13.18	0.11214
13.185	0.12437
13.19	0.14069
13.195	0.16084
13.2	0.18434
13.205	0.20976
13.21	0.23451
13.215	0.25659
13.22	0.27627
13.225	0.29551
13.23	0.31596
13.235	0.33639
13.24	0.35478
13.245	0.37045
13.25	0.38278
13.255	0.39098
13.26	0.39571
13.265	0.39826
13.27	0.39876
13.275	0.39752
13.28	0.39561
13.285	0.39246
13.29	0.38693
13.295	0.37943
13.3	0.37043
13.305	0.35959
13.31	0.34674
13.315	0.33233
13.32	0.31663
13.325	0.29924
13.33	0.27928
13.335	0.2564
13.34	0.23107
13.345	0.20309
13.35	0.17312
13.355	0.14376
13.36	0.11737
13.365	0.09476
13.37	0.07606
13.375	0.06106
13.38	0.05027
13.385	0.04468
13.39	0.04424
13.395	0.04627
13.4	0.04701
13.405	0.0453
13.41	0.04104
13.415	0.03391
13.42	0.02463
13.425	0.01541
13.43	0.00775
13.435	0.00216
13.44	-0.00157
13.445	-0.00397
13.45	-0.00552
13.455	-0.00623
13.46	-0.0064
13.465	-0.00683
13.47	-0.00763
13.475	-0.00817
13.48	-0.00853
13.485	-0.00895
13.49	-0.00894
13.495	-0.00873
13.5	-0.00973
13.505	-0.01296
13.51	-0.01853
13.515	-0.02651
13.52	-0.0367
13.525	-0.04887
13.53	-0.0624
13.535	-0.07656
13.54	-0.09065
13.545	-0.10386
13.55	-0.11513
13.555	-0.12409
13.56	-0.13134
13.565	-0.13799
13.57	-0.14477
13.575	-0.15129
13.58	-0.15613
13.585	-0.15737
13.59	-0.15364
13.595	-0.14443
13.6	-0.1295
13.605	-0.10956
13.61	-0.0864
13.615	-0.06084
13.62	-0.0334
13.625	-0.00487
13.63	0.02348
13.635	0.05003
13.64	0.07314
13.645	0.09179
13.65	0.10578
13.655	0.11603
13.66	0.12446
13.665	0.13268
13.67	0.14126
13.675	0.14873
13.68	0.15301
13.685	0.15311
13.69	0.14853
13.695	0.13936
13.7	0.12712
13.705	0.11421
13.71	0.10185
13.715	0.09032
13.72	0.07987
13.725	0.07028
13.73	0.06158
13.735	0.05455
13.74	0.04986
13.745	0.04701
13.75	0.04451
13.755	0.0406
13.76	0.03449
13.765	0.02595
13.77	0.01491
13.775	0.00141
13.78	-0.01385
13.785	-0.02968
13.79	-0.04473
13.795	-0.05825
13.8	-0.07082
13.805	-0.0839
13.81	-0.09803
13.815	-0.11201
13.82	-0.12301
13.825	-0.12884
13.83	-0.12857
13.835	-0.12047
13.84	-0.10322
13.845	-0.07764
13.85	-0.04763
13.855	-0.01878
13.86	0.00574
13.865	0.02574
13.87	0.04148
13.875	0.05309
13.88	0.06047
13.885	0.06358
13.89	0.0628
13.895	0.05823
13.9	0.04979
13.905	0.03772
13.91	0.02364
13.915	0.01093
13.92	0.00203
13.925	-0.00253
13.93	-0.00373
13.935	-0.00373
13.94	-0.0053
13.945	-0.01041
13.95	-0.01892
13.955	-0.02818
13.96	-0.03543
13.965	-0.0407
13.97	-0.04555
13.975	-0.05173
13.98	-0.05938
13.985	-0.06764
13.99	-0.07554
13.995	-0.08216
14	-0.08665
14.005	-0.08884
14.01	-0.08942
14.015	-0.08932
14.02	-0.08919
14.025	-0.08926
14.03	-0.08948
14.035	-0.08969
14.04	-0.08937
14.045	-0.08788
14.05	-0.08484
14.055	-0.08091
14.06	-0.07746
14.065	-0.07526
14.07	-0.07407
14.075	-0.07301
14.08	-0.07206
14.085	-0.07269
14.09	-0.07688
14.095	-0.08529
14.1	-0.09662
14.105	-0.10935
14.11	-0.12231
14.115	-0.13375
14.12	-0.142
14.125	-0.14693
14.13	-0.14937
14.135	-0.15046
14.14	-0.15154
14.145	-0.15374
14.15	-0.15728
14.155	-0.16192
14.16	-0.16736
14.165	-0.17255
14.17	-0.17597
14.175	-0.1774
14.18	-0.17758
14.185	-0.17732
14.19	-0.1765
14.195	-0.17429
14.2	-0.17011
14.205	-0.16496
14.21	-0.161
14.215	-0.15835
14.22	-0.15471
14.225	-0.14874
14.23	-0.14086
14.235	-0.13204
14.24	-0.12327
14.245	-0.115
14.25	-0.10753
14.255	-0.10083
14.26	-0.09445
14.265	-0.08833
14.27	-0.08226
14.275	-0.07423
14.28	-0.06133
14.285	-0.04326
14.29	-0.02324
14.295	-0.00588
14.3	0.00726
14.305	0.01855
14.31	0.03034
14.315	0.04439
14.32	0.06206
14.325	0.08279
14.33	0.10391
14.335	0.12273
14.34	0.13747
14.345	0.14792
14.35	0.15623
14.355	0.16599
14.36	0.17819
14.365	0.19153
14.37	0.20522
14.375	0.21871
14.38	0.2308
14.385	0.23965
14.39	0.24376
14.395	0.24355
14.4	0.24064
14.405	0.23616
14.41	0.23091
14.415	0.22517
14.42	0.21765
14.425	0.20631
14.43	0.18962
14.435	0.16799
14.44	0.14358
14.445	0.11782
14.45	0.09106
14.455	0.06346
14.46	0.03617
14.465	0.01114
14.47	-0.01086
14.475	-0.03011
14.48	-0.04607
14.485	-0.05744
14.49	-0.06307
14.495	-0.06203
14.5	-0.05537
14.505	-0.04572
14.51	-0.03576
14.515	-0.02623
14.52	-0.01822
14.525	-0.01335
14.53	-0.01186
14.535	-0.01347
14.54	-0.01911
14.545	-0.02852
14.55	-0.03927
14.555	-0.04973
14.56	-0.05913
14.565	-0.06645
14.57	-0.0698
14.575	-0.06746
14.58	-0.0609
14.585	-0.05421
14.59	-0.04991
14.595	-0.04843
14.6	-0.04913
14.605	-0.05216
14.61	-0.05806
14.615	-0.06568
14.62	-0.07261
14.625	-0.07653
14.63	-0.07635
14.635	-0.07244
14.64	-0.0655
14.645	-0.05738
14.65	-0.05101
14.655	-0.048
14.66	-0.04749
14.665	-0.0481
14.67	-0.04889
14.675	-0.04928
14.68	-0.04883
14.685	-0.0471
14.69	-0.04417
14.695	-0.04065
14.7	-0.03715
14.705	-0.03462
14.71	-0.03442
14.715	-0.03754
14.72	-0.04374
14.725	-0.05177
14.73	-0.06031
14.735	-0.06887
14.74	-0.07751
14.745	-0.08597
14.75	-0.09339
14.755	-0.09889
14.76	-0.10195
14.765	-0.10258
14.77	-0.1013
14.775	-0.09879
14.78	-0.09606
14.785	-0.0936
14.79	-0.09159
14.795	-0.08982
14.8	-0.08744
14.805	-0.08297
14.81	-0.07505
14.815	-0.06407
14.82	-0.05228
14.825	-0.04038
14.83	-0.02753
14.835	-0.01368
14.84	-0.00002
14.845	0.01214
14.85	0.02198
14.855	0.02933
14.86	0.03431
14.865	0.03759
14.87	0.04032
14.875	0.04374
14.88	0.04888
14.885	0.05634
14.89	0.06624
14.895	0.07844
14.9	0.09231
14.905	0.10644
14.91	0.11922
14.915	0.12943
14.92	0.13651
14.925	0.14099
14.93	0.14387
14.935	0.14483
14.94	0.14263
14.945	0.13664
14.95	0.12711
14.955	0.11469
14.96	0.10116
14.965	0.08882
14.97	0.07798
14.975	0.06827
14.98	0.06038
14.985	0.05387
14.99	0.04603
14.995	0.03474
15	0.01974
15.005	0.00189
15.01	-0.01755
15.015	-0.03767
15.02	-0.05819
15.025	-0.07877
15.03	-0.09832
15.035	-0.11541
15.04	-0.12947
15.045	-0.14218
15.05	-0.15634
15.055	-0.17094
15.06	-0.18255
15.065	-0.18913
15.07	-0.1912
15.075	-0.19131
15.08	-0.19054
15.085	-0.18893
15.09	-0.18658
15.095	-0.18321
15.1	-0.17784
15.105	-0.16971
15.11	-0.15878
15.115	-0.14569
15.12	-0.13206
15.125	-0.11991
15.13	-0.11038
15.135	-0.10282
15.14	-0.09575
15.145	-0.08744
15.15	-0.07707
15.155	-0.0655
15.16	-0.05514
15.165	-0.04843
15.17	-0.04604
15.175	-0.04688
15.18	-0.0498
15.185	-0.05412
15.19	-0.05821
15.195	-0.06033
15.2	-0.06074
15.205	-0.06009
15.21	-0.05822
15.215	-0.0549
15.22	-0.05033
15.225	-0.04487
15.23	-0.03978
15.235	-0.03674
15.24	-0.03605
15.245	-0.03628
15.25	-0.03681
15.255	-0.03743
15.26	-0.03742
15.265	-0.03531
15.27	-0.02968
15.275	-0.02051
15.28	-0.00933
15.285	0.00186
15.29	0.01115
15.295	0.01753
15.3	0.02167
15.305	0.02483
15.31	0.02724
15.315	0.02868
15.32	0.02881
15.325	0.02657
15.33	0.02083
15.335	0.01157
15.34	-0.00023
15.345	-0.01355
15.35	-0.02706
15.355	-0.03969
15.36	-0.05139
15.365	-0.06227
15.37	-0.07169
15.375	-0.07887
15.38	-0.08357
15.385	-0.0859
15.39	-0.08648
15.395	-0.08652
15.4	-0.08724
15.405	-0.0894
15.41	-0.09309
15.415	-0.09792
15.42	-0.10346
15.425	-0.10854
15.43	-0.11144
15.435	-0.11174
15.44	-0.11053
15.445	-0.10815
15.45	-0.10502
15.455	-0.10205
15.46	-0.09964
15.465	-0.09702
15.47	-0.09268
15.475	-0.08641
15.48	-0.08046
15.485	-0.07706
15.49	-0.07651
15.495	-0.07773
15.5	-0.07849
15.505	-0.07645
15.51	-0.07125
15.515	-0.06417
15.52	-0.05486
15.525	-0.04253
15.53	-0.029
15.535	-0.01684
15.54	-0.00731
15.545	-0.00123
15.55	0.00088
15.555	-0.00114
15.56	-0.00703
15.565	-0.01627
15.57	-0.0284
15.575	-0.04208
15.58	-0.05507
15.585	-0.06467
15.59	-0.06932
15.595	-0.06967
15.6	-0.06809
15.605	-0.06595
15.61	-0.06401
15.615	-0.06342
15.62	-0.06443
15.625	-0.06609
15.63	-0.06865
15.635	-0.07258
15.64	-0.07676
15.645	-0.08015
15.65	-0.08345
15.655	-0.08767
15.66	-0.09292
15.665	-0.09831
15.67	-0.10255
15.675	-0.10512
15.68	-0.10534
15.685	-0.10277
15.69	-0.09849
15.695	-0.09401
15.7	-0.08964
15.705	-0.08448
15.71	-0.07713
15.715	-0.06675
15.72	-0.05356
15.725	-0.0391
15.73	-0.02588
15.735	-0.01635
15.74	-0.01053
15.745	-0.00651
15.75	-0.00364
15.755	-0.00156
15.76	0.00077
15.765	0.0039
15.77	0.00736
15.775	0.00943
15.78	0.00878
15.785	0.00539
15.79	-0.00075
15.795	-0.0095
15.8	-0.01925
15.805	-0.02882
15.81	-0.03939
15.815	-0.05119
15.82	-0.06218
15.825	-0.07119
15.83	-0.07862
15.835	-0.0851
15.84	-0.09073
15.845	-0.09491
15.85	-0.09739
15.855	-0.09849
15.86	-0.09894
15.865	-0.10024
15.87	-0.10406
15.875	-0.1099
15.88	-0.11496
15.885	-0.11737
15.89	-0.11769
15.895	-0.11824
15.9	-0.12041
15.905	-0.12338
15.91	-0.12535
15.915	-0.1242
15.92	-0.11804
15.925	-0.10603
15.93	-0.08957
15.935	-0.07143
15.94	-0.05453
15.945	-0.03927
15.95	-0.02455
15.955	-0.00981
15.96	0.00388
15.965	0.01507
15.97	0.02462
15.975	0.03462
15.98	0.04653
15.985	0.06009
15.99	0.0735
15.995	0.08476
16	0.09262
16.005	0.09746
16.01	0.10164
16.015	0.10817
16.02	0.11743
16.025	0.12775
16.03	0.13735
16.035	0.14444
16.04	0.14751
16.045	0.14649
16.05	0.14305
16.055	0.13874
16.06	0.13388
16.065	0.12742
16.07	0.11966
16.075	0.11218
16.08	0.10508
16.085	0.09793
16.09	0.09132
16.095	0.0869
16.1	0.08642
16.105	0.09031
16.11	0.09737
16.115	0.10586
16.12	0.11467
16.125	0.12343
16.13	0.1317
16.135	0.13864
16.14	0.14353
16.145	0.14694
16.15	0.15027
16.155	0.15313
16.16	0.1542
16.165	0.15336
16.17	0.15193
16.175	0.15148
16.18	0.15195
16.185	0.15207
16.19	0.15072
16.195	0.14815
16.2	0.14548
16.205	0.14342
16.21	0.14157
16.215	0.13853
16.22	0.13375
16.225	0.12847
16.23	0.12343
16.235	0.11811
16.24	0.11234
16.245	0.10642
16.25	0.10033
16.255	0.09509
16.26	0.09279
16.265	0.09396
16.27	0.09698
16.275	0.1001
16.28	0.10232
16.285	0.10403
16.29	0.10684
16.295	0.11181
16.3	0.11761
16.305	0.12186
16.31	0.12333
16.315	0.12177
16.32	0.11758
16.325	0.11193
16.33	0.10645
16.335	0.10269
16.34	0.10027
16.345	0.09728
16.35	0.09332
16.355	0.08946
16.36	0.08633
16.365	0.0837
16.37	0.08083
16.375	0.07822
16.38	0.0768
16.385	0.07605
16.39	0.07441
16.395	0.07059
16.4	0.06459
16.405	0.05783
16.41	0.05233
16.415	0.04928
16.42	0.04846
16.425	0.05002
16.43	0.05443
16.435	0.06071
16.44	0.06676
16.445	0.07089
16.45	0.07251
16.455	0.07209
16.46	0.07094
16.465	0.07045
16.47	0.07124
16.475	0.07284
16.48	0.07386
16.485	0.07318
16.49	0.07034
16.495	0.06452
16.5	0.05622
16.505	0.0479
16.51	0.04164
16.515	0.03782
16.52	0.03471
16.525	0.0303
16.53	0.02417
16.535	0.01692
16.54	0.00956
16.545	0.00376
16.55	0.00044
16.555	-0.00137
16.56	-0.00292
16.565	-0.00449
16.57	-0.00602
16.575	-0.00754
16.58	-0.00959
16.585	-0.01277
16.59	-0.01675
16.595	-0.01991
16.6	-0.01986
16.605	-0.0157
16.61	-0.00791
16.615	0.00217
16.62	0.01202
16.625	0.01942
16.63	0.02529
16.635	0.03257
16.64	0.04282
16.645	0.05519
16.65	0.06681
16.655	0.07586
16.66	0.08192
16.665	0.08503
16.67	0.08593
16.675	0.08638
16.68	0.08858
16.685	0.09343
16.69	0.09954
16.695	0.10412
16.7	0.10536
16.705	0.10313
16.71	0.0984
16.715	0.09149
16.72	0.08222
16.725	0.07067
16.73	0.05769
16.735	0.04519
16.74	0.03512
16.745	0.02861
16.75	0.02548
16.755	0.02513
16.76	0.02645
16.765	0.02813
16.77	0.02886
16.775	0.02837
16.78	0.02817
16.785	0.03055
16.79	0.03617
16.795	0.04299
16.8	0.0476
16.805	0.04818
16.81	0.0459
16.815	0.04178
16.82	0.03617
16.825	0.02983
16.83	0.02278
16.835	0.01369
16.84	0.00258
16.845	-0.00855
16.85	-0.01815
16.855	-0.02498
16.86	-0.0274
16.865	-0.02567
16.87	-0.02228
16.875	-0.01916
16.88	-0.01764
16.885	-0.0191
16.89	-0.02398
16.895	-0.03132
16.9	-0.04
16.905	-0.04888
16.91	-0.05694
16.915	-0.06323
16.92	-0.06718
16.925	-0.06998
16.93	-0.07352
16.935	-0.07806
16.94	-0.0825
16.945	-0.08587
16.95	-0.08758
16.955	-0.08706
16.96	-0.08342
16.965	-0.07692
16.97	-0.07051
16.975	-0.06792
16.98	-0.07107
16.985	-0.07847
16.99	-0.08681
16.995	-0.0946
17	-0.10213
17.005	-0.10995
17.01	-0.11823
17.015	-0.12636
17.02	-0.13296
17.025	-0.13643
17.03	-0.13593
17.035	-0.13174
17.04	-0.12527
17.045	-0.1177
17.05	-0.11001
17.055	-0.10314
17.06	-0.09816
17.065	-0.09569
17.07	-0.09506
17.075	-0.09503
17.08	-0.09535
17.085	-0.09627
17.09	-0.09752
17.095	-0.09805
17.1	-0.09722
17.105	-0.09556
17.11	-0.09306
17.115	-0.08832
17.12	-0.08103
17.125	-0.07256
17.13	-0.06396
17.135	-0.05649
17.14	-0.05173
17.145	-0.05046
17.15	-0.05173
17.155	-0.05297
17.16	-0.05162
17.165	-0.04711
17.17	-0.04076
17.175	-0.03443
17.18	-0.02813
17.185	-0.02132
17.19	-0.01502
17.195	-0.01068
17.2	-0.0094
17.205	-0.01174
17.21	-0.01719
17.215	-0.02374
17.22	-0.02903
17.225	-0.03167
17.23	-0.03168
17.235	-0.02956
17.24	-0.02483
17.245	-0.01764
17.25	-0.00996
17.255	-0.00378
17.26	-0.00011
17.265	0.00126
17.27	0.00054
17.275	-0.00285
17.28	-0.00859
17.285	-0.01507
17.29	-0.02144
17.295	-0.02776
17.3	-0.03449
17.305	-0.04213
17.31	-0.0507
17.315	-0.05957
17.32	-0.06806
17.325	-0.07655
17.33	-0.08514
17.335	-0.0931
17.34	-0.10042
17.345	-0.10764
17.35	-0.11435
17.355	-0.11916
17.36	-0.12092
17.365	-0.12023
17.37	-0.11938
17.375	-0.11993
17.38	-0.12194
17.385	-0.12444
17.39	-0.12636
17.395	-0.12714
17.4	-0.12639
17.405	-0.12324
17.41	-0.11611
17.415	-0.10476
17.42	-0.09107
17.425	-0.07645
17.43	-0.06212
17.435	-0.04967
17.44	-0.0396
17.445	-0.03054
17.45	-0.02138
17.455	-0.01184
17.46	-0.00219
17.465	0.00718
17.47	0.01582
17.475	0.02357
17.48	0.03087
17.485	0.0386
17.49	0.04686
17.495	0.05386
17.5	0.05783
17.505	0.05837
17.51	0.05618
17.515	0.05272
17.52	0.04887
17.525	0.04573
17.53	0.0447
17.535	0.04535
17.54	0.04635
17.545	0.04791
17.55	0.05134
17.555	0.05754
17.56	0.06532
17.565	0.07155
17.57	0.0741
17.575	0.07211
17.58	0.06561
17.585	0.05513
17.59	0.04174
17.595	0.0264
17.6	0.01097
17.605	-0.00209
17.61	-0.01115
17.615	-0.01633
17.62	-0.01787
17.625	-0.01585
17.63	-0.01037
17.635	-0.00285
17.64	0.00356
17.645	0.0064
17.65	0.00482
17.655	-0.00081
17.66	-0.00883
17.665	-0.01735
17.67	-0.02542
17.675	-0.03235
17.68	-0.03652
17.685	-0.03705
17.69	-0.0359
17.695	-0.03489
17.7	-0.03444
17.705	-0.03366
17.71	-0.03107
17.715	-0.02531
17.72	-0.01689
17.725	-0.00807
17.73	-0.00053
17.735	0.00546
17.74	0.0105
17.745	0.01538
17.75	0.02032
17.755	0.02551
17.76	0.03122
17.765	0.03797
17.77	0.04598
17.775	0.05499
17.78	0.06512
17.785	0.07648
17.79	0.08876
17.795	0.1013
17.8	0.11394
17.805	0.12673
17.81	0.13926
17.815	0.1507
17.82	0.16003
17.825	0.16646
17.83	0.16963
17.835	0.17007
17.84	0.16913
17.845	0.16821
17.85	0.16734
17.855	0.1665
17.86	0.16622
17.865	0.16572
17.87	0.163
17.875	0.15669
17.88	0.14661
17.885	0.13337
17.89	0.11766
17.895	0.10013
17.9	0.08178
17.905	0.06387
17.91	0.04744
17.915	0.03297
17.92	0.02049
17.925	0.01036
17.93	0.00309
17.935	-0.00084
17.94	-0.00176
17.945	-0.00096
17.95	0.00094
17.955	0.00322
17.96	0.00468
17.965	0.00472
17.97	0.00443
17.975	0.00554
17.98	0.00962
17.985	0.01719
17.99	0.02732
17.995	0.03794
18	0.04798
18.005	0.05792
18.01	0.06893
18.015	0.08078
18.02	0.0915
18.025	0.10022
18.03	0.10816
18.035	0.11571
18.04	0.12182
18.045	0.12531
18.05	0.12614
18.055	0.12576
18.06	0.12511
18.065	0.12446
18.07	0.12408
18.075	0.12457
18.08	0.12639
18.085	0.12931
18.09	0.13223
18.095	0.13423
18.1	0.13471
18.105	0.13312
18.11	0.12846
18.115	0.12029
18.12	0.11033
18.125	0.10086
18.13	0.09225
18.135	0.08459
18.14	0.07836
18.145	0.07438
18.15	0.07348
18.155	0.07618
18.16	0.08196
18.165	0.08888
18.17	0.09533
18.175	0.10017
18.18	0.10277
18.185	0.10373
18.19	0.10475
18.195	0.10599
18.2	0.10635
18.205	0.10534
18.21	0.10314
18.215	0.09989
18.22	0.09632
18.225	0.09342
18.23	0.09122
18.235	0.08949
18.24	0.08884
18.245	0.09023
18.25	0.09342
18.255	0.09601
18.26	0.09507
18.265	0.09024
18.27	0.08308
18.275	0.07536
18.28	0.06696
18.285	0.05706
18.29	0.04647
18.295	0.03628
18.3	0.0263
18.305	0.01674
18.31	0.00857
18.315	0.00287
18.32	-0.00044
18.325	-0.00281
18.33	-0.00516
18.335	-0.00662
18.34	-0.00548
18.345	-0.00061
18.35	0.00744
18.355	0.01718
18.36	0.02679
18.365	0.03496
18.37	0.0411
18.375	0.04537
18.38	0.04828
18.385	0.05021
18.39	0.05094
18.395	0.05027
18.4	0.04912
18.405	0.04896
18.41	0.05069
18.415	0.05423
18.42	0.0594
18.425	0.06743
18.43	0.07856
18.435	0.08991
18.44	0.09825
18.445	0.10227
18.45	0.10166
18.455	0.097
18.46	0.0889
18.465	0.07772
18.47	0.06341
18.475	0.04519
18.48	0.02391
18.485	0.00384
18.49	-0.01062
18.495	-0.01823
18.5	-0.02074
18.505	-0.02117
18.51	-0.02083
18.515	-0.02018
18.52	-0.02061
18.525	-0.02308
18.53	-0.02777
18.535	-0.03444
18.54	-0.04235
18.545	-0.05077
18.55	-0.05942
18.555	-0.0688
18.56	-0.07934
18.565	-0.09073
18.57	-0.10155
18.575	-0.11052
18.58	-0.11717
18.585	-0.12088
18.59	-0.12102
18.595	-0.11734
18.6	-0.11104
18.605	-0.10409
18.61	-0.09632
18.615	-0.08676
18.62	-0.07707
18.625	-0.06913
18.63	-0.06208
18.635	-0.05454
18.64	-0.04648
18.645	-0.03933
18.65	-0.03552
18.655	-0.03678
18.66	-0.04142
18.665	-0.04511
18.67	-0.04635
18.675	-0.04598
18.68	-0.04429
18.685	-0.04134
18.69	-0.03752
18.695	-0.03302
18.7	-0.02836
18.705	-0.02463
18.71	-0.02214
18.715	-0.02029
18.72	-0.02001
18.725	-0.02288
18.73	-0.02845
18.735	-0.03419
18.74	-0.03766
18.745	-0.03842
18.75	-0.03801
18.755	-0.03745
18.76	-0.03726
18.765	-0.03819
18.77	-0.04104
18.775	-0.04565
18.78	-0.0501
18.785	-0.0522
18.79	-0.05168
18.795	-0.04904
18.8	-0.04487
18.805	-0.04067
18.81	-0.03789
18.815	-0.03576
18.82	-0.03332
18.825	-0.03121
18.83	-0.02999
18.835	-0.02995
18.84	-0.03173
18.845	-0.03558
18.85	-0.04056
18.855	-0.04491
18.86	-0.04715
18.865	-0.04779
18.87	-0.04786
18.875	-0.04658
18.88	-0.04237
18.885	-0.03493
18.89	-0.02664
18.895	-0.02092
18.9	-0.01833
18.905	-0.01762
18.91	-0.01724
18.915	-0.01654
18.92	-0.01541
18.925	-0.01409
18.93	-0.0131
18.935	-0.01296
18.94	-0.01407
18.945	-0.01596
18.95	-0.01712
18.955	-0.01622
18.96	-0.01336
18.965	-0.0099
18.97	-0.00744
18.975	-0.00651
18.98	-0.00695
18.985	-0.00859
18.99	-0.01048
18.995	-0.01086
19	-0.00872
19.005	-0.00411
19.01	0.00234
19.015	0.00953
19.02	0.01602
19.025	0.02115
19.03	0.0246
19.035	0.02551
19.04	0.02368
19.045	0.02054
19.05	0.01745
19.055	0.01518
19.06	0.0143
19.065	0.01461
19.07	0.01503
19.075	0.01463
19.08	0.01333
19.085	0.01183
19.09	0.01059
19.095	0.00934
19.1	0.00812
19.105	0.00788
19.11	0.00829
19.115	0.00819
19.12	0.00692
19.125	0.00512
19.13	0.00414
19.135	0.00444
19.14	0.00545
19.145	0.00667
19.15	0.00758
19.155	0.00734
19.16	0.00514
19.165	0.00101
19.17	-0.00365
19.175	-0.00763
19.18	-0.01157
19.185	-0.01629
19.19	-0.02143
19.195	-0.02528
19.2	-0.02657
19.205	-0.02611
19.21	-0.02542
19.215	-0.02553
19.22	-0.02698
19.225	-0.02971
19.23	-0.0327
19.235	-0.03524
19.24	-0.03745
19.245	-0.04026
19.25	-0.04398
19.255	-0.04729
19.26	-0.04943
19.265	-0.05184
19.27	-0.05544
19.275	-0.05927
19.28	-0.0618
19.285	-0.06169
19.29	-0.05809
19.295	-0.05116
19.3	-0.0417
19.305	-0.03038
19.31	-0.01879
19.315	-0.01018
19.32	-0.00624
19.325	-0.00527
19.33	-0.00533
19.335	-0.00516
19.34	-0.00459
19.345	-0.00416
19.35	-0.00478
19.355	-0.00698
19.36	-0.01024
19.365	-0.0127
19.37	-0.01231
19.375	-0.00833
19.38	-0.00173
19.385	0.00568
19.39	0.0131
19.395	0.02038
19.4	0.02702
19.405	0.03202
19.41	0.03443
19.415	0.03456
19.42	0.03319
19.425	0.03043
19.43	0.02657
19.435	0.02272
19.44	0.01976
19.445	0.0178
19.45	0.01633
19.455	0.01524
19.46	0.01534
19.465	0.01757
19.47	0.0215
19.475	0.02465
19.48	0.02461
19.485	0.02125
19.49	0.01554
19.495	0.00872
19.5	0.00179
19.505	-0.00484
19.51	-0.01137
19.515	-0.01701
19.52	-0.02042
19.525	-0.02209
19.53	-0.02396
19.535	-0.02695
19.54	-0.03054
19.545	-0.03338
19.55	-0.03497
19.555	-0.03559
19.56	-0.03517
19.565	-0.03333
19.57	-0.02994
19.575	-0.02452
19.58	-0.01718
19.585	-0.00928
19.59	-0.00203
19.595	0.005
19.6	0.01217
19.605	0.01866
19.61	0.02241
19.615	0.02156
19.62	0.016
19.625	0.00757
19.63	-0.00061
19.635	-0.00614
19.64	-0.0085
19.645	-0.00908
19.65	-0.00975
19.655	-0.01186
19.66	-0.01614
19.665	-0.02237
19.67	-0.02918
19.675	-0.03554
19.68	-0.04203
19.685	-0.04889
19.69	-0.05579
19.695	-0.06294
19.7	-0.0702
19.705	-0.07621
19.71	-0.0803
19.715	-0.08332
19.72	-0.08634
19.725	-0.08957
19.73	-0.092
19.735	-0.09317
19.74	-0.0943
19.745	-0.09673
19.75	-0.10091
19.755	-0.10596
19.76	-0.1102
19.765	-0.11213
19.77	-0.11119
19.775	-0.10821
19.78	-0.10506
19.785	-0.10397
19.79	-0.10615
19.795	-0.11057
19.8	-0.11421
19.805	-0.11501
19.81	-0.11303
19.815	-0.11001
19.82	-0.10757
19.825	-0.10592
19.83	-0.10463
19.835	-0.10367
19.84	-0.10449
19.845	-0.10754
19.85	-0.11154
19.855	-0.11557
19.86	-0.11961
19.865	-0.12381
19.87	-0.12806
19.875	-0.13191
19.88	-0.13454
19.885	-0.13556
19.89	-0.13547
19.895	-0.13538
19.9	-0.13626
19.905	-0.13877
19.91	-0.14261
19.915	-0.14657
19.92	-0.14997
19.925	-0.15403
19.93	-0.15843
19.935	-0.16076
19.94	-0.16003
19.945	-0.15658
19.95	-0.15039
19.955	-0.14106
19.96	-0.12877
19.965	-0.11453
19.97	-0.10001
19.975	-0.08631
19.98	-0.07509
19.985	-0.0683
19.99	-0.06488
19.995	-0.06142
20	-0.05717
20.005	-0.05313
20.01	-0.04984
20.015	-0.0469
20.02	-0.04374
20.025	-0.04112
20.03	-0.04026
20.035	-0.04104
20.04	-0.04233
20.045	-0.04298
20.05	-0.04337
20.055	-0.04449
20.06	-0.04683
20.065	-0.05073
20.07	-0.05672
20.075	-0.06437
20.08	-0.07209
20.085	-0.07836
20.09	-0.08317
20.095	-0.08833
20.1	-0.09422
20.105	-0.09936
20.11	-0.10258
20.115	-0.10407
20.12	-0.10493
20.125	-0.10477
20.13	-0.10166
20.135	-0.09512
20.14	-0.08633
20.145	-0.07701
20.15	-0.06859
20.155	-0.06227
20.16	-0.05838
20.165	-0.05627
20.17	-0.05465
20.175	-0.05211
20.18	-0.04749
20.185	-0.04041
20.19	-0.03148
20.195	-0.02196
20.2	-0.01321
20.205	-0.00637
20.21	-0.00173
20.215	0.00126
20.22	0.0032
20.225	0.00444
20.23	0.00511
20.235	0.00534
20.24	0.00524
20.245	0.00365
20.25	-0.00038
20.255	-0.00588
20.26	-0.0115
20.265	-0.0169
20.27	-0.02241
20.275	-0.02861
20.28	-0.03599
20.285	-0.04426
20.29	-0.0524
20.295	-0.05993
20.3	-0.06646
20.305	-0.07071
20.31	-0.07237
20.315	-0.07283
20.32	-0.07172
20.325	-0.06712
20.33	-0.0589
20.335	-0.04899
20.34	-0.0395
20.345	-0.03029
20.35	-0.02
20.355	-0.0098
20.36	-0.00247
20.365	0.00092
20.37	0.00058
20.375	-0.00202
20.38	-0.00424
20.385	-0.00364
20.39	-0.00023
20.395	0.00483
20.4	0.0108
20.405	0.01798
20.41	0.02661
20.415	0.03563
20.42	0.04325
20.425	0.04813
20.43	0.05067
20.435	0.05252
20.44	0.05409
20.445	0.0549
20.45	0.05461
20.455	0.05393
20.46	0.05423
20.465	0.05571
20.47	0.05752
20.475	0.05887
20.48	0.05906
20.485	0.05808
20.49	0.05679
20.495	0.0566
20.5	0.05811
20.505	0.06164
20.51	0.06731
20.515	0.07389
20.52	0.07971
20.525	0.08488
20.53	0.09065
20.535	0.09745
20.54	0.10453
20.545	0.11053
20.55	0.11553
20.555	0.12069
20.56	0.12699
20.565	0.13486
20.57	0.14427
20.575	0.15573
20.58	0.16929
20.585	0.18364
20.59	0.19735
20.595	0.20934
20.6	0.21741
20.605	0.21917
20.61	0.2143
20.615	0.20488
20.62	0.19419
20.625	0.18444
20.63	0.17657
20.635	0.17081
20.64	0.16725
20.645	0.16612
20.65	0.16731
20.655	0.16975
20.66	0.17163
20.665	0.17156
20.67	0.16921
20.675	0.16551
20.68	0.16168
20.685	0.15823
20.69	0.15481
20.695	0.1507
20.7	0.14512
20.705	0.13791
20.71	0.13037
20.715	0.12433
20.72	0.12023
20.725	0.11601
20.73	0.10838
20.735	0.09703
20.74	0.08475
20.745	0.07384
20.75	0.06528
20.755	0.05923
20.76	0.05568
20.765	0.05434
20.77	0.05481
20.775	0.05606
20.78	0.05682
20.785	0.05645
20.79	0.05513
20.795	0.05257
20.8	0.04847
20.805	0.04326
20.81	0.03797
20.815	0.03382
20.82	0.03197
20.825	0.03267
20.83	0.03455
20.835	0.03606
20.84	0.03704
20.845	0.03852
20.85	0.04118
20.855	0.04374
20.86	0.04501
20.865	0.04573
20.87	0.04622
20.875	0.04576
20.88	0.04477
20.885	0.04427
20.89	0.04461
20.895	0.04508
20.9	0.04476
20.905	0.04439
20.91	0.04587
20.915	0.0502
20.92	0.05726
20.925	0.06548
20.93	0.07246
20.935	0.07613
20.94	0.07628
20.945	0.074
20.95	0.07056
20.955	0.06695
20.96	0.06364
20.965	0.0599
20.97	0.05507
20.975	0.04996
20.98	0.04554
20.985	0.04187
20.99	0.03789
20.995	0.03283
21	0.02738
21.005	0.02278
21.01	0.01956
21.015	0.01719
21.02	0.01476
21.025	0.01239
21.03	0.01118
21.035	0.01239
21.04	0.01609
21.045	0.02032
21.05	0.0222
21.055	0.01973
21.06	0.01346
21.065	0.00547
21.07	-0.00186
21.075	-0.00778
21.08	-0.01252
21.085	-0.01581
21.09	-0.01771
21.095	-0.01909
21.1	-0.02099
21.105	-0.02452
21.11	-0.03054
21.115	-0.03834
21.12	-0.04577
21.125	-0.05175
21.13	-0.05637
21.135	-0.0596
21.14	-0.06189
21.145	-0.06444
21.15	-0.06791
21.155	-0.07194
21.16	-0.07532
21.165	-0.07746
21.17	-0.0794
21.175	-0.08246
21.18	-0.08701
21.185	-0.09216
21.19	-0.09656
21.195	-0.09992
21.2	-0.10313
21.205	-0.10757
21.21	-0.11289
21.215	-0.11725
21.22	-0.11897
21.225	-0.11778
21.23	-0.11479
21.235	-0.11053
21.24	-0.10511
21.245	-0.09949
21.25	-0.09457
21.255	-0.09047
21.26	-0.08612
21.265	-0.08031
21.27	-0.07359
21.275	-0.06752
21.28	-0.06358
21.285	-0.06197
21.29	-0.06158
21.295	-0.06077
21.3	-0.05859
21.305	-0.05549
21.31	-0.05228
21.315	-0.04956
21.32	-0.04778
21.325	-0.04728
21.33	-0.04819
21.335	-0.05107
21.34	-0.05658
21.345	-0.06403
21.35	-0.07192
21.355	-0.07992
21.36	-0.08885
21.365	-0.09949
21.37	-0.11166
21.375	-0.12378
21.38	-0.13419
21.385	-0.14153
21.39	-0.14545
21.395	-0.14661
21.4	-0.14647
21.405	-0.14518
21.41	-0.14271
21.415	-0.13956
21.42	-0.13629
21.425	-0.13296
21.43	-0.12914
21.435	-0.12426
21.44	-0.11828
21.445	-0.1122
21.45	-0.10764
21.455	-0.10493
21.46	-0.10249
21.465	-0.09864
21.47	-0.09322
21.475	-0.08773
21.48	-0.08272
21.485	-0.07723
21.49	-0.07142
21.495	-0.06669
21.5	-0.06508
21.505	-0.06617
21.51	-0.06706
21.515	-0.06681
21.52	-0.06606
21.525	-0.06528
21.53	-0.06459
21.535	-0.06395
21.54	-0.06314
21.545	-0.06232
21.55	-0.06188
21.555	-0.06227
21.56	-0.06354
21.565	-0.06482
21.57	-0.06507
21.575	-0.06444
21.58	-0.06354
21.585	-0.06258
21.59	-0.06141
21.595	-0.06003
21.6	-0.05882
21.605	-0.0587
21.61	-0.0603
21.615	-0.06312
21.62	-0.06516
21.625	-0.06471
21.63	-0.06128
21.635	-0.05605
21.64	-0.05048
21.645	-0.04558
21.65	-0.04219
21.655	-0.04087
21.66	-0.04138
21.665	-0.04259
21.67	-0.04303
21.675	-0.0421
21.68	-0.03977
21.685	-0.03575
21.69	-0.03049
21.695	-0.02574
21.7	-0.02347
21.705	-0.02428
21.71	-0.02659
21.715	-0.02747
21.72	-0.02517
21.725	-0.02012
21.73	-0.0145
21.735	-0.00943
21.74	-0.00467
21.745	0.00081
21.75	0.00827
21.755	0.01821
21.76	0.02948
21.765	0.04034
21.77	0.05026
21.775	0.05908
21.78	0.06576
21.785	0.06911
21.79	0.06876
21.795	0.06529
21.8	0.06002
21.805	0.05418
21.81	0.04854
21.815	0.04354
21.82	0.03935
21.825	0.03563
21.83	0.03167
21.835	0.02744
21.84	0.02362
21.845	0.01967
21.85	0.01463
21.855	0.0087
21.86	0.0026
21.865	-0.00306
21.87	-0.00759
21.875	-0.01081
21.88	-0.01295
21.885	-0.01415
21.89	-0.01422
21.895	-0.01318
21.9	-0.01121
21.905	-0.00792
21.91	-0.003
21.915	0.00306
21.92	0.00933
21.925	0.01438
21.93	0.01652
21.935	0.01485
21.94	0.0104
21.945	0.00553
21.95	0.00281
21.955	0.00358
21.96	0.00753
21.965	0.01342
21.97	0.02019
21.975	0.02707
21.98	0.03287
21.985	0.03667
21.99	0.03894
21.995	0.04023
22	0.03967
22.005	0.03633
22.01	0.03014
22.015	0.02231
22.02	0.01528
22.025	0.01168
22.03	0.01193
22.035	0.01417
22.04	0.01781
22.045	0.02266
22.05	0.02747
22.055	0.03035
22.06	0.03011
22.065	0.02753
22.07	0.02486
22.075	0.02439
22.08	0.02788
22.085	0.036
22.09	0.04824
22.095	0.06301
22.1	0.07948
22.105	0.09587
22.11	0.10896
22.115	0.11767
22.12	0.12343
22.125	0.12701
22.13	0.12842
22.135	0.12773
22.14	0.12548
22.145	0.12269
22.15	0.12017
22.155	0.11833
22.16	0.11725
22.165	0.11639
22.17	0.11507
22.175	0.11396
22.18	0.11411
22.185	0.11507
22.19	0.11537
22.195	0.11369
22.2	0.10937
22.205	0.10292
22.21	0.09558
22.215	0.0891
22.22	0.08505
22.225	0.08436
22.23	0.08655
22.235	0.09035
22.24	0.09448
22.245	0.09896
22.25	0.10431
22.255	0.11058
22.26	0.11691
22.265	0.12232
22.27	0.12679
22.275	0.1303
22.28	0.13227
22.285	0.13201
22.29	0.12896
22.295	0.12293
22.3	0.11447
22.305	0.10553
22.31	0.09887
22.315	0.09619
22.32	0.09631
22.325	0.09672
22.33	0.09614
22.335	0.09434
22.34	0.09187
22.345	0.09006
22.35	0.08957
22.355	0.08948
22.36	0.08838
22.365	0.08562
22.37	0.08181
22.375	0.0782
22.38	0.07573
22.385	0.07464
22.39	0.07496
22.395	0.07763
22.4	0.08353
22.405	0.09207
22.41	0.10189
22.415	0.11177
22.42	0.12114
22.425	0.12928
22.43	0.13432
22.435	0.13567
22.44	0.13566
22.445	0.13667
22.45	0.13938
22.455	0.14286
22.46	0.14555
22.465	0.14658
22.47	0.14634
22.475	0.14593
22.48	0.1456
22.485	0.14458
22.49	0.14167
22.495	0.13647
22.5	0.12984
22.505	0.12326
22.51	0.11771
22.515	0.11282
22.52	0.10793
22.525	0.10313
22.53	0.09946
22.535	0.09797
22.54	0.09889
22.545	0.10135
22.55	0.10372
22.555	0.10493
22.56	0.10509
22.565	0.10558
22.57	0.10801
22.575	0.1128
22.58	0.11927
22.585	0.12643
22.59	0.13344
22.595	0.13942
22.6	0.14329
22.605	0.14443
22.61	0.14329
22.615	0.14097
22.62	0.13794
22.625	0.13268
22.63	0.12404
22.635	0.11346
22.64	0.1033
22.645	0.09551
22.65	0.09005
22.655	0.08618
22.66	0.08378
22.665	0.08217
22.67	0.07962
22.675	0.07487
22.68	0.06803
22.685	0.06062
22.69	0.05361
22.695	0.04696
22.7	0.04134
22.705	0.0373
22.71	0.03388
22.715	0.03037
22.72	0.02703
22.725	0.02353
22.73	0.01909
22.735	0.01414
22.74	0.00956
22.745	0.00581
22.75	0.00261
22.755	-0.00031
22.76	-0.00207
22.765	-0.00227
22.77	-0.00215
22.775	-0.00207
22.78	-0.0013
22.785	0.00027
22.79	0.00231
22.795	0.005
22.8	0.00878
22.805	0.01344
22.81	0.01771
22.815	0.02006
22.82	0.02048
22.825	0.0203
22.83	0.02104
22.835	0.02309
22.84	0.02563
22.845	0.02821
22.85	0.03059
22.855	0.03257
22.86	0.03371
22.865	0.03365
22.87	0.03236
22.875	0.02987
22.88	0.02592
22.885	0.02104
22.89	0.01644
22.895	0.01292
22.9	0.00982
22.905	0.00592
22.91	0.00087
22.915	-0.00418
22.92	-0.00811
22.925	-0.01071
22.93	-0.01265
22.935	-0.01438
22.94	-0.01566
22.945	-0.01566
22.95	-0.01414
22.955	-0.012
22.96	-0.01058
22.965	-0.01066
22.97	-0.01194
22.975	-0.01324
22.98	-0.01416
22.985	-0.01518
22.99	-0.01731
22.995	-0.02145
23	-0.0272
23.005	-0.03245
23.01	-0.03538
23.015	-0.03697
23.02	-0.03911
23.025	-0.04288
23.03	-0.04794
23.035	-0.05337
23.04	-0.05873
23.045	-0.06387
23.05	-0.06866
23.055	-0.07273
23.06	-0.07564
23.065	-0.07712
23.07	-0.07667
23.075	-0.07373
23.08	-0.06917
23.085	-0.06498
23.09	-0.06193
23.095	-0.06005
23.1	-0.0597
23.105	-0.06088
23.11	-0.06261
23.115	-0.06373
23.12	-0.06314
23.125	-0.05999
23.13	-0.05513
23.135	-0.05074
23.14	-0.04791
23.145	-0.04628
23.15	-0.04537
23.155	-0.04446
23.16	-0.04282
23.165	-0.04127
23.17	-0.04152
23.175	-0.04418
23.18	-0.04847
23.185	-0.05303
23.19	-0.05705
23.195	-0.0608
23.2	-0.06553
23.205	-0.07281
23.21	-0.08323
23.215	-0.09479
23.22	-0.10404
23.225	-0.11099
23.23	-0.11756
23.235	-0.12381
23.24	-0.12919
23.245	-0.13361
23.25	-0.13678
23.255	-0.13858
23.26	-0.13957
23.265	-0.14031
23.27	-0.14087
23.275	-0.14108
23.28	-0.1411
23.285	-0.14172
23.29	-0.14408
23.295	-0.14869
23.3	-0.15419
23.305	-0.15789
23.31	-0.15888
23.315	-0.15727
23.32	-0.15275
23.325	-0.14638
23.33	-0.14066
23.335	-0.13689
23.34	-0.13404
23.345	-0.12974
23.35	-0.1233
23.355	-0.11687
23.36	-0.11233
23.365	-0.10929
23.37	-0.10548
23.375	-0.09941
23.38	-0.09205
23.385	-0.08454
23.39	-0.07712
23.395	-0.06928
23.4	-0.06058
23.405	-0.05123
23.41	-0.04255
23.415	-0.03613
23.42	-0.03158
23.425	-0.02753
23.43	-0.02373
23.435	-0.02078
23.44	-0.01922
23.445	-0.01878
23.45	-0.01864
23.455	-0.01829
23.46	-0.01783
23.465	-0.01773
23.47	-0.01878
23.475	-0.0216
23.48	-0.02637
23.485	-0.03287
23.49	-0.04112
23.495	-0.05145
23.5	-0.06341
23.505	-0.07475
23.51	-0.08319
23.515	-0.08858
23.52	-0.09138
23.525	-0.09201
23.53	-0.09054
23.535	-0.08723
23.54	-0.08292
23.545	-0.07856
23.55	-0.07525
23.555	-0.074
23.56	-0.07488
23.565	-0.07654
23.57	-0.07791
23.575	-0.07883
23.58	-0.07872
23.585	-0.07696
23.59	-0.07477
23.595	-0.07354
23.6	-0.07299
23.605	-0.07266
23.61	-0.07228
23.615	-0.07176
23.62	-0.07107
23.625	-0.07019
23.63	-0.06921
23.635	-0.06871
23.64	-0.06951
23.645	-0.07238
23.65	-0.07742
23.655	-0.08406
23.66	-0.09133
23.665	-0.0986
23.67	-0.10515
23.675	-0.11006
23.68	-0.11274
23.685	-0.11346
23.69	-0.11312
23.695	-0.11274
23.7	-0.11258
23.705	-0.11222
23.71	-0.11078
23.715	-0.10764
23.72	-0.10305
23.725	-0.09833
23.73	-0.09411
23.735	-0.0891
23.74	-0.08304
23.745	-0.07761
23.75	-0.07289
23.755	-0.06752
23.76	-0.06045
23.765	-0.05202
23.77	-0.04408
23.775	-0.03848
23.78	-0.03575
23.785	-0.03478
23.79	-0.03413
23.795	-0.03325
23.8	-0.03224
23.805	-0.03114
23.81	-0.02999
23.815	-0.029
23.82	-0.02848
23.825	-0.02897
23.83	-0.03074
23.835	-0.03338
23.84	-0.03628
23.845	-0.03954
23.85	-0.04358
23.855	-0.04842
23.86	-0.0536
23.865	-0.05854
23.87	-0.06361
23.875	-0.06868
23.88	-0.0729
23.885	-0.07638
23.89	-0.08027
23.895	-0.08509
23.9	-0.09028
23.905	-0.09481
23.91	-0.09853
23.915	-0.10232
23.92	-0.1059
23.925	-0.10779
23.93	-0.10596
23.935	-0.09972
23.94	-0.09061
23.945	-0.08052
23.95	-0.07054
23.955	-0.06022
23.96	-0.04943
23.965	-0.03941
23.97	-0.03086
23.975	-0.02408
23.98	-0.01905
23.985	-0.01479
23.99	-0.00973
23.995	-0.00465
24	-0.00156
24.005	-0.00034
24.01	0.00026
24.015	0.00083
24.02	0.00148
24.025	0.00224
24.03	0.00313
24.035	0.00413
24.04	0.00498
24.045	0.00487
24.05	0.00279
24.055	-0.0019
24.06	-0.00914
24.065	-0.01816
24.07	-0.02751
24.075	-0.03541
24.08	-0.04138
24.085	-0.0459
24.09	-0.04922
24.095	-0.05078
24.1	-0.04968
24.105	-0.046
24.11	-0.04092
24.115	-0.03514
24.12	-0.02921
24.125	-0.02417
24.13	-0.02008
24.135	-0.01687
24.14	-0.01641
24.145	-0.01903
24.15	-0.02129
24.155	-0.02063
24.16	-0.01762
24.165	-0.01323
24.17	-0.00786
24.175	-0.00148
24.18	0.00525
24.185	0.01074
24.19	0.01396
24.195	0.01481
24.2	0.01349
24.205	0.01061
24.21	0.00711
24.215	0.00373
24.22	0.00107
24.225	-0.00032
24.23	-0.00047
24.235	-0.00012
24.24	0.00017
24.245	0.00036
24.25	0.00058
24.255	0.00103
24.26	0.00178
24.265	0.00248
24.27	0.00251
24.275	0.00111
24.28	-0.0018
24.285	-0.00518
24.29	-0.0077
24.295	-0.00861
24.3	-0.00817
24.305	-0.00742
24.31	-0.00707
24.315	-0.00777
24.32	-0.00988
24.325	-0.01312
24.33	-0.01666
24.335	-0.02022
24.34	-0.02375
24.345	-0.02703
24.35	-0.0296
24.355	-0.03087
24.36	-0.03064
24.365	-0.02874
24.37	-0.02501
24.375	-0.02037
24.38	-0.0162
24.385	-0.01203
24.39	-0.00718
24.395	-0.00328
24.4	-0.00179
24.405	-0.00209
24.41	-0.00356
24.415	-0.00558
24.42	-0.00677
24.425	-0.00622
24.43	-0.00429
24.435	-0.00171
24.44	0.00129
24.445	0.00534
24.45	0.01011
24.455	0.01343
24.46	0.01456
24.465	0.01483
24.47	0.01494
24.475	0.01496
24.48	0.01496
24.485	0.01537
24.49	0.01705
24.495	0.02049
24.5	0.02499
24.505	0.02863
24.51	0.03099
24.515	0.03376
24.52	0.03759
24.525	0.04146
24.53	0.04423
24.535	0.04536
24.54	0.04492
24.545	0.04325
24.55	0.04106
24.555	0.04
24.56	0.04113
24.565	0.04364
24.57	0.04513
24.575	0.0433
24.58	0.03832
24.585	0.03225
24.59	0.02703
24.595	0.02305
24.6	0.01952
24.605	0.01604
24.61	0.01314
24.615	0.01153
24.62	0.01127
24.625	0.01144
24.63	0.01144
24.635	0.01128
24.64	0.01149
24.645	0.01284
24.65	0.01574
24.655	0.01958
24.66	0.02295
24.665	0.02514
24.67	0.02679
24.675	0.02938
24.68	0.0333
24.685	0.03747
24.69	0.0407
24.695	0.04219
24.7	0.04171
24.705	0.03924
24.71	0.03534
24.715	0.03192
24.72	0.03081
24.725	0.03105
24.73	0.0305
24.735	0.02816
24.74	0.02463
24.745	0.02143
24.75	0.01972
24.755	0.01945
24.76	0.01982
24.765	0.02014
24.77	0.02047
24.775	0.02093
24.78	0.0215
24.785	0.02167
24.79	0.02068
24.795	0.01816
24.8	0.01476
24.805	0.0119
24.81	0.0105
24.815	0.01052
24.82	0.01094
24.825	0.01126
24.83	0.01145
24.835	0.01163
24.84	0.01199
24.845	0.01249
24.85	0.01288
24.855	0.01296
24.86	0.01276
24.865	0.01277
24.87	0.01399
24.875	0.01719
24.88	0.02203
24.885	0.02638
24.89	0.02846
24.895	0.02877
24.9	0.02841
24.905	0.02807
24.91	0.0285
24.915	0.03071
24.92	0.03519
24.925	0.04063
24.93	0.04433
24.935	0.04516
24.94	0.04351
24.945	0.03963
24.95	0.03487
24.955	0.03196
24.96	0.03202
24.965	0.0344
24.97	0.03854
24.975	0.04307
24.98	0.04569
24.985	0.04644
24.99	0.04778
24.995	0.05118
25	0.05604
25.005	0.06037
25.01	0.06377
25.015	0.06767
25.02	0.07198
25.025	0.07605
25.03	0.08049
25.035	0.08491
25.04	0.08738
25.045	0.08825
25.05	0.08998
25.055	0.09397
25.06	0.09913
25.065	0.10283
25.07	0.10401
25.075	0.10341
25.08	0.10137
25.085	0.09817
25.09	0.09489
25.095	0.09264
25.1	0.09177
25.105	0.09182
25.11	0.09205
25.115	0.09216
25.12	0.09217
25.125	0.09209
25.13	0.09204
25.135	0.09208
25.14	0.09234
25.145	0.09285
25.15	0.09343
25.155	0.09337
25.16	0.09183
25.165	0.08839
25.17	0.08413
25.175	0.08097
25.18	0.07882
25.185	0.07597
25.19	0.07247
25.195	0.06968
25.2	0.06839
25.205	0.06805
25.21	0.06684
25.215	0.06366
25.22	0.05915
25.225	0.05514
25.23	0.05203
25.235	0.0484
25.24	0.04438
25.245	0.04059
25.25	0.03631
25.255	0.03171
25.26	0.02883
25.265	0.02803
25.27	0.02783
25.275	0.02759
25.28	0.02751
25.285	0.02802
25.29	0.02927
25.295	0.03052
25.3	0.03042
25.305	0.02873
25.31	0.02707
25.315	0.02653
25.32	0.02649
25.325	0.02644
25.33	0.02619
25.335	0.02587
25.34	0.02566
25.345	0.02574
25.35	0.02598
25.355	0.02587
25.36	0.02461
25.365	0.02192
25.37	0.01873
25.375	0.01737
25.38	0.0192
25.385	0.02181
25.39	0.02282
25.395	0.02353
25.4	0.02586
25.405	0.02984
25.41	0.03354
25.415	0.03507
25.42	0.03487
25.425	0.03398
25.43	0.03305
25.435	0.03288
25.44	0.03439
25.445	0.03812
25.45	0.04323
25.455	0.04777
25.46	0.05157
25.465	0.05589
25.47	0.06118
25.475	0.06635
25.48	0.06939
25.485	0.06963
25.49	0.06778
25.495	0.06414
25.5	0.0595
25.505	0.05529
25.51	0.05128
25.515	0.04646
25.52	0.04224
25.525	0.04056
25.53	0.04076
25.535	0.04093
25.54	0.03898
25.545	0.03325
25.55	0.0241
25.555	0.01447
25.56	0.00683
25.565	0.00142
25.57	-0.0027
25.575	-0.0067
25.58	-0.01102
25.585	-0.01573
25.59	-0.02064
25.595	-0.02542
25.6	-0.02931
25.605	-0.03172
25.61	-0.03239
25.615	-0.03238
25.62	-0.03291
25.625	-0.03508
25.63	-0.03938
25.635	-0.04461
25.64	-0.04824
25.645	-0.04944
25.65	-0.04986
25.655	-0.05056
25.66	-0.0514
25.665	-0.05158
25.67	-0.05016
25.675	-0.04699
25.68	-0.04331
25.685	-0.04029
25.69	-0.03686
25.695	-0.03234
25.7	-0.02786
25.705	-0.02378
25.71	-0.0193
25.715	-0.01432
25.72	-0.00999
25.725	-0.00776
25.73	-0.00708
25.735	-0.00564
25.74	-0.00274
25.745	-0.00043
25.75	-0.00171
25.755	-0.00602
25.76	-0.00924
25.765	-0.01002
25.77	-0.00981
25.775	-0.0104
25.78	-0.01304
25.785	-0.01808
25.79	-0.02423
25.795	-0.02969
25.8	-0.03466
25.805	-0.03995
25.81	-0.04561
25.815	-0.05061
25.82	-0.05394
25.825	-0.05686
25.83	-0.06066
25.835	-0.06497
25.84	-0.06852
25.845	-0.07027
25.85	-0.06968
25.855	-0.06676
25.86	-0.06141
25.865	-0.05365
25.87	-0.04397
25.875	-0.03305
25.88	-0.02195
25.885	-0.01148
25.89	-0.00205
25.895	0.00659
25.9	0.01579
25.905	0.02687
25.91	0.03957
25.915	0.05208
25.92	0.06272
25.925	0.07188
25.93	0.08121
25.935	0.09073
25.94	0.09938
25.945	0.10654
25.95	0.11134
25.955	0.11337
25.96	0.11357
25.965	0.11351
25.97	0.11344
25.975	0.11243
25.98	0.10942
25.985	0.10397
25.99	0.09669
25.995	0.08858
26	0.08049
26.005	0.07276
26.01	0.06527
26.015	0.05761
26.02	0.04909
26.025	0.03888
26.03	0.02721
26.035	0.01579
26.04	0.00669
26.045	-0.0005
26.05	-0.00633
26.055	-0.00922
26.06	-0.0081
26.065	-0.00452
26.07	-0.00077
26.075	0.00167
26.08	0.00326
26.085	0.00392
26.09	0.00241
26.095	-0.00129
26.1	-0.0057
26.105	-0.00979
26.11	-0.01296
26.115	-0.01466
26.12	-0.0152
26.125	-0.01524
26.13	-0.01528
26.135	-0.01562
26.14	-0.01694
26.145	-0.01984
26.15	-0.02402
26.155	-0.02816
26.16	-0.03171
26.165	-0.03615
26.17	-0.04181
26.175	-0.04713
26.18	-0.05188
26.185	-0.05693
26.19	-0.06249
26.195	-0.06778
26.2	-0.07188
26.205	-0.07557
26.21	-0.07997
26.215	-0.08436
26.22	-0.08822
26.225	-0.09249
26.23	-0.09651
26.235	-0.09883
26.24	-0.10041
26.245	-0.10299
26.25	-0.10642
26.255	-0.10828
26.26	-0.10652
26.265	-0.10328
26.27	-0.10198
26.275	-0.10268
26.28	-0.10369
26.285	-0.10319
26.29	-0.09976
26.295	-0.0936
26.3	-0.08684
26.305	-0.0817
26.31	-0.07847
26.315	-0.07539
26.32	-0.07069
26.325	-0.06516
26.33	-0.06038
26.335	-0.05677
26.34	-0.05456
26.345	-0.05377
26.35	-0.0538
26.355	-0.05399
26.36	-0.05406
26.365	-0.05409
26.37	-0.05417
26.375	-0.05432
26.38	-0.05453
26.385	-0.05476
26.39	-0.055
26.395	-0.05518
26.4	-0.05536
26.405	-0.0555
26.41	-0.05561
26.415	-0.05577
26.42	-0.05602
26.425	-0.05634
26.43	-0.05666
26.435	-0.05677
26.44	-0.05649
26.445	-0.05604
26.45	-0.05621
26.455	-0.05799
26.46	-0.06193
26.465	-0.06684
26.47	-0.07019
26.475	-0.07102
26.48	-0.07085
26.485	-0.07065
26.49	-0.07073
26.495	-0.07118
26.5	-0.07193
26.505	-0.07274
26.51	-0.07289
26.515	-0.07137
26.52	-0.06743
26.525	-0.06208
26.53	-0.05738
26.535	-0.0537
26.54	-0.04969
26.545	-0.04411
26.55	-0.03696
26.555	-0.02938
26.56	-0.02285
26.565	-0.01801
26.57	-0.01464
26.575	-0.01209
26.58	-0.00966
26.585	-0.0065
26.59	-0.00217
26.595	0.00163
26.6	0.00321
26.605	0.00332
26.61	0.00339
26.615	0.00377
26.62	0.00381
26.625	0.00234
26.63	-0.00154
26.635	-0.00707
26.64	-0.01224
26.645	-0.01658
26.65	-0.02121
26.655	-0.02676
26.66	-0.03279
26.665	-0.03819
26.67	-0.04274
26.675	-0.04753
26.68	-0.05292
26.685	-0.05823
26.69	-0.06242
26.695	-0.06591
26.7	-0.07011
26.705	-0.07413
26.71	-0.07648
26.715	-0.07748
26.72	-0.07769
26.725	-0.07655
26.73	-0.07343
26.735	-0.06898
26.74	-0.06548
26.745	-0.06434
26.75	-0.06469
26.755	-0.06548
26.76	-0.06606
26.765	-0.06563
26.77	-0.06336
26.775	-0.05912
26.78	-0.05466
26.785	-0.05233
26.79	-0.05222
26.795	-0.05282
26.8	-0.05319
26.805	-0.05289
26.81	-0.05176
26.815	-0.05008
26.82	-0.04881
26.825	-0.04925
26.83	-0.05104
26.835	-0.05222
26.84	-0.05237
26.845	-0.05288
26.85	-0.05491
26.855	-0.05844
26.86	-0.0622
26.865	-0.06486
26.87	-0.06589
26.875	-0.06578
26.88	-0.06544
26.885	-0.06549
26.89	-0.06615
26.895	-0.06718
26.9	-0.06763
26.905	-0.06592
26.91	-0.06091
26.915	-0.05349
26.92	-0.0467
26.925	-0.04273
26.93	-0.04157
26.935	-0.04103
26.94	-0.03885
26.945	-0.03462
26.95	-0.02999
26.955	-0.02663
26.96	-0.02371
26.965	-0.01997
26.97	-0.01482
26.975	-0.0068
26.98	0.00467
26.985	0.01573
26.99	0.02288
26.995	0.02748
27	0.03137
27.005	0.03419
27.01	0.03468
27.015	0.03257
27.02	0.02938
27.025	0.03129
27.03	0.03047
27.035	0.0303
27.04	0.02972
27.045	0.02844
27.05	0.02741
27.055	0.02764
27.06	0.02826
27.065	0.02772
27.07	0.02638
27.075	0.02481
27.08	0.02242
27.085	0.01922
27.09	0.01622
27.095	0.01407
27.1	0.01259
27.105	0.01127
27.11	0.01052
27.115	0.01118
27.12	0.01266
27.125	0.01419
27.13	0.01667
27.135	0.02076
27.14	0.0256
27.145	0.02972
27.15	0.03128
27.155	0.02932
27.16	0.02524
27.165	0.02252
27.17	0.02222
27.175	0.02305
27.18	0.02394
27.185	0.02431
27.19	0.02342
27.195	0.02085
27.2	0.01702
27.205	0.01329
27.21	0.01028
27.215	0.00673
27.22	0.00266
27.225	-0.00036
27.23	-0.00244
27.235	-0.00443
27.24	-0.00577
27.245	-0.00608
27.25	-0.00591
27.255	-0.00568
27.26	-0.00546
27.265	-0.00518
27.27	-0.00488
27.275	-0.00464
27.28	-0.00459
27.285	-0.00467
27.29	-0.00444
27.295	-0.0033
27.3	-0.00064
27.305	0.00318
27.31	0.00685
27.315	0.00947
27.32	0.01068
27.325	0.01073
27.33	0.00953
27.335	0.00695
27.34	0.00372
27.345	0.00122
27.35	0.00023
27.355	0.00027
27.36	-0.00011
27.365	-0.00169
27.37	-0.00398
27.375	-0.00523
27.38	-0.00433
27.385	-0.00188
27.39	0.00062
27.395	0.00174
27.4	0.00171
27.405	0.00171
27.41	0.00285
27.415	0.00562
27.42	0.00959
27.425	0.01336
27.43	0.01659
27.435	0.02116
27.44	0.02787
27.445	0.03508
27.45	0.04134
27.455	0.04626
27.46	0.05003
27.465	0.0527
27.47	0.05406
27.475	0.05439
27.48	0.05451
27.485	0.05486
27.49	0.05548
27.495	0.05614
27.5	0.05612
27.505	0.05452
27.51	0.0511
27.515	0.04713
27.52	0.04483
27.525	0.0443
27.53	0.04334
27.535	0.04055
27.54	0.03658
27.545	0.03337
27.55	0.03132
27.555	0.02892
27.56	0.02604
27.565	0.02371
27.57	0.02241
27.575	0.02135
27.58	0.01876
27.585	0.01404
27.59	0.00833
27.595	0.00341
27.6	0.00053
27.605	-0.0004
27.61	-0.00021
27.615	0.00015
27.62	0.00028
27.625	0.00034
27.63	0.00052
27.635	0.00092
27.64	0.00142
27.645	0.0018
27.65	0.00182
27.655	0.00157
27.66	0.00167
27.665	0.00306
27.67	0.00647
27.675	0.01119
27.68	0.01501
27.685	0.01622
27.69	0.01513
27.695	0.01227
27.7	0.00876
27.705	0.00652
27.71	0.00625
27.715	0.00613
27.72	0.00419
27.725	0.00013
27.73	-0.00472
27.735	-0.00875
27.74	-0.01157
27.745	-0.01322
27.75	-0.01365
27.755	-0.01332
27.76	-0.01285
27.765	-0.01253
27.77	-0.01246
27.775	-0.01244
27.78	-0.01218
27.785	-0.01104
27.79	-0.00854
27.795	-0.00507
27.8	-0.00184
27.805	0.00018
27.81	0.00098
27.815	0.00177
27.82	0.00383
27.825	0.00749
27.83	0.01144
27.835	0.01408
27.84	0.01599
27.845	0.01868
27.85	0.02234
27.855	0.02667
27.86	0.03103
27.865	0.03478
27.87	0.03791
27.875	0.04149
27.88	0.04522
27.885	0.04708
27.89	0.04654
27.895	0.04487
27.9	0.04323
27.905	0.04183
27.91	0.04023
27.915	0.03876
27.92	0.03823
27.925	0.03857
27.93	0.03879
27.935	0.03808
27.94	0.0357
27.945	0.03221
27.95	0.02928
27.955	0.0283
27.96	0.02853
27.965	0.0289
27.97	0.02886
27.975	0.02843
27.98	0.02807
27.985	0.02858
27.99	0.03065
27.995	0.03404
28	0.03729
28.005	0.03885
28.01	0.03894
28.015	0.03863
28.02	0.03845
28.025	0.03857
28.03	0.03894
28.035	0.03941
28.04	0.03955
28.045	0.0387
28.05	0.03644
28.055	0.03328
28.06	0.03077
28.065	0.02983
28.07	0.02937
28.075	0.02797
28.08	0.02528
28.085	0.02214
28.09	0.01942
28.095	0.01656
28.1	0.01381
28.105	0.01241
28.11	0.01213
28.115	0.01134
28.12	0.00918
28.125	0.00616
28.13	0.00351
28.135	0.00126
28.14	-0.00129
28.145	-0.00339
28.15	-0.00426
28.155	-0.00437
28.16	-0.0041
28.165	-0.00291
28.17	-0.00029
28.175	0.00343
28.18	0.00711
28.185	0.01017
28.19	0.01333
28.195	0.01705
28.2	0.02115
28.205	0.02482
28.21	0.02776
28.215	0.03058
28.22	0.03384
28.225	0.03754
28.23	0.04124
28.235	0.04483
28.24	0.04862
28.245	0.05222
28.25	0.05469
28.255	0.05573
28.26	0.05588
28.265	0.05571
28.27	0.05549
28.275	0.0549
28.28	0.05349
28.285	0.05124
28.29	0.04865
28.295	0.04611
28.3	0.04362
28.305	0.04085
28.31	0.03755
28.315	0.03382
28.32	0.0305
28.325	0.02864
28.33	0.02818
28.335	0.02811
28.34	0.02791
28.345	0.0276
28.35	0.02731
28.355	0.02721
28.36	0.02725
28.365	0.02716
28.37	0.02652
28.375	0.02492
28.38	0.02271
28.385	0.02066
28.39	0.01933
28.395	0.01872
28.4	0.01842
28.405	0.01833
28.41	0.01859
28.415	0.01949
28.42	0.02069
28.425	0.02139
28.43	0.02096
28.435	0.01961
28.44	0.01812
28.445	0.01723
28.45	0.01708
28.455	0.01766
28.46	0.01905
28.465	0.02083
28.47	0.02225
28.475	0.02277
28.48	0.0227
28.485	0.02288
28.49	0.02408
28.495	0.02615
28.5	0.02799
28.505	0.02863
28.51	0.02834
28.515	0.02773
28.52	0.02719
28.525	0.02694
28.53	0.02716
28.535	0.02787
28.54	0.02866
28.545	0.02893
28.55	0.02852
28.555	0.02788
28.56	0.02748
28.565	0.0276
28.57	0.02822
28.575	0.02899
28.58	0.02921
28.585	0.02877
28.59	0.02777
28.595	0.02634
28.6	0.02488
28.605	0.02388
28.61	0.02331
28.615	0.02288
28.62	0.02259
28.625	0.02258
28.63	0.02289
28.635	0.02334
28.64	0.02369
28.645	0.02405
28.65	0.02441
28.655	0.02441
28.66	0.02403
28.665	0.02379
28.67	0.02387
28.675	0.02416
28.68	0.02432
28.685	0.02447
28.69	0.02498
28.695	0.02576
28.7	0.02634
28.705	0.02633
28.71	0.02582
28.715	0.02516
28.72	0.02442
28.725	0.02345
28.73	0.02218
28.735	0.02077
28.74	0.01944
28.745	0.01815
28.75	0.01648
28.755	0.01468
28.76	0.01311
28.765	0.01183
28.77	0.01066
28.775	0.00943
28.78	0.0084
28.785	0.00775
28.79	0.00721
28.795	0.00634
28.8	0.00502
28.805	0.00335
28.81	0.00167
28.815	0.00017
28.82	-0.00098
28.825	-0.00182
28.83	-0.0026
28.835	-0.00343
28.84	-0.00427
28.845	-0.0051
28.85	-0.00623
28.855	-0.00742
28.86	-0.00823
28.865	-0.00846
28.87	-0.00834
28.875	-0.00857
28.88	-0.00924
28.885	-0.01
28.89	-0.01077
28.895	-0.01148
28.9	-0.01182
28.905	-0.01163
28.91	-0.01125
28.915	-0.01089
28.92	-0.01061
28.925	-0.01015
28.93	-0.00947
28.935	-0.00878
28.94	-0.00842
28.945	-0.00839
28.95	-0.00858
28.955	-0.00878
28.96	-0.00891
28.965	-0.00904
28.97	-0.00921
28.975	-0.00943
28.98	-0.00972
28.985	-0.00992
28.99	-0.0098
28.995	-0.00924
29	-0.00829
29.005	-0.00734
29.01	-0.00671
29.015	-0.00648
29.02	-0.00631
29.025	-0.00595
29.03	-0.00541
29.035	-0.00516
29.04	-0.00533
29.045	-0.00574
29.05	-0.00614
29.055	-0.00644
29.06	-0.00667
29.065	-0.00696
29.07	-0.00749
29.075	-0.00834
29.08	-0.00932
29.085	-0.01012
29.09	-0.01053
29.095	-0.01078
29.1	-0.01116
29.105	-0.01176
29.11	-0.01252
29.115	-0.01326
29.12	-0.01391
29.125	-0.01449
29.13	-0.01506
29.135	-0.01565
29.14	-0.0163
29.145	-0.01697
29.15	-0.01761
29.155	-0.01805
29.16	-0.0184
29.165	-0.01882
29.17	-0.01911
29.175	-0.01928
29.18	-0.01944
29.185	-0.01967
29.19	-0.01988
29.195	-0.01996
29.2	-0.01995
29.205	-0.01995
29.21	-0.01986
29.215	-0.01964
29.22	-0.01928
29.225	-0.01888
29.23	-0.01836
29.235	-0.01786
29.24	-0.01748
29.245	-0.01718
29.25	-0.01687
29.255	-0.01646
29.26	-0.01598
29.265	-0.01547
29.27	-0.01494
29.275	-0.01451
29.28	-0.01408
29.285	-0.0137
29.29	-0.01335
29.295	-0.01311
29.3	-0.01284
29.305	-0.01254
29.31	-0.01223
29.315	-0.01195
29.32	-0.01178
29.325	-0.01168
29.33	-0.01164
29.335	-0.01169
29.34	-0.01178
29.345	-0.01194
29.35	-0.01206
29.355	-0.01223
29.36	-0.01237
29.365	-0.01254
29.37	-0.01284
29.375	-0.01309
29.38	-0.01332
29.385	-0.01352
29.39	-0.01369
29.395	-0.01373
29.4	-0.01373
29.405	-0.01372
29.41	-0.01371
29.415	-0.01367
29.42	-0.0136
29.425	-0.01344
29.43	-0.01329
29.435	-0.01313
29.44	-0.01303
29.445	-0.01295
29.45	-0.01287
29.455	-0.01275
29.46	-0.01261
29.465	-0.0125
29.47	-0.01234
29.475	-0.01221
29.48	-0.01206
29.485	-0.01191
29.49	-0.01179
29.495	-0.01163
29.5	-0.01149
29.505	-0.01134
29.51	-0.01118
29.515	-0.01103
29.52	-0.01087
29.525	-0.01071
29.53	-0.01056
29.535	-0.01036
29.54	-0.01022
29.545	-0.01007
29.55	-0.00992
29.555	-0.00978
29.56	-0.00961
29.565	-0.00942
29.57	-0.00922
29.575	-0.00902
29.58	-0.00884
29.585	-0.00866
29.59	-0.00847
29.595	-0.00829
29.6	-0.00811
29.605	-0.00794
29.61	-0.00776
29.615	-0.00759
29.62	-0.00743
29.625	-0.00727
29.63	-0.00711
29.635	-0.00695
29.64	-0.00673
29.645	-0.00651
29.65	-0.00632
29.655	-0.00614
29.66	-0.00591
29.665	-0.00571
29.67	-0.00548
29.675	-0.0053
29.68	-0.00508
29.685	-0.00488
29.69	-0.00467
29.695	-0.00446
29.7	-0.00426
29.705	-0.00403
29.71	-0.00381
29.715	-0.00357
29.72	-0.00339
29.725	-0.00316
29.73	-0.00293
29.735	-0.00272
29.74	-0.0025
29.745	-0.0023
29.75	-0.00208
29.755	-0.00188
29.76	-0.00169
29.765	-0.00148
29.77	-0.00128
29.775	-0.00109
29.78	-0.00087
29.785	-0.00069
29.79	-0.00048
29.795	-0.00028
29.8	-0.00008
29.805	0.00011
29.81	0.00032
29.815	0.00053
29.82	0.00071
29.825	0.00093
29.83	0.00113
29.835	0.00132
29.84	0.00154
29.845	0.00173
29.85	0.00194
29.855	0.00213
29.86	0.00234
29.865	0.00252
29.87	0.00272
29.875	0.00291
29.88	0.0031
29.885	0.00329
29.89	0.0035
29.895	0.00369
29.9	0.00387
29.905	0.00408
29.91	0.00428
29.915	0.00447
29.92	0.00466
29.925	0.00486
29.93	0.00502
29.935	0.00521
29.94	0.00541
29.945	0.00559
29.95	0.00577
29.955	0.00595
29.96	0.00614
29.965	0.00632
29.97	0.00651
29.975	0.00667
29.98	0.00686
29.985	0.00705
29.99	0.00722
