t(s)	a(g)
0	0.00213
0.005	0.01138
0.01	0.01140
0.015	0.01142
0.02	0.01144
0.025	0.01146
0.03	0.00961
0.035	0.00963
0.04	0.00964
0.045	0.00965
0.05	0.00966
0.055	0.00968
0.06	0.00969
0.065	0.00970
0.07	0.00971
0.075	0.00973
0.08	0.00973
0.085	0.00974
0.09	0.00975
0.095	0.00978
0.1	0.00978
0.105	0.00978
0.11	0.00979
0.115	0.00979
0.12	0.00979
0.125	0.00979
0.13	0.00979
0.135	0.00980
0.14	0.00980
0.145	0.00979
0.15	0.00979
0.155	0.00978
0.16	0.00979
0.165	0.00979
0.17	0.00981
0.175	0.00980
0.18	0.00979
0.185	0.00979
0.19	0.00978
0.195	0.00977
0.2	0.00977
0.205	0.00976
0.21	0.00974
0.215	0.00973
0.22	0.00974
0.225	0.00973
0.23	0.00972
0.235	0.00971
0.24	0.00973
0.245	0.00974
0.25	0.00976
0.255	0.00978
0.26	0.00979
0.265	0.00980
0.27	0.00981
0.275	0.00982
0.28	0.00986
0.285	0.00989
0.29	0.00994
0.295	0.00998
0.3	0.01001
0.305	0.01005
0.31	0.01008
0.315	0.01010
0.32	0.01013
0.325	0.01017
0.33	0.01020
0.335	0.01027
0.34	0.01032
0.345	0.01037
0.35	0.01044
0.355	0.01051
0.36	0.01056
0.365	0.01060
0.37	0.01065
0.375	0.01067
0.38	0.01073
0.385	0.01075
0.39	0.01081
0.395	0.01092
0.4	0.01098
0.405	0.01102
0.41	0.01106
0.415	0.01112
0.42	0.01120
0.425	0.01127
0.43	0.01134
0.435	0.01141
0.44	0.01148
0.445	0.01155
0.45	0.01165
0.455	0.01171
0.46	0.01172
0.465	0.01177
0.47	0.01182
0.475	0.01187
0.48	0.01192
0.485	0.01197
0.49	0.01202
0.495	0.01207
0.5	0.01214
0.505	0.01223
0.51	0.01233
0.515	0.01239
0.52	0.01249
0.525	0.01260
0.53	0.01273
0.535	0.01289
0.54	0.01300
0.545	0.01305
0.55	0.01311
0.555	0.01318
0.56	0.01324
0.565	0.01328
0.57	0.01338
0.575	0.01352
0.58	0.01368
0.585	0.01375
0.59	0.01367
0.595	0.01355
0.6	0.01343
0.605	0.01341
0.61	0.01349
0.615	0.01369
0.62	0.01397
0.625	0.01422
0.63	0.01439
0.635	0.01448
0.64	0.01451
0.645	0.01448
0.65	0.01434
0.655	0.01409
0.66	0.01391
0.665	0.01388
0.67	0.01394
0.675	0.01403
0.68	0.01417
0.685	0.01436
0.69	0.01466
0.695	0.01501
0.7	0.01533
0.705	0.01559
0.71	0.01588
0.715	0.01621
0.72	0.01651
0.725	0.01653
0.73	0.01614
0.735	0.01558
0.74	0.01519
0.745	0.01509
0.75	0.01506
0.755	0.01508
0.76	0.01505
0.765	0.01505
0.77	0.01506
0.775	0.01506
0.78	0.01509
0.785	0.01503
0.79	0.01492
0.795	0.01484
0.8	0.01501
0.805	0.01541
0.81	0.01579
0.815	0.01590
0.82	0.01562
0.825	0.01523
0.83	0.01502
0.835	0.01502
0.84	0.01507
0.845	0.01507
0.85	0.01510
0.855	0.01505
0.86	0.01495
0.865	0.01497
0.87	0.01502
0.875	0.01487
0.88	0.01447
0.885	0.01413
0.89	0.01405
0.895	0.01438
0.9	0.01538
0.905	0.01666
0.91	0.01734
0.915	0.01724
0.92	0.01692
0.925	0.01680
0.93	0.01685
0.935	0.01671
0.94	0.01599
0.945	0.01489
0.95	0.01409
0.955	0.01406
0.96	0.01460
0.965	0.01517
0.97	0.01525
0.975	0.01480
0.98	0.01450
0.985	0.01479
0.99	0.01553
0.995	0.01590
1	0.01547
1.005	0.01472
1.01	0.01440
1.015	0.01435
1.02	0.01385
1.025	0.01244
1.03	0.01018
1.035	0.00796
1.04	0.00722
1.045	0.00843
1.05	0.01030
1.055	0.01142
1.06	0.01239
1.065	0.01446
1.07	0.01707
1.075	0.01820
1.08	0.01675
1.085	0.01348
1.09	0.00985
1.095	0.00683
1.1	0.00513
1.105	0.00495
1.11	0.00561
1.115	0.00620
1.12	0.00686
1.125	0.00812
1.13	0.00985
1.135	0.01164
1.14	0.01348
1.145	0.01482
1.15	0.01493
1.155	0.01423
1.16	0.01344
1.165	0.01209
1.17	0.00978
1.175	0.00698
1.18	0.00441
1.185	0.00281
1.19	0.00304
1.195	0.00394
1.2	0.00445
1.205	0.00603
1.21	0.00938
1.215	0.01153
1.22	0.01025
1.225	0.00790
1.23	0.00767
1.235	0.00874
1.24	0.00879
1.245	0.00729
1.25	0.00512
1.255	0.00324
1.26	0.00269
1.265	0.00367
1.27	0.00558
1.275	0.00798
1.28	0.01063
1.285	0.01254
1.29	0.01283
1.295	0.01140
1.3	0.00872
1.305	0.00550
1.31	0.00186
1.315	-0.00148
1.32	-0.00231
1.325	-0.00058
1.33	0.00154
1.335	0.00309
1.34	0.00457
1.345	0.00606
1.35	0.00743
1.355	0.00906
1.36	0.01072
1.365	0.01192
1.37	0.01322
1.375	0.01447
1.38	0.01378
1.385	0.01059
1.39	0.00734
1.395	0.00546
1.4	0.00292
1.405	-0.00184
1.41	-0.00583
1.415	-0.00649
1.42	-0.00581
1.425	-0.00612
1.43	-0.00534
1.435	-0.00112
1.44	0.00389
1.445	0.00543
1.45	0.00558
1.455	0.00746
1.46	0.00901
1.465	0.00792
1.47	0.00683
1.475	0.00930
1.48	0.01370
1.485	0.01415
1.49	0.00845
1.495	0.00035
1.5	-0.00593
1.505	-0.00846
1.51	-0.00784
1.515	-0.00683
1.52	-0.00612
1.525	-0.00445
1.53	-0.00325
1.535	-0.00405
1.54	-0.00469
1.545	-0.00393
1.55	-0.00430
1.555	-0.00655
1.56	-0.00680
1.565	-0.00401
1.57	-0.00245
1.575	-0.00241
1.58	-0.00076
1.585	0.00196
1.59	0.00350
1.595	0.00296
1.6	0.00154
1.605	0.00235
1.61	0.00547
1.615	0.00641
1.62	0.00482
1.625	0.00623
1.63	0.01060
1.635	0.01048
1.64	0.00229
1.645	-0.00894
1.65	-0.01530
1.655	-0.01641
1.66	-0.01604
1.665	-0.01619
1.67	-0.01475
1.675	-0.00805
1.68	0.00329
1.685	0.01218
1.69	0.01206
1.695	0.00488
1.7	-0.00215
1.705	-0.00565
1.71	-0.00860
1.715	-0.01387
1.72	-0.01770
1.725	-0.01435
1.73	-0.00552
1.735	0.00167
1.74	0.00401
1.745	0.00281
1.75	-0.00082
1.755	-0.00307
1.76	0.00153
1.765	0.01077
1.77	0.01512
1.775	0.00912
1.78	-0.00009
1.785	-0.00492
1.79	-0.00498
1.795	-0.00453
1.8	-0.00757
1.805	-0.01368
1.81	-0.01862
1.815	-0.02021
1.82	-0.02007
1.825	-0.02088
1.83	-0.02396
1.835	-0.02654
1.84	-0.02151
1.845	-0.00675
1.85	0.00840
1.855	0.01280
1.86	0.00662
1.865	-0.00277
1.87	-0.01068
1.875	-0.01433
1.88	-0.00852
1.885	0.00631
1.89	0.02062
1.895	0.02572
1.9	0.02060
1.905	0.01098
1.91	-0.00113
1.915	-0.01788
1.92	-0.03520
1.925	-0.04429
1.93	-0.04357
1.935	-0.04051
1.94	-0.04079
1.945	-0.04233
1.95	-0.04068
1.955	-0.03552
1.96	-0.03151
1.965	-0.03131
1.97	-0.03035
1.975	-0.02201
1.98	-0.00544
1.985	0.01362
1.99	0.02844
1.995	0.03327
2	0.02534
2.005	0.00623
2.01	-0.01713
2.015	-0.03636
2.02	-0.04820
2.025	-0.05411
2.03	-0.05568
2.035	-0.04960
2.04	-0.03417
2.045	-0.01547
2.05	-0.00124
2.055	0.00616
2.06	0.00901
2.065	0.00957
2.07	0.00852
2.075	0.00417
2.08	-0.00515
2.085	-0.01545
2.09	-0.01981
2.095	-0.01837
2.1	-0.01897
2.105	-0.02858
2.11	-0.04645
2.115	-0.06050
2.12	-0.05605
2.125	-0.03616
2.13	-0.02070
2.135	-0.02004
2.14	-0.02261
2.145	-0.01734
2.15	-0.00177
2.155	0.02129
2.16	0.03725
2.165	0.02883
2.17	0.00586
2.175	-0.00545
2.18	-0.00319
2.185	-0.00905
2.19	-0.03209
2.195	-0.05630
2.2	-0.06868
2.205	-0.06886
2.21	-0.06209
2.215	-0.05105
2.22	-0.03057
2.225	0.00213
2.23	0.03504
2.235	0.05674
2.24	0.07543
2.245	0.09236
2.25	0.08927
2.255	0.05532
2.26	0.00484
2.265	-0.04863
2.27	-0.10347
2.275	-0.15230
2.28	-0.19218
2.285	-0.21502
2.29	-0.20345
2.295	-0.15402
2.3	-0.08435
2.305	-0.01148
2.31	0.05942
2.315	0.12130
2.32	0.15723
2.325	0.16434
2.33	0.14902
2.335	0.11680
2.34	0.06683
2.345	0.00039
2.35	-0.07062
2.355	-0.13128
2.36	-0.17169
2.365	-0.19501
2.37	-0.20448
2.375	-0.19669
2.38	-0.16767
2.385	-0.11655
2.39	-0.04742
2.395	0.02061
2.4	0.06365
2.405	0.09130
2.41	0.11212
2.415	0.11497
2.42	0.09820
2.425	0.07441
2.43	0.04868
2.435	0.01969
2.44	-0.01203
2.445	-0.04904
2.45	-0.09297
2.455	-0.12922
2.46	-0.14506
2.465	-0.14121
2.47	-0.11801
2.475	-0.07381
2.48	-0.02118
2.485	0.02004
2.49	0.04884
2.495	0.07128
2.5	0.08138
2.505	0.07350
2.51	0.05289
2.515	0.02129
2.52	-0.02873
2.525	-0.09224
2.53	-0.15006
2.535	-0.17885
2.54	-0.16565
2.545	-0.12174
2.55	-0.07347
2.555	-0.03449
2.56	-0.00134
2.565	0.03071
2.57	0.05662
2.575	0.07090
2.58	0.07251
2.585	0.07084
2.59	0.07272
2.595	0.06782
2.6	0.04122
2.605	-0.00312
2.61	-0.04677
2.615	-0.07949
2.62	-0.10144
2.625	-0.11252
2.63	-0.11126
2.635	-0.09960
2.64	-0.08312
2.645	-0.06359
2.65	-0.03609
2.655	0.00337
2.66	0.04318
2.665	0.06459
2.67	0.06229
2.675	0.04256
2.68	0.00997
2.685	-0.03163
2.69	-0.07125
2.695	-0.09377
2.7	-0.09587
2.705	-0.08064
2.71	-0.05958
2.715	-0.04309
2.72	-0.02934
2.725	-0.01133
2.73	0.01048
2.735	0.03137
2.74	0.04697
2.745	0.05084
2.75	0.04208
2.755	0.03359
2.76	0.03500
2.765	0.03509
2.77	0.01627
2.775	-0.02084
2.78	-0.05927
2.785	-0.08189
2.79	-0.07850
2.795	-0.05075
2.8	-0.01551
2.805	0.01100
2.81	0.01412
2.815	-0.01186
2.82	-0.04475
2.825	-0.06556
2.83	-0.07944
2.835	-0.09779
2.84	-0.11975
2.845	-0.13979
2.85	-0.15463
2.855	-0.15316
2.86	-0.12394
2.865	-0.07796
2.87	-0.03475
2.875	0.00383
2.88	0.04543
2.885	0.08780
2.89	0.11712
2.895	0.12276
2.9	0.10764
2.905	0.08043
2.91	0.03955
2.915	-0.01106
2.92	-0.05353
2.925	-0.07892
2.93	-0.09476
2.935	-0.11071
2.94	-0.12551
2.945	-0.12734
2.95	-0.11120
2.955	-0.07987
2.96	-0.04084
2.965	-0.00361
2.97	0.02434
2.975	0.04366
2.98	0.05451
2.985	0.04564
2.99	0.01386
2.995	-0.02640
3	-0.06619
3.005	-0.10569
3.01	-0.13916
3.015	-0.15265
3.02	-0.13496
3.025	-0.08765
3.03	-0.02830
3.035	0.02434
3.04	0.05875
3.045	0.07579
3.05	0.08470
3.055	0.08969
3.06	0.07624
3.065	0.02884
3.07	-0.03621
3.075	-0.09343
3.08	-0.12521
3.085	-0.12768
3.09	-0.11165
3.095	-0.09140
3.1	-0.06266
3.105	-0.01110
3.11	0.04359
3.115	0.06954
3.12	0.07111
3.125	0.06649
3.13	0.05382
3.135	0.02610
3.14	-0.01116
3.145	-0.04574
3.15	-0.06299
3.155	-0.06299
3.16	-0.05982
3.165	-0.06648
3.17	-0.07826
3.175	-0.07752
3.18	-0.05873
3.185	-0.02958
3.19	-0.00138
3.195	0.01316
3.2	0.01639
3.205	0.02023
3.21	0.02443
3.215	0.01406
3.22	-0.01807
3.225	-0.05884
3.23	-0.08996
3.235	-0.10454
3.24	-0.11015
3.245	-0.11476
3.25	-0.11478
3.255	-0.10133
3.26	-0.07614
3.265	-0.05119
3.27	-0.03242
3.275	-0.01551
3.28	0.00876
3.285	0.04031
3.29	0.06809
3.295	0.08184
3.3	0.07943
3.305	0.06028
3.31	0.02276
3.315	-0.01908
3.32	-0.03944
3.325	-0.04867
3.33	-0.07484
3.335	-0.11022
3.34	-0.12202
3.345	-0.09792
3.35	-0.05550
3.355	-0.01737
3.36	0.00752
3.365	0.02430
3.37	0.03832
3.375	0.04769
3.38	0.04934
3.385	0.04332
3.39	0.02578
3.395	-0.00921
3.4	-0.05452
3.405	-0.09771
3.41	-0.12981
3.415	-0.14328
3.42	-0.13462
3.425	-0.10974
3.43	-0.07818
3.435	-0.04416
3.44	-0.00816
3.445	0.02498
3.45	0.05650
3.455	0.08740
3.46	0.11022
3.465	0.11530
3.47	0.09942
3.475	0.06324
3.48	0.01237
3.485	-0.03838
3.49	-0.07756
3.495	-0.10371
3.5	-0.11925
3.505	-0.13115
3.51	-0.14646
3.515	-0.15474
3.52	-0.13195
3.525	-0.07695
3.53	-0.02039
3.535	0.01620
3.54	0.03546
3.545	0.04420
3.55	0.04190
3.555	0.03090
3.56	0.01693
3.565	-0.00395
3.57	-0.03555
3.575	-0.06647
3.58	-0.08128
3.585	-0.08616
3.59	-0.09734
3.595	-0.11316
3.6	-0.11417
3.605	-0.08665
3.61	-0.03694
3.615	0.01633
3.62	0.05727
3.625	0.07759
3.63	0.07426
3.635	0.05232
3.64	0.02005
3.645	-0.01840
3.65	-0.05628
3.655	-0.08924
3.66	-0.11186
3.665	-0.11667
3.67	-0.10430
3.675	-0.08730
3.68	-0.07521
3.685	-0.06234
3.69	-0.04184
3.695	-0.02151
3.7	-0.00068
3.705	0.03118
3.71	0.06825
3.715	0.09090
3.72	0.09049
3.725	0.07289
3.73	0.04572
3.735	0.01573
3.74	-0.01349
3.745	-0.04376
3.75	-0.07417
3.755	-0.09661
3.76	-0.10192
3.765	-0.08343
3.77	-0.04768
3.775	-0.02423
3.78	-0.02699
3.785	-0.03740
3.79	-0.03260
3.795	-0.01038
3.8	0.01378
3.805	0.02678
3.81	0.01729
3.815	-0.01781
3.82	-0.05204
3.825	-0.06239
3.83	-0.05255
3.835	-0.04034
3.84	-0.03382
3.845	-0.02953
3.85	-0.01722
3.855	0.00796
3.86	0.02818
3.865	0.01955
3.87	-0.01192
3.875	-0.03738
3.88	-0.03821
3.885	-0.02563
3.89	-0.02067
3.895	-0.01943
3.9	-0.00538
3.905	0.01525
3.91	0.02964
3.915	0.03993
3.92	0.04871
3.925	0.04888
3.93	0.03957
3.935	0.02880
3.94	0.02144
3.945	0.01668
3.95	0.01100
3.955	-0.00061
3.96	-0.01936
3.965	-0.03938
3.97	-0.04849
3.975	-0.03967
3.98	-0.02396
3.985	-0.01439
3.99	-0.00712
3.995	0.00224
4	0.00533
4.005	-0.00793
4.01	-0.03383
4.015	-0.05612
4.02	-0.06264
4.025	-0.05353
4.03	-0.03579
4.035	-0.01469
4.04	0.00015
4.045	0.00045
4.05	-0.00417
4.055	-0.00119
4.06	0.00492
4.065	0.00188
4.07	-0.01023
4.075	-0.02188
4.08	-0.02613
4.085	-0.02396
4.09	-0.01959
4.095	-0.01757
4.1	-0.02006
4.105	-0.02415
4.11	-0.02512
4.115	-0.02309
4.12	-0.02179
4.125	-0.02482
4.13	-0.03338
4.135	-0.04342
4.14	-0.04678
4.145	-0.04173
4.15	-0.03159
4.155	-0.01448
4.16	0.01327
4.165	0.04489
4.17	0.06683
4.175	0.06981
4.18	0.05333
4.185	0.01961
4.19	-0.02401
4.195	-0.06025
4.2	-0.07586
4.205	-0.06521
4.21	-0.04163
4.215	-0.02743
4.22	-0.03147
4.225	-0.04297
4.23	-0.03873
4.235	-0.00627
4.24	0.03843
4.245	0.06776
4.25	0.07349
4.255	0.06549
4.26	0.05352
4.265	0.03753
4.27	0.01548
4.275	-0.01010
4.28	-0.04031
4.285	-0.07151
4.29	-0.08569
4.295	-0.06974
4.3	-0.03898
4.305	-0.01937
4.31	-0.01240
4.315	0.00318
4.32	0.03160
4.325	0.05606
4.33	0.06667
4.335	0.06736
4.34	0.05934
4.345	0.04166
4.35	0.02143
4.355	0.00692
4.36	-0.00510
4.365	-0.02340
4.37	-0.04514
4.375	-0.06101
4.38	-0.06575
4.385	-0.05996
4.39	-0.04763
4.395	-0.03855
4.4	-0.04603
4.405	-0.05989
4.41	-0.04894
4.415	-0.00209
4.42	0.04678
4.425	0.05908
4.43	0.04089
4.435	0.02055
4.44	0.00783
4.445	-0.00340
4.45	-0.01298
4.455	-0.01646
4.46	-0.02095
4.465	-0.03500
4.47	-0.04701
4.475	-0.03417
4.48	0.00099
4.485	0.02257
4.49	0.01349
4.495	0.00405
4.5	0.02155
4.505	0.04997
4.51	0.05660
4.515	0.03515
4.52	0.00996
4.525	0.00555
4.53	0.01335
4.535	0.01424
4.54	0.00072
4.545	-0.02726
4.55	-0.06110
4.555	-0.08738
4.56	-0.08829
4.565	-0.05330
4.57	-0.00696
4.575	0.01732
4.58	0.01505
4.585	0.01454
4.59	0.03495
4.595	0.06473
4.6	0.08365
4.605	0.08303
4.61	0.05882
4.615	0.02026
4.62	-0.00805
4.625	-0.01581
4.63	-0.02158
4.635	-0.04280
4.64	-0.06844
4.645	-0.06917
4.65	-0.02960
4.655	0.02845
4.66	0.07515
4.665	0.09807
4.67	0.09929
4.675	0.09049
4.68	0.08306
4.685	0.08635
4.69	0.09875
4.695	0.09809
4.7	0.06685
4.705	0.00938
4.71	-0.05122
4.715	-0.09220
4.72	-0.10759
4.725	-0.11036
4.73	-0.11350
4.735	-0.10486
4.74	-0.06916
4.745	-0.02105
4.75	0.01790
4.755	0.04765
4.76	0.07549
4.765	0.09722
4.77	0.10926
4.775	0.11453
4.78	0.11017
4.785	0.08682
4.79	0.04409
4.795	-0.01007
4.8	-0.06739
4.805	-0.11924
4.81	-0.15710
4.815	-0.17221
4.82	-0.16072
4.825	-0.13578
4.83	-0.11321
4.835	-0.09166
4.84	-0.06082
4.845	-0.01821
4.85	0.03129
4.855	0.08023
4.86	0.11452
4.865	0.12202
4.87	0.10261
4.875	0.06905
4.88	0.03708
4.885	0.01046
4.89	-0.01945
4.895	-0.04733
4.9	-0.05082
4.905	-0.03185
4.91	-0.01186
4.915	-0.00315
4.92	0.00058
4.925	0.01218
4.93	0.03351
4.935	0.06250
4.94	0.09317
4.945	0.09906
4.95	0.06292
4.955	0.01155
4.96	-0.00653
4.965	0.00967
4.97	0.01519
4.975	-0.01166
4.98	-0.04002
4.985	-0.03832
4.99	-0.01596
4.995	0.00353
5	0.01668
5.005	0.02898
5.01	0.03856
5.015	0.03890
5.02	0.02954
5.025	0.01586
5.03	-0.00072
5.035	-0.01828
5.04	-0.02401
5.045	-0.00511
5.05	0.03200
5.055	0.06857
5.06	0.08793
5.065	0.08612
5.07	0.07457
5.075	0.06242
5.08	0.05367
5.085	0.05180
5.09	0.05119
5.095	0.03826
5.1	0.01200
5.105	-0.01100
5.11	-0.01981
5.115	-0.01902
5.12	-0.01017
5.125	0.00908
5.13	0.02618
5.135	0.02273
5.14	0.00349
5.145	-0.01090
5.15	-0.01050
5.155	-0.00390
5.16	0.00421
5.165	0.01345
5.17	0.01917
5.175	0.01848
5.18	0.01330
5.185	0.00558
5.19	0.00059
5.195	0.00264
5.2	0.00767
5.205	0.01750
5.21	0.04009
5.215	0.06658
5.22	0.07765
5.225	0.07330
5.23	0.07192
5.235	0.06901
5.24	0.04289
5.245	0.00196
5.25	-0.02259
5.255	-0.02090
5.26	-0.01246
5.265	-0.01543
5.27	-0.02084
5.275	-0.01462
5.28	-0.00549
5.285	-0.00577
5.29	-0.01356
5.295	-0.02423
5.3	-0.03400
5.305	-0.03686
5.31	-0.02686
5.315	-0.00465
5.32	0.02316
5.325	0.05340
5.33	0.08044
5.335	0.09440
5.34	0.08820
5.345	0.06279
5.35	0.03105
5.355	0.01215
5.36	0.00932
5.365	-0.00076
5.37	-0.03132
5.375	-0.06989
5.38	-0.09761
5.385	-0.10343
5.39	-0.08306
5.395	-0.04397
5.4	-0.00499
5.405	0.02915
5.41	0.06110
5.415	0.08523
5.42	0.09582
5.425	0.09370
5.43	0.08101
5.435	0.06079
5.44	0.03882
5.445	0.01648
5.45	-0.01148
5.455	-0.03899
5.46	-0.05158
5.465	-0.04760
5.47	-0.03136
5.475	0.00498
5.48	0.06287
5.485	0.11282
5.49	0.13480
5.495	0.14486
5.5	0.15288
5.505	0.14221
5.51	0.10788
5.515	0.07222
5.52	0.04616
5.525	0.01821
5.53	-0.02184
5.535	-0.06759
5.54	-0.10481
5.545	-0.12015
5.55	-0.10473
5.555	-0.05898
5.56	0.00064
5.565	0.04417
5.57	0.05822
5.575	0.06600
5.58	0.08131
5.585	0.08719
5.59	0.07046
5.595	0.04290
5.6	0.02187
5.605	0.00870
5.61	0.00191
5.615	0.00609
5.62	0.01862
5.625	0.03270
5.63	0.04822
5.635	0.06271
5.64	0.06463
5.645	0.05700
5.65	0.06247
5.655	0.08174
5.66	0.09256
5.665	0.08292
5.67	0.05612
5.675	0.01604
5.68	-0.03144
5.685	-0.06781
5.69	-0.07869
5.695	-0.08088
5.7	-0.09590
5.705	-0.11325
5.71	-0.11026
5.715	-0.08706
5.72	-0.05822
5.725	-0.02929
5.73	0.00209
5.735	0.03038
5.74	0.05330
5.745	0.07726
5.75	0.10361
5.755	0.12304
5.76	0.12824
5.765	0.12097
5.77	0.10302
5.775	0.07455
5.78	0.03898
5.785	-0.00059
5.79	-0.04043
5.795	-0.06624
5.8	-0.06335
5.805	-0.04178
5.81	-0.02513
5.815	-0.01524
5.82	0.00956
5.825	0.05460
5.83	0.09553
5.835	0.10708
5.84	0.08784
5.845	0.04801
5.85	-0.00767
5.855	-0.06759
5.86	-0.09870
5.865	-0.09240
5.87	-0.08001
5.875	-0.07571
5.88	-0.05294
5.885	0.00509
5.89	0.07908
5.895	0.14254
5.9	0.18423
5.905	0.21798
5.91	0.24726
5.915	0.24794
5.92	0.19945
5.925	0.12531
5.93	0.07427
5.935	0.05597
5.94	0.02548
5.945	-0.04167
5.95	-0.11123
5.955	-0.14298
5.96	-0.13879
5.965	-0.11789
5.97	-0.08436
5.975	-0.02725
5.98	0.05039
5.985	0.10967
5.99	0.12417
5.995	0.11228
6	0.09400
6.005	0.06453
6.01	0.02333
6.015	-0.00822
6.02	-0.01469
6.025	-0.01124
6.03	-0.02082
6.035	-0.03651
6.04	-0.03385
6.045	-0.01469
6.05	-0.00555
6.055	-0.01399
6.06	-0.00660
6.065	0.04351
6.07	0.10276
6.075	0.13453
6.08	0.14121
6.085	0.13762
6.09	0.11879
6.095	0.07391
6.1	0.01177
6.105	-0.04409
6.11	-0.06911
6.115	-0.06210
6.12	-0.05192
6.125	-0.06354
6.13	-0.07507
6.135	-0.03953
6.14	0.04744
6.145	0.13393
6.15	0.17451
6.155	0.19512
6.16	0.21968
6.165	0.23005
6.17	0.21259
6.175	0.18165
6.18	0.15088
6.185	0.12021
6.19	0.08781
6.195	0.04885
6.2	-0.00695
6.205	-0.06473
6.21	-0.09394
6.215	-0.09163
6.22	-0.07056
6.225	-0.02745
6.23	0.03308
6.235	0.07461
6.24	0.08423
6.245	0.09305
6.25	0.11225
6.255	0.10863
6.26	0.06128
6.265	-0.00821
6.27	-0.07214
6.275	-0.11298
6.28	-0.12941
6.285	-0.11955
6.29	-0.08497
6.295	-0.04714
6.3	-0.03205
6.305	-0.03916
6.31	-0.04063
6.315	-0.01895
6.32	0.00814
6.325	0.02099
6.33	0.01238
6.335	-0.01480
6.34	-0.03609
6.345	-0.00914
6.35	0.07964
6.355	0.17412
6.36	0.20388
6.365	0.17783
6.37	0.15151
6.375	0.13065
6.38	0.09177
6.385	0.05160
6.39	0.03572
6.395	0.01386
6.4	-0.03223
6.405	-0.03960
6.41	0.03316
6.415	0.12008
6.42	0.14307
6.425	0.12393
6.43	0.11894
6.435	0.11877
6.44	0.08921
6.445	0.05891
6.45	0.06301
6.455	0.07777
6.46	0.06078
6.465	0.01565
6.47	-0.01905
6.475	-0.01503
6.48	0.02576
6.485	0.07695
6.49	0.10688
6.495	0.10679
6.5	0.08500
6.505	0.05079
6.51	0.01946
6.515	0.01523
6.52	0.04052
6.525	0.06472
6.53	0.06860
6.535	0.05553
6.54	0.02309
6.545	-0.03356
6.55	-0.08910
6.555	-0.10399
6.56	-0.06004
6.565	0.01473
6.57	0.05930
6.575	0.05856
6.58	0.04678
6.585	0.06309
6.59	0.11347
6.595	0.16321
6.6	0.16609
6.605	0.11948
6.61	0.06352
6.615	0.02015
6.62	-0.01499
6.625	-0.03320
6.63	-0.02871
6.635	-0.02239
6.64	-0.03282
6.645	-0.04376
6.65	-0.02677
6.655	0.01696
6.66	0.06836
6.665	0.11820
6.67	0.16660
6.675	0.19469
6.68	0.16681
6.685	0.06910
6.69	-0.04466
6.695	-0.08941
6.7	-0.08137
6.705	-0.09658
6.71	-0.15168
6.715	-0.20062
6.72	-0.20717
6.725	-0.16656
6.73	-0.08655
6.735	0.00509
6.74	0.06457
6.745	0.08404
6.75	0.09736
6.755	0.12499
6.76	0.14773
6.765	0.14534
6.77	0.11400
6.775	0.05662
6.78	-0.00016
6.785	-0.00353
6.79	0.06560
6.795	0.15951
6.8	0.21927
6.805	0.24109
6.81	0.24094
6.815	0.21256
6.82	0.16423
6.825	0.13252
6.83	0.14005
6.835	0.15981
6.84	0.14534
6.845	0.08237
6.85	0.00630
6.855	-0.03580
6.86	-0.04207
6.865	-0.04103
6.87	-0.03083
6.875	0.00721
6.88	0.05695
6.885	0.08187
6.89	0.06885
6.895	0.03302
6.9	0.00234
6.905	-0.00828
6.91	-0.00545
6.915	-0.01333
6.92	-0.05269
6.925	-0.10604
6.93	-0.13427
6.935	-0.11002
6.94	-0.04683
6.945	0.00500
6.95	0.03608
6.955	0.06955
6.96	0.10604
6.965	0.12681
6.97	0.12240
6.975	0.10122
6.98	0.08679
6.985	0.09438
6.99	0.10357
6.995	0.08457
7	0.04397
7.005	0.01614
7.01	0.01335
7.015	0.00622
7.02	-0.01863
7.025	-0.02603
7.03	0.00021
7.035	0.02507
7.04	0.00908
7.045	-0.03260
7.05	-0.03848
7.055	0.01554
7.06	0.08342
7.065	0.11218
7.07	0.10722
7.075	0.10655
7.08	0.11913
7.085	0.12321
7.09	0.10481
7.095	0.07281
7.1	0.04561
7.105	0.02981
7.11	0.01158
7.115	-0.02296
7.12	-0.05378
7.125	-0.04308
7.13	0.01976
7.135	0.09950
7.14	0.14260
7.145	0.12254
7.15	0.06175
7.155	0.00446
7.16	-0.03712
7.165	-0.07049
7.17	-0.08804
7.175	-0.08499
7.18	-0.07778
7.185	-0.08789
7.19	-0.11767
7.195	-0.14516
7.2	-0.15468
7.205	-0.15302
7.21	-0.15331
7.215	-0.13936
7.22	-0.08201
7.225	0.00191
7.23	0.05623
7.235	0.07163
7.24	0.09541
7.245	0.13689
7.25	0.15556
7.255	0.13629
7.26	0.11175
7.265	0.10966
7.27	0.11159
7.275	0.08530
7.28	0.04192
7.285	0.01772
7.29	0.02286
7.295	0.02884
7.3	0.00729
7.305	-0.03031
7.31	-0.03687
7.315	0.00510
7.32	0.03887
7.325	0.02959
7.33	0.01544
7.335	0.03791
7.34	0.07772
7.345	0.09792
7.35	0.11033
7.355	0.15540
7.36	0.21695
7.365	0.24150
7.37	0.23181
7.375	0.24051
7.38	0.27567
7.385	0.28236
7.39	0.22667
7.395	0.14516
7.4	0.08474
7.405	0.02732
7.41	-0.05181
7.415	-0.13195
7.42	-0.17903
7.425	-0.18837
7.43	-0.18333
7.435	-0.17668
7.44	-0.15099
7.445	-0.09951
7.45	-0.06087
7.455	-0.07410
7.46	-0.11046
7.465	-0.11704
7.47	-0.09640
7.475	-0.08729
7.48	-0.08556
7.485	-0.04776
7.49	0.01183
7.495	0.01832
7.5	-0.03879
7.505	-0.06591
7.51	0.00142
7.515	0.09961
7.52	0.15675
7.525	0.18681
7.53	0.22011
7.535	0.23063
7.54	0.20325
7.545	0.17848
7.55	0.18400
7.555	0.19490
7.56	0.17554
7.565	0.12492
7.57	0.07462
7.575	0.03322
7.58	-0.00874
7.585	-0.04384
7.59	-0.05131
7.595	-0.03349
7.6	-0.02185
7.605	-0.03247
7.61	-0.03690
7.615	-0.00113
7.62	0.06007
7.625	0.09400
7.63	0.06052
7.635	-0.01579
7.64	-0.05480
7.645	-0.01484
7.65	0.05878
7.655	0.09192
7.66	0.06343
7.665	0.01277
7.67	-0.01826
7.675	-0.03958
7.68	-0.07963
7.685	-0.12193
7.69	-0.12170
7.695	-0.08572
7.7	-0.06303
7.705	-0.06109
7.71	-0.03092
7.715	0.04428
7.72	0.11336
7.725	0.13384
7.73	0.14278
7.735	0.17763
7.74	0.20583
7.745	0.19828
7.75	0.18302
7.755	0.17739
7.76	0.15273
7.765	0.08796
7.77	0.01040
7.775	-0.03835
7.78	-0.06340
7.785	-0.08386
7.79	-0.10229
7.795	-0.11229
7.8	-0.10458
7.805	-0.08324
7.81	-0.05619
7.815	-0.01282
7.82	0.04568
7.825	0.08509
7.83	0.07582
7.835	0.03296
7.84	-0.01908
7.845	-0.06511
7.85	-0.08677
7.855	-0.08152
7.86	-0.06314
7.865	-0.03652
7.87	-0.00091
7.875	0.03655
7.88	0.06774
7.885	0.09322
7.89	0.12346
7.895	0.15705
7.9	0.16419
7.905	0.13115
7.91	0.08451
7.915	0.06083
7.92	0.05506
7.925	0.02655
7.93	-0.03099
7.935	-0.06557
7.94	-0.04360
7.945	-0.01579
7.95	-0.02918
7.955	-0.06079
7.96	-0.07358
7.965	-0.07581
7.97	-0.08723
7.975	-0.09346
7.98	-0.06223
7.985	0.00717
7.99	0.07877
7.995	0.12428
8	0.14226
8.005	0.13121
8.01	0.09390
8.015	0.05928
8.02	0.05022
8.025	0.05586
8.03	0.06103
8.035	0.06914
8.04	0.07474
8.045	0.05766
8.05	0.02180
8.055	-0.00325
8.06	0.00621
8.065	0.03668
8.07	0.04936
8.075	0.03940
8.08	0.03245
8.085	0.04178
8.09	0.05664
8.095	0.04729
8.1	-0.01084
8.105	-0.08217
8.11	-0.08667
8.115	-0.02210
8.12	0.02341
8.125	0.00160
8.13	-0.03665
8.135	-0.02359
8.14	0.02890
8.145	0.05352
8.15	0.02455
8.155	0.00147
8.16	0.02946
8.165	0.07257
8.17	0.07861
8.175	0.05962
8.18	0.05167
8.185	0.04049
8.19	-0.00173
8.195	-0.04871
8.2	-0.07502
8.205	-0.07678
8.21	-0.04353
8.215	0.02070
8.22	0.06774
8.225	0.05645
8.23	0.01706
8.235	-0.00678
8.24	-0.03310
8.245	-0.08497
8.25	-0.13981
8.255	-0.17378
8.26	-0.18734
8.265	-0.16834
8.27	-0.10571
8.275	-0.03118
8.28	0.02858
8.285	0.07097
8.29	0.07376
8.295	0.01950
8.3	-0.04423
8.305	-0.06921
8.31	-0.06283
8.315	-0.03063
8.32	0.03944
8.325	0.10149
8.33	0.08435
8.335	0.02506
8.34	0.00944
8.345	0.03228
8.35	0.03100
8.355	0.01157
8.36	0.01478
8.365	0.02456
8.37	0.01930
8.375	0.02245
8.38	0.03168
8.385	-0.00030
8.39	-0.08659
8.395	-0.16908
8.4	-0.18389
8.405	-0.16449
8.41	-0.16622
8.415	-0.17150
8.42	-0.13340
8.425	-0.06727
8.43	-0.02525
8.435	-0.02061
8.44	-0.02376
8.445	-0.01577
8.45	-0.00132
8.455	0.02479
8.46	0.06712
8.465	0.08953
8.47	0.05103
8.475	-0.02589
8.48	-0.08013
8.485	-0.10317
8.49	-0.12946
8.495	-0.15618
8.5	-0.15701
8.505	-0.14658
8.51	-0.16238
8.515	-0.20629
8.52	-0.23877
8.525	-0.21856
8.53	-0.15819
8.535	-0.10085
8.54	-0.07662
8.545	-0.08494
8.55	-0.10425
8.555	-0.12149
8.56	-0.13802
8.565	-0.15040
8.57	-0.13899
8.575	-0.09072
8.58	-0.02235
8.585	0.02566
8.59	0.02800
8.595	-0.01069
8.6	-0.07199
8.605	-0.13781
8.61	-0.17778
8.615	-0.16068
8.62	-0.09710
8.625	-0.04054
8.63	-0.02385
8.635	-0.01343
8.64	0.04407
8.645	0.11977
8.65	0.12532
8.655	0.06956
8.66	0.02579
8.665	0.01473
8.67	-0.00373
8.675	-0.05646
8.68	-0.12162
8.685	-0.15797
8.69	-0.14976
8.695	-0.11808
8.7	-0.08681
8.705	-0.05842
8.71	-0.01246
8.715	0.07574
8.72	0.19062
8.725	0.25103
8.73	0.17089
8.735	-0.01837
8.74	-0.16289
8.745	-0.17188
8.75	-0.11612
8.755	-0.10526
8.76	-0.14131
8.765	-0.14404
8.77	-0.10576
8.775	-0.10465
8.78	-0.15153
8.785	-0.17492
8.79	-0.13262
8.795	-0.05018
8.8	0.02974
8.805	0.09225
8.81	0.12031
8.815	0.08428
8.82	-0.00284
8.825	-0.08532
8.83	-0.11702
8.835	-0.11782
8.84	-0.14752
8.845	-0.20805
8.85	-0.20703
8.855	-0.09087
8.86	0.03632
8.865	0.06209
8.87	0.03929
8.875	0.06174
8.88	0.12560
8.885	0.18036
8.89	0.20551
8.895	0.17517
8.9	0.07152
8.905	-0.02629
8.91	-0.02182
8.915	0.04272
8.92	0.02882
8.925	-0.07351
8.93	-0.12545
8.935	-0.05067
8.94	0.03888
8.945	0.00806
8.95	-0.06455
8.955	-0.03375
8.96	0.06865
8.965	0.11262
8.97	0.04787
8.975	-0.07020
8.98	-0.14962
8.985	-0.16121
8.99	-0.19094
8.995	-0.31176
9	-0.45496
9.005	-0.46368
9.01	-0.29617
9.015	-0.11563
9.02	-0.06192
9.025	-0.07546
9.03	-0.02462
9.035	0.07058
9.04	0.07168
9.045	-0.07061
9.05	-0.21110
9.055	-0.20636
9.06	-0.10929
9.065	-0.07543
9.07	-0.12642
9.075	-0.14964
9.08	-0.07879
9.085	0.03321
9.09	0.10022
9.095	0.06843
9.1	-0.04641
9.105	-0.13231
9.11	-0.09531
9.115	-0.01635
9.12	-0.02496
9.125	-0.09964
9.13	-0.13641
9.135	-0.12575
9.14	-0.14537
9.145	-0.20918
9.15	-0.26515
9.155	-0.31800
9.16	-0.38085
9.165	-0.38565
9.17	-0.24226
9.175	0.01706
9.18	0.26898
9.185	0.39784
9.19	0.36084
9.195	0.22795
9.2	0.10700
9.205	0.05401
9.21	0.03367
9.215	-0.02315
9.22	-0.10424
9.225	-0.10960
9.23	-0.00838
9.235	0.06631
9.24	-0.00103
9.245	-0.13295
9.25	-0.18430
9.255	-0.12810
9.26	-0.06654
9.265	-0.11914
9.27	-0.27930
9.275	-0.39243
9.28	-0.34244
9.285	-0.15138
9.29	0.05815
9.295	0.15784
9.3	0.14050
9.305	0.10187
9.31	0.15767
9.315	0.33949
9.32	0.53929
9.325	0.64597
9.33	0.58130
9.335	0.34538
9.34	0.06475
9.345	-0.08102
9.35	-0.07086
9.355	-0.09834
9.36	-0.24608
9.365	-0.34561
9.37	-0.27942
9.375	-0.14748
9.38	-0.10822
9.385	-0.19043
9.39	-0.27694
9.395	-0.24295
9.4	-0.06933
9.405	0.12874
9.41	0.23209
9.415	0.20982
9.42	0.12886
9.425	0.07365
9.43	0.04129
9.435	-0.06478
9.44	-0.28480
9.445	-0.48084
9.45	-0.49967
9.455	-0.30447
9.46	-0.03542
9.465	0.11788
9.47	0.08510
9.475	-0.02510
9.48	-0.02606
9.485	0.10766
9.49	0.21106
9.495	0.18030
9.5	0.06125
9.505	-0.06196
9.51	-0.13101
9.515	-0.10059
9.52	0.03902
9.525	0.18575
9.53	0.20568
9.535	0.07720
9.54	-0.08614
9.545	-0.16563
9.55	-0.17406
9.555	-0.18545
9.56	-0.21256
9.565	-0.22991
9.57	-0.24116
9.575	-0.24821
9.58	-0.21615
9.585	-0.13686
9.59	-0.06378
9.595	-0.04954
9.6	-0.07006
9.605	-0.05186
9.61	0.00283
9.615	-0.01593
9.62	-0.16886
9.625	-0.36314
9.63	-0.43433
9.635	-0.32654
9.64	-0.14406
9.645	-0.01986
9.65	-0.01531
9.655	-0.07387
9.66	-0.13481
9.665	-0.16736
9.67	-0.14157
9.675	-0.07253
9.68	-0.02551
9.685	-0.03776
9.69	-0.05702
9.695	-0.00319
9.7	0.09932
9.705	0.15850
9.71	0.14639
9.715	0.10563
9.72	0.07037
9.725	0.05636
9.73	0.08895
9.735	0.16727
9.74	0.22632
9.745	0.20372
9.75	0.10487
9.755	-0.00688
9.76	-0.06850
9.765	-0.07906
9.77	-0.09025
9.775	-0.13686
9.78	-0.19525
9.785	-0.23087
9.79	-0.22171
9.795	-0.14176
9.8	0.00509
9.805	0.16947
9.81	0.29470
9.815	0.33982
9.82	0.28514
9.825	0.16361
9.83	0.04122
9.835	-0.05586
9.84	-0.15053
9.845	-0.20244
9.85	-0.08503
9.855	0.19929
9.86	0.40905
9.865	0.36150
9.87	0.16064
9.875	-0.00916
9.88	-0.08179
9.885	-0.09904
9.89	-0.11917
9.895	-0.11914
9.9	-0.03533
9.905	0.10752
9.91	0.23067
9.915	0.29476
9.92	0.30215
9.925	0.26683
9.93	0.21484
9.935	0.19665
9.94	0.22759
9.945	0.23945
9.95	0.18760
9.955	0.10980
9.96	0.06096
9.965	0.04581
9.97	0.04849
9.975	0.07167
9.98	0.10940
9.985	0.11911
9.99	0.09438
9.995	0.09032
10	0.11779
10.005	0.09091
10.01	-0.04768
10.015	-0.22682
10.02	-0.33898
10.025	-0.36188
10.03	-0.37848
10.035	-0.42101
10.04	-0.45331
10.045	-0.47227
10.05	-0.49639
10.055	-0.49985
10.06	-0.44510
10.065	-0.36316
10.07	-0.32974
10.075	-0.34771
10.08	-0.36926
10.085	-0.35768
10.09	-0.29506
10.095	-0.18412
10.1	-0.05404
10.105	0.06078
10.11	0.13769
10.115	0.18917
10.12	0.23757
10.125	0.28780
10.13	0.31558
10.135	0.27988
10.14	0.14675
10.145	-0.04341
10.15	-0.16492
10.155	-0.19615
10.16	-0.20226
10.165	-0.19459
10.17	-0.12332
10.175	0.02468
10.18	0.19908
10.185	0.34027
10.19	0.42608
10.195	0.48023
10.2	0.55043
10.205	0.64616
10.21	0.74369
10.215	0.81245
10.22	0.79695
10.225	0.64273
10.23	0.42384
10.235	0.32364
10.24	0.39378
10.245	0.50293
10.25	0.55357
10.255	0.56642
10.26	0.58878
10.265	0.60112
10.27	0.53510
10.275	0.37550
10.28	0.20713
10.285	0.12230
10.29	0.13756
10.295	0.17535
10.3	0.13862
10.305	0.01622
10.31	-0.11296
10.315	-0.17445
10.32	-0.19198
10.325	-0.26204
10.33	-0.39094
10.335	-0.44995
10.34	-0.35040
10.345	-0.17237
10.35	-0.09852
10.355	-0.22098
10.36	-0.38754
10.365	-0.36644
10.37	-0.16652
10.375	0.02195
10.38	0.08787
10.385	0.07999
10.39	0.10148
10.395	0.15870
10.4	0.18518
10.405	0.18705
10.41	0.21364
10.415	0.25475
10.42	0.26486
10.425	0.22577
10.43	0.13598
10.435	-0.02144
10.44	-0.21866
10.445	-0.35640
10.45	-0.39488
10.455	-0.34704
10.46	-0.25679
10.465	-0.17577
10.47	-0.11141
10.475	-0.01961
10.48	0.10895
10.485	0.19230
10.49	0.16156
10.495	0.04640
10.5	-0.09603
10.505	-0.22231
10.51	-0.29165
10.515	-0.29315
10.52	-0.24115
10.525	-0.13620
10.53	0.02039
10.535	0.18454
10.54	0.29410
10.545	0.34495
10.55	0.37999
10.555	0.40580
10.56	0.40002
10.565	0.36181
10.57	0.29136
10.575	0.16073
10.58	-0.00785
10.585	-0.11992
10.59	-0.13357
10.595	-0.10926
10.6	-0.11081
10.605	-0.12356
10.61	-0.11033
10.615	-0.07952
10.62	-0.04518
10.625	0.01864
10.63	0.12555
10.635	0.21355
10.64	0.19146
10.645	0.06570
10.65	-0.04607
10.655	-0.07552
10.66	-0.03975
10.665	0.01860
10.67	0.05552
10.675	0.04228
10.68	-0.01095
10.685	-0.06365
10.69	-0.08896
10.695	-0.10641
10.7	-0.12312
10.705	-0.10184
10.71	-0.05067
10.715	-0.04905
10.72	-0.12842
10.725	-0.21192
10.73	-0.22727
10.735	-0.21523
10.74	-0.22807
10.745	-0.22196
10.75	-0.15274
10.755	-0.08309
10.76	-0.10363
10.765	-0.20804
10.77	-0.31361
10.775	-0.37074
10.78	-0.42926
10.785	-0.52132
10.79	-0.58907
10.795	-0.56627
10.8	-0.46978
10.805	-0.36409
10.81	-0.29070
10.815	-0.24761
10.82	-0.21159
10.825	-0.17030
10.83	-0.12522
10.835	-0.06128
10.84	0.04994
10.845	0.20077
10.85	0.33113
10.855	0.38332
10.86	0.35682
10.865	0.28259
10.87	0.16025
10.875	-0.01279
10.88	-0.17990
10.885	-0.26462
10.89	-0.24890
10.895	-0.17299
10.9	-0.09940
10.905	-0.05040
10.91	-0.00248
10.915	0.06632
10.92	0.14348
10.925	0.20109
10.93	0.23649
10.935	0.26426
10.94	0.28124
10.945	0.27745
10.95	0.26232
10.955	0.22571
10.96	0.13694
10.965	0.02619
10.97	0.01616
10.975	0.18101
10.98	0.39345
10.985	0.47480
10.99	0.43211
10.995	0.37336
11	0.32695
11.005	0.25273
11.01	0.13314
11.015	0.00558
11.02	-0.06309
11.025	-0.05230
11.03	-0.05763
11.035	-0.17199
11.04	-0.37145
11.045	-0.50864
11.05	-0.44046
11.055	-0.19749
11.06	0.05554
11.065	0.22083
11.07	0.35061
11.075	0.48639
11.08	0.53030
11.085	0.42042
11.09	0.24440
11.095	0.13232
11.1	0.12809
11.105	0.15268
11.11	0.12009
11.115	0.05728
11.12	0.03967
11.125	0.05648
11.13	0.04637
11.135	0.02048
11.14	0.06983
11.145	0.20664
11.15	0.31941
11.155	0.36231
11.16	0.38147
11.165	0.39009
11.17	0.36011
11.175	0.31096
11.18	0.30315
11.185	0.30523
11.19	0.19723
11.195	-0.01537
11.2	-0.19921
11.205	-0.28263
11.21	-0.35286
11.215	-0.49088
11.22	-0.63951
11.225	-0.68598
11.23	-0.60415
11.235	-0.45998
11.24	-0.32396
11.245	-0.19175
11.25	-0.00923
11.255	0.23819
11.26	0.47405
11.265	0.56790
11.27	0.42877
11.275	0.13794
11.28	-0.09127
11.285	-0.16750
11.29	-0.15118
11.295	-0.08779
11.3	0.02890
11.305	0.17814
11.31	0.28731
11.315	0.31167
11.32	0.29273
11.325	0.26598
11.33	0.21302
11.335	0.15310
11.34	0.16575
11.345	0.28049
11.35	0.40822
11.355	0.43228
11.36	0.35116
11.365	0.26264
11.37	0.21642
11.375	0.17890
11.38	0.12687
11.385	0.08987
11.39	0.09815
11.395	0.12427
11.4	0.11074
11.405	0.06524
11.41	0.03794
11.415	0.04047
11.42	0.02716
11.425	-0.04131
11.43	-0.14316
11.435	-0.22827
11.44	-0.28365
11.445	-0.33643
11.45	-0.40369
11.455	-0.47176
11.46	-0.52116
11.465	-0.53474
11.47	-0.50345
11.475	-0.45291
11.48	-0.42439
11.485	-0.40529
11.49	-0.33762
11.495	-0.18688
11.5	0.06377
11.505	0.39803
11.51	0.68941
11.515	0.73960
11.52	0.50439
11.525	0.19241
11.53	-0.00371
11.535	-0.08171
11.54	-0.11926
11.545	-0.16024
11.55	-0.18971
11.555	-0.16179
11.56	-0.02622
11.565	0.18244
11.57	0.31036
11.575	0.30278
11.58	0.22082
11.585	0.13346
11.59	0.08880
11.595	0.13381
11.6	0.26147
11.605	0.35552
11.61	0.28559
11.615	0.08455
11.62	-0.08429
11.625	-0.13371
11.63	-0.11593
11.635	-0.11392
11.64	-0.14328
11.645	-0.17204
11.65	-0.20602
11.655	-0.28847
11.66	-0.40764
11.665	-0.47065
11.67	-0.37361
11.675	-0.11332
11.68	0.20247
11.685	0.38780
11.69	0.31004
11.695	0.07508
11.7	-0.11464
11.705	-0.15074
11.71	-0.06137
11.715	0.07637
11.72	0.20034
11.725	0.28078
11.73	0.31145
11.735	0.27747
11.74	0.16410
11.745	0.01522
11.75	-0.08200
11.755	-0.06929
11.76	0.02172
11.765	0.11474
11.77	0.16314
11.775	0.14167
11.78	0.05224
11.785	-0.09057
11.79	-0.26305
11.795	-0.39777
11.8	-0.41111
11.805	-0.29697
11.81	-0.18714
11.815	-0.20869
11.82	-0.27587
11.825	-0.22337
11.83	-0.04036
11.835	0.14421
11.84	0.25077
11.845	0.28766
11.85	0.25539
11.855	0.13927
11.86	-0.00207
11.865	-0.06063
11.87	-0.01715
11.875	0.05293
11.88	0.05567
11.885	-0.04860
11.89	-0.22787
11.895	-0.39944
11.9	-0.44583
11.905	-0.33471
11.91	-0.11525
11.915	0.10255
11.92	0.19066
11.925	0.13373
11.93	0.02702
11.935	-0.04593
11.94	-0.06519
11.945	-0.03776
11.95	0.02315
11.955	0.07770
11.96	0.08192
11.965	0.04086
11.97	-0.02755
11.975	-0.15835
11.98	-0.36794
11.985	-0.53324
11.99	-0.52500
11.995	-0.38200
12	-0.20594
12.005	-0.03128
12.01	0.13961
12.015	0.27416
12.02	0.32995
12.025	0.32609
12.03	0.33966
12.035	0.38210
12.04	0.39368
12.045	0.33661
12.05	0.22380
12.055	0.08125
12.06	-0.07205
12.065	-0.21022
12.07	-0.30583
12.075	-0.37672
12.08	-0.42985
12.085	-0.44376
12.09	-0.42009
12.095	-0.38908
12.1	-0.35862
12.105	-0.30557
12.11	-0.23119
12.115	-0.17528
12.12	-0.16123
12.125	-0.16470
12.13	-0.14880
12.135	-0.12029
12.14	-0.12642
12.145	-0.17372
12.15	-0.19891
12.155	-0.16299
12.16	-0.07955
12.165	0.03003
12.17	0.13853
12.175	0.19119
12.18	0.15545
12.185	0.05496
12.19	-0.06229
12.195	-0.16535
12.2	-0.24626
12.205	-0.26770
12.21	-0.20409
12.215	-0.08435
12.22	0.04448
12.225	0.15566
12.23	0.22874
12.235	0.23576
12.24	0.18954
12.245	0.13173
12.25	0.07937
12.255	0.03559
12.26	0.00129
12.265	-0.05681
12.27	-0.14667
12.275	-0.16848
12.28	-0.05300
12.285	0.11536
12.29	0.17892
12.295	0.10603
12.3	0.03419
12.305	0.04993
12.31	0.07723
12.315	0.02704
12.32	-0.05950
12.325	-0.12046
12.33	-0.16444
12.335	-0.21402
12.34	-0.25110
12.345	-0.24052
12.35	-0.15963
12.355	-0.03267
12.36	0.05545
12.365	0.04465
12.37	-0.01352
12.375	-0.01861
12.38	0.09456
12.385	0.29060
12.39	0.42632
12.395	0.37903
12.4	0.19104
12.405	0.04783
12.41	0.04234
12.415	0.08123
12.42	0.05848
12.425	0.03530
12.43	0.12764
12.435	0.29771
12.44	0.38813
12.445	0.35380
12.45	0.29923
12.455	0.26308
12.46	0.17708
12.465	0.03726
12.47	-0.05888
12.475	-0.05623
12.48	-0.02868
12.485	-0.05510
12.49	-0.10709
12.495	-0.12700
12.5	-0.13044
12.505	-0.16762
12.51	-0.23125
12.515	-0.24940
12.52	-0.19270
12.525	-0.12623
12.53	-0.10491
12.535	-0.10270
12.54	-0.06975
12.545	0.00162
12.55	0.07356
12.555	0.11290
12.56	0.11096
12.565	0.08460
12.57	0.07377
12.575	0.09587
12.58	0.11623
12.585	0.07302
12.59	-0.05490
12.595	-0.19803
12.6	-0.23881
12.605	-0.14292
12.61	-0.02787
12.615	-0.03129
12.62	-0.11768
12.625	-0.15891
12.63	-0.12023
12.635	-0.06700
12.64	-0.04355
12.645	-0.04753
12.65	-0.07746
12.655	-0.11081
12.66	-0.10173
12.665	-0.04743
12.67	-0.00611
12.675	-0.00471
12.68	0.00453
12.685	0.06275
12.69	0.11832
12.695	0.08185
12.7	-0.02465
12.705	-0.09684
12.71	-0.08079
12.715	-0.00916
12.72	0.05829
12.725	0.09913
12.73	0.14387
12.735	0.19393
12.74	0.17334
12.745	0.03434
12.75	-0.13943
12.755	-0.21056
12.76	-0.17632
12.765	-0.19521
12.77	-0.31867
12.775	-0.37854
12.78	-0.27161
12.785	-0.09171
12.79	0.02011
12.795	0.04181
12.8	0.06934
12.805	0.14892
12.81	0.20240
12.815	0.15880
12.82	0.09444
12.825	0.10607
12.83	0.15655
12.835	0.13078
12.84	0.01632
12.845	-0.08498
12.85	-0.09895
12.855	-0.05648
12.86	0.00374
12.865	0.08735
12.87	0.16900
12.875	0.17620
12.88	0.10834
12.885	0.06885
12.89	0.11658
12.895	0.14649
12.9	0.04750
12.905	-0.07467
12.91	-0.05096
12.915	0.11240
12.92	0.25412
12.925	0.25430
12.93	0.13253
12.935	-0.06688
12.94	-0.29949
12.945	-0.45989
12.95	-0.51185
12.955	-0.48307
12.96	-0.39440
12.965	-0.25265
12.97	-0.08639
12.975	0.06203
12.98	0.18075
12.985	0.27520
12.99	0.33765
12.995	0.34343
13	0.30621
13.005	0.30410
13.01	0.36707
13.015	0.36798
13.02	0.19471
13.025	-0.03515
13.03	-0.14592
13.035	-0.13640
13.04	-0.10758
13.045	-0.12390
13.05	-0.19353
13.055	-0.29436
13.06	-0.35289
13.065	-0.30334
13.07	-0.21219
13.075	-0.17432
13.08	-0.16257
13.085	-0.09376
13.09	0.00411
13.095	0.00841
13.1	-0.11284
13.105	-0.22615
13.11	-0.23842
13.115	-0.23673
13.12	-0.30455
13.125	-0.38112
13.13	-0.36346
13.135	-0.25495
13.14	-0.15560
13.145	-0.12165
13.15	-0.12103
13.155	-0.09331
13.16	-0.02486
13.165	0.05556
13.17	0.11613
13.175	0.14368
13.18	0.14012
13.185	0.09281
13.19	0.01784
13.195	0.01959
13.2	0.14342
13.205	0.26477
13.21	0.21417
13.215	-0.01857
13.22	-0.26158
13.225	-0.31858
13.23	-0.16721
13.235	0.03189
13.24	0.12726
13.245	0.13174
13.25	0.14601
13.255	0.22510
13.26	0.31384
13.265	0.28608
13.27	0.12337
13.275	-0.01452
13.28	-0.03728
13.285	-0.00339
13.29	0.02250
13.295	0.05587
13.3	0.12374
13.305	0.18353
13.31	0.13250
13.315	-0.03370
13.32	-0.13975
13.325	-0.08118
13.33	0.05710
13.335	0.12898
13.34	0.11315
13.345	0.11595
13.35	0.20686
13.355	0.30266
13.36	0.29550
13.365	0.24329
13.37	0.26894
13.375	0.34525
13.38	0.33460
13.385	0.20152
13.39	0.06199
13.395	0.00255
13.4	0.00963
13.405	0.03920
13.41	0.08298
13.415	0.11052
13.42	0.06885
13.425	-0.02163
13.43	-0.08175
13.435	-0.08832
13.44	-0.08484
13.445	-0.06009
13.45	0.08572
13.455	0.35946
13.46	0.56552
13.465	0.53910
13.47	0.38550
13.475	0.36351
13.48	0.52297
13.485	0.64830
13.49	0.59896
13.495	0.45991
13.5	0.33082
13.505	0.19736
13.51	0.01544
13.515	-0.19178
13.52	-0.31502
13.525	-0.25946
13.53	-0.13098
13.535	-0.07489
13.54	-0.08772
13.545	-0.07310
13.55	-0.01806
13.555	-0.01227
13.56	-0.12493
13.565	-0.28397
13.57	-0.32955
13.575	-0.23946
13.58	-0.12696
13.585	-0.09051
13.59	-0.11581
13.595	-0.10401
13.6	-0.00822
13.605	0.06947
13.61	0.02767
13.615	-0.05888
13.62	-0.08058
13.625	-0.06113
13.63	-0.09227
13.635	-0.20382
13.64	-0.34580
13.645	-0.43311
13.65	-0.39196
13.655	-0.26576
13.66	-0.15470
13.665	-0.12957
13.67	-0.20200
13.675	-0.31637
13.68	-0.41532
13.685	-0.49355
13.69	-0.56557
13.695	-0.61477
13.7	-0.60429
13.705	-0.50050
13.71	-0.32326
13.715	-0.14135
13.72	-0.03947
13.725	-0.06994
13.73	-0.18691
13.735	-0.26916
13.74	-0.26048
13.745	-0.22896
13.75	-0.25027
13.755	-0.29119
13.76	-0.24234
13.765	-0.03877
13.77	0.23764
13.775	0.41535
13.78	0.49197
13.785	0.52577
13.79	0.44964
13.795	0.18707
13.8	-0.13411
13.805	-0.30527
13.81	-0.22455
13.815	0.03078
13.82	0.24218
13.825	0.26157
13.83	0.07161
13.835	-0.18802
13.84	-0.32652
13.845	-0.27750
13.85	-0.14521
13.855	-0.07560
13.86	-0.10309
13.865	-0.14577
13.87	-0.11822
13.875	0.00989
13.88	0.20844
13.885	0.38071
13.89	0.39774
13.895	0.21213
13.9	-0.05005
13.905	-0.20385
13.91	-0.16272
13.915	0.02199
13.92	0.19094
13.925	0.20398
13.93	0.08425
13.935	-0.01796
13.94	-0.01279
13.945	0.02043
13.95	-0.02038
13.955	-0.12658
13.96	-0.20515
13.965	-0.15499
13.97	0.09248
13.975	0.47965
13.98	0.76887
13.985	0.75619
13.99	0.55019
13.995	0.39700
14	0.34882
14.005	0.28850
14.01	0.16407
14.015	0.05742
14.02	0.01381
14.025	-0.05075
14.03	-0.21738
14.035	-0.43765
14.04	-0.60080
14.045	-0.64196
14.05	-0.55151
14.055	-0.36166
14.06	-0.16140
14.065	-0.04054
14.07	0.01804
14.075	0.12508
14.08	0.28077
14.085	0.34447
14.09	0.24023
14.095	0.05932
14.1	-0.03579
14.105	0.00974
14.11	0.09981
14.115	0.11703
14.12	0.05065
14.125	-0.03195
14.13	-0.03171
14.135	0.09418
14.14	0.23539
14.145	0.24283
14.15	0.12381
14.155	0.03219
14.16	0.04580
14.165	0.12450
14.17	0.21595
14.175	0.27572
14.18	0.26220
14.185	0.12724
14.19	-0.12277
14.195	-0.36709
14.2	-0.53490
14.205	-0.61481
14.21	-0.59008
14.215	-0.45217
14.22	-0.26819
14.225	-0.16987
14.23	-0.19084
14.235	-0.21322
14.24	-0.15326
14.245	-0.08137
14.25	-0.08572
14.255	-0.17403
14.26	-0.30329
14.265	-0.42542
14.27	-0.48850
14.275	-0.46424
14.28	-0.42719
14.285	-0.45738
14.29	-0.51943
14.295	-0.49728
14.3	-0.32655
14.305	-0.05044
14.31	0.25890
14.315	0.53939
14.32	0.72580
14.325	0.82186
14.33	0.81890
14.335	0.69111
14.34	0.47204
14.345	0.25325
14.35	0.09449
14.355	-0.01756
14.36	-0.11156
14.365	-0.19905
14.37	-0.25212
14.375	-0.20768
14.38	-0.04038
14.385	0.15765
14.39	0.23249
14.395	0.17770
14.4	0.15464
14.405	0.23202
14.41	0.30979
14.415	0.30344
14.42	0.27254
14.425	0.31547
14.43	0.40597
14.435	0.42726
14.44	0.37057
14.445	0.39225
14.45	0.53574
14.455	0.62135
14.46	0.49494
14.465	0.21718
14.47	-0.03756
14.475	-0.15303
14.48	-0.11945
14.485	0.01135
14.49	0.12731
14.495	0.12790
14.5	0.01672
14.505	-0.12174
14.51	-0.22948
14.515	-0.34844
14.52	-0.50861
14.525	-0.59602
14.53	-0.52014
14.535	-0.34539
14.54	-0.23969
14.545	-0.29209
14.55	-0.40102
14.555	-0.44527
14.56	-0.46451
14.565	-0.56145
14.57	-0.70272
14.575	-0.75311
14.58	-0.61759
14.585	-0.33500
14.59	-0.00809
14.595	0.27594
14.6	0.47029
14.605	0.58002
14.61	0.62512
14.615	0.60202
14.62	0.46912
14.625	0.22227
14.63	-0.05323
14.635	-0.25675
14.64	-0.36578
14.645	-0.36311
14.65	-0.18551
14.655	0.11978
14.66	0.39647
14.665	0.52050
14.67	0.50922
14.675	0.46524
14.68	0.41092
14.685	0.27063
14.69	0.05328
14.695	-0.08466
14.7	-0.11216
14.705	-0.15155
14.71	-0.27530
14.715	-0.40038
14.72	-0.37398
14.725	-0.13848
14.73	0.16128
14.735	0.31182
14.74	0.27280
14.745	0.16319
14.75	0.07168
14.755	0.03134
14.76	0.05746
14.765	0.15163
14.77	0.28180
14.775	0.34587
14.78	0.27348
14.785	0.09973
14.79	-0.06152
14.795	-0.14033
14.8	-0.19339
14.805	-0.28260
14.81	-0.34565
14.815	-0.27952
14.82	-0.11895
14.825	0.02896
14.83	0.12548
14.835	0.19958
14.84	0.26796
14.845	0.32983
14.85	0.39028
14.855	0.42234
14.86	0.34106
14.865	0.10527
14.87	-0.20805
14.875	-0.50392
14.88	-0.73916
14.885	-0.88878
14.89	-0.91299
14.895	-0.74952
14.9	-0.39428
14.905	0.04633
14.91	0.43517
14.915	0.64958
14.92	0.64068
14.925	0.51997
14.93	0.44264
14.935	0.43656
14.94	0.40066
14.945	0.28563
14.95	0.18622
14.955	0.18941
14.96	0.20054
14.965	0.06194
14.97	-0.22718
14.975	-0.49208
14.98	-0.56030
14.985	-0.40847
14.99	-0.17952
14.995	-0.01992
15	0.02628
15.005	-0.02196
15.01	-0.11526
15.015	-0.19495
15.02	-0.25084
15.025	-0.29894
15.03	-0.32045
15.035	-0.27910
15.04	-0.18210
15.045	-0.07791
15.05	-0.01258
15.055	0.00114
15.06	-0.03734
15.065	-0.12012
15.07	-0.21763
15.075	-0.31367
15.08	-0.37564
15.085	-0.34281
15.09	-0.19550
15.095	-0.00272
15.1	0.13843
15.105	0.20354
15.11	0.23012
15.115	0.25461
15.12	0.28286
15.125	0.31603
15.13	0.36193
15.135	0.41755
15.14	0.45853
15.145	0.43638
15.15	0.30027
15.155	0.08983
15.16	-0.08104
15.165	-0.14015
15.17	-0.13888
15.175	-0.17105
15.18	-0.23252
15.185	-0.24089
15.19	-0.18986
15.195	-0.18033
15.2	-0.24408
15.205	-0.29359
15.21	-0.25083
15.215	-0.13801
15.22	-0.04715
15.225	-0.03500
15.23	-0.05519
15.235	-0.03731
15.24	0.00245
15.245	0.00077
15.25	-0.06193
15.255	-0.14347
15.26	-0.18040
15.265	-0.11505
15.27	0.07329
15.275	0.31238
15.28	0.47268
15.285	0.46246
15.29	0.30899
15.295	0.17081
15.3	0.16556
15.305	0.22653
15.31	0.17166
15.315	-0.05508
15.32	-0.26505
15.325	-0.29837
15.33	-0.18253
15.335	-0.07934
15.34	-0.10363
15.345	-0.22041
15.35	-0.31830
15.355	-0.33432
15.36	-0.27864
15.365	-0.18768
15.37	-0.09838
15.375	-0.04522
15.38	-0.06831
15.385	-0.17938
15.39	-0.32368
15.395	-0.39752
15.4	-0.32154
15.405	-0.15782
15.41	-0.00512
15.415	0.10232
15.42	0.17018
15.425	0.21982
15.43	0.26683
15.435	0.30683
15.44	0.33099
15.445	0.33807
15.45	0.30194
15.455	0.18062
15.46	0.01306
15.465	-0.09108
15.47	-0.08527
15.475	-0.05050
15.48	-0.08564
15.485	-0.16329
15.49	-0.18632
15.495	-0.13979
15.5	-0.08253
15.505	-0.02062
15.51	0.09940
15.515	0.28514
15.52	0.42830
15.525	0.39244
15.53	0.23510
15.535	0.11166
15.54	0.10199
15.545	0.16868
15.55	0.19411
15.555	0.10331
15.56	-0.07421
15.565	-0.22986
15.57	-0.26484
15.575	-0.18908
15.58	-0.04973
15.585	0.10799
15.59	0.24464
15.595	0.34688
15.6	0.41027
15.605	0.39636
15.61	0.30451
15.615	0.25432
15.62	0.32150
15.625	0.38523
15.63	0.26322
15.635	-0.02116
15.64	-0.24411
15.645	-0.28060
15.65	-0.21164
15.655	-0.18369
15.66	-0.22489
15.665	-0.27677
15.67	-0.29312
15.675	-0.26691
15.68	-0.20819
15.685	-0.12836
15.69	-0.05787
15.695	-0.05146
15.7	-0.11572
15.705	-0.20160
15.71	-0.24559
15.715	-0.22118
15.72	-0.15825
15.725	-0.12104
15.73	-0.13636
15.735	-0.15398
15.74	-0.10055
15.745	0.02729
15.75	0.17299
15.755	0.26326
15.76	0.25896
15.765	0.19660
15.77	0.15383
15.775	0.15627
15.78	0.13554
15.785	0.04643
15.79	-0.05885
15.795	-0.10450
15.8	-0.08107
15.805	-0.03235
15.81	0.00943
15.815	0.03446
15.82	0.02734
15.825	-0.03961
15.83	-0.15459
15.835	-0.22581
15.84	-0.17685
15.845	-0.05547
15.85	0.03256
15.855	0.07781
15.86	0.16484
15.865	0.31513
15.87	0.42123
15.875	0.37415
15.88	0.19472
15.885	0.02999
15.89	0.03233
15.895	0.18948
15.9	0.30610
15.905	0.27109
15.91	0.17028
15.915	0.12317
15.92	0.12861
15.925	0.08923
15.93	-0.04435
15.935	-0.22205
15.94	-0.33786
15.945	-0.32988
15.95	-0.26278
15.955	-0.21510
15.96	-0.17261
15.965	-0.07422
15.97	0.08809
15.975	0.22980
15.98	0.24402
15.985	0.10718
15.99	-0.09801
15.995	-0.25592
16	-0.29999
16.005	-0.24236
16.01	-0.15622
16.015	-0.09512
16.02	-0.03457
16.025	0.06247
16.03	0.17168
16.035	0.22739
16.04	0.19705
16.045	0.13293
16.05	0.11326
16.055	0.13235
16.06	0.10210
16.065	-0.00981
16.07	-0.09710
16.075	-0.08525
16.08	-0.02391
16.085	-0.01376
16.09	-0.09570
16.095	-0.23094
16.1	-0.34133
16.105	-0.37703
16.11	-0.35416
16.115	-0.32687
16.12	-0.30983
16.125	-0.28469
16.13	-0.23565
16.135	-0.15408
16.14	-0.01981
16.145	0.16213
16.15	0.32573
16.155	0.43175
16.16	0.47361
16.165	0.45039
16.17	0.38081
16.175	0.27397
16.18	0.10885
16.185	-0.10106
16.19	-0.24162
16.195	-0.20395
16.2	-0.06166
16.205	0.02475
16.21	0.00557
16.215	-0.04248
16.22	-0.05848
16.225	-0.08239
16.23	-0.14876
16.235	-0.15877
16.24	0.00087
16.245	0.25381
16.25	0.42496
16.255	0.39716
16.26	0.18050
16.265	-0.08586
16.27	-0.22065
16.275	-0.12673
16.28	0.06152
16.285	0.17403
16.29	0.17200
16.295	0.10868
16.3	0.05447
16.305	0.03897
16.31	0.02665
16.315	-0.03802
16.32	-0.14904
16.325	-0.24603
16.33	-0.27359
16.335	-0.25049
16.34	-0.24659
16.345	-0.29480
16.35	-0.34593
16.355	-0.32849
16.36	-0.24402
16.365	-0.17340
16.37	-0.17801
16.375	-0.24750
16.38	-0.30421
16.385	-0.25880
16.39	-0.06798
16.395	0.21722
16.4	0.42687
16.405	0.46408
16.41	0.36908
16.415	0.25589
16.42	0.21916
16.425	0.25055
16.43	0.28779
16.435	0.28335
16.44	0.21085
16.445	0.07277
16.45	-0.11675
16.455	-0.31538
16.46	-0.44712
16.465	-0.43838
16.47	-0.26114
16.475	0.00845
16.48	0.19970
16.485	0.22957
16.49	0.21372
16.495	0.26711
16.5	0.36532
16.505	0.42849
16.51	0.41007
16.515	0.30580
16.52	0.15457
16.525	0.04232
16.53	0.00689
16.535	0.03113
16.54	0.07170
16.545	0.05857
16.55	-0.05547
16.555	-0.23094
16.56	-0.35472
16.565	-0.34570
16.57	-0.24228
16.575	-0.11881
16.58	-0.00900
16.585	0.07065
16.59	0.09521
16.595	0.04857
16.6	-0.05060
16.605	-0.13271
16.61	-0.12744
16.615	-0.05988
16.62	-0.02048
16.625	-0.04329
16.63	-0.07283
16.635	-0.04220
16.64	0.01457
16.645	-0.02599
16.65	-0.17531
16.655	-0.24445
16.66	-0.12104
16.665	0.05770
16.67	0.06980
16.675	-0.12041
16.68	-0.36025
16.685	-0.47949
16.69	-0.42189
16.695	-0.26981
16.7	-0.13169
16.705	-0.05767
16.71	-0.00979
16.715	0.08607
16.72	0.24853
16.725	0.41287
16.73	0.48331
16.735	0.41307
16.74	0.27178
16.745	0.17346
16.75	0.14216
16.755	0.09168
16.76	-0.04830
16.765	-0.21812
16.77	-0.27650
16.775	-0.15800
16.78	0.01176
16.785	0.12305
16.79	0.20130
16.795	0.28498
16.8	0.32450
16.805	0.25705
16.81	0.08395
16.815	-0.10093
16.82	-0.16856
16.825	-0.10297
16.83	0.02078
16.835	0.09230
16.84	0.02232
16.845	-0.16012
16.85	-0.27428
16.855	-0.17181
16.86	0.05412
16.865	0.19191
16.87	0.17959
16.875	0.09496
16.88	0.02748
16.885	0.02128
16.89	0.07334
16.895	0.16088
16.9	0.23675
16.905	0.24494
16.91	0.14380
16.915	-0.03429
16.92	-0.17564
16.925	-0.22305
16.93	-0.24690
16.935	-0.31486
16.94	-0.35263
16.945	-0.22631
16.95	0.02714
16.955	0.22041
16.96	0.24913
16.965	0.18322
16.97	0.12981
16.975	0.09007
16.98	-0.00798
16.985	-0.15057
16.99	-0.26070
16.995	-0.32729
17	-0.37851
17.005	-0.37942
17.01	-0.27729
17.015	-0.11290
17.02	-0.00076
17.025	0.01340
17.03	0.04431
17.035	0.17397
17.04	0.33263
17.045	0.39458
17.05	0.32058
17.055	0.17846
17.06	0.04694
17.065	-0.05627
17.07	-0.14318
17.075	-0.20223
17.08	-0.17660
17.085	-0.05082
17.09	0.09486
17.095	0.14306
17.1	0.05952
17.105	-0.05886
17.11	-0.10686
17.115	-0.09040
17.12	-0.06147
17.125	-0.01342
17.13	0.08305
17.135	0.18872
17.14	0.19230
17.145	0.03921
17.15	-0.15473
17.155	-0.24480
17.16	-0.21836
17.165	-0.15049
17.17	-0.08381
17.175	-0.01131
17.18	0.06021
17.185	0.06978
17.19	-0.00399
17.195	-0.05905
17.2	-0.02896
17.205	0.02183
17.21	0.00483
17.215	-0.06299
17.22	-0.07346
17.225	0.03045
17.23	0.14740
17.235	0.14018
17.24	0.03154
17.245	-0.03456
17.25	0.01834
17.255	0.12869
17.26	0.18658
17.265	0.16347
17.27	0.13444
17.275	0.18369
17.28	0.27582
17.285	0.29488
17.29	0.17645
17.295	-0.01417
17.3	-0.14374
17.305	-0.15145
17.31	-0.07446
17.315	-0.00364
17.32	-0.02137
17.325	-0.10026
17.33	-0.15039
17.335	-0.15478
17.34	-0.18112
17.345	-0.25936
17.35	-0.31379
17.355	-0.25286
17.36	-0.09921
17.365	0.04529
17.37	0.13195
17.375	0.17810
17.38	0.18728
17.385	0.14207
17.39	0.05131
17.395	-0.03346
17.4	-0.05111
17.405	-0.01790
17.41	0.01034
17.415	0.00043
17.42	-0.03572
17.425	-0.05528
17.43	-0.04257
17.435	-0.03687
17.44	-0.07747
17.445	-0.14338
17.45	-0.20257
17.455	-0.24758
17.46	-0.27018
17.465	-0.24780
17.47	-0.16594
17.475	-0.03649
17.48	0.08697
17.485	0.12794
17.49	0.06944
17.495	-0.03257
17.5	-0.12519
17.505	-0.18013
17.51	-0.18515
17.515	-0.16690
17.52	-0.16020
17.525	-0.13834
17.53	-0.03753
17.535	0.14474
17.54	0.32783
17.545	0.42347
17.55	0.40998
17.555	0.31697
17.56	0.19825
17.565	0.11653
17.57	0.08527
17.575	0.03469
17.58	-0.07203
17.585	-0.15849
17.59	-0.13667
17.595	-0.04116
17.6	-0.00730
17.605	-0.09493
17.61	-0.20642
17.615	-0.24604
17.62	-0.23876
17.625	-0.22557
17.63	-0.16178
17.635	0.00171
17.64	0.21138
17.645	0.34831
17.65	0.35181
17.655	0.32027
17.66	0.32307
17.665	0.29585
17.67	0.16975
17.675	0.00142
17.68	-0.10160
17.685	-0.08730
17.69	-0.00305
17.695	0.05383
17.7	0.06452
17.705	0.06902
17.71	0.09617
17.715	0.15941
17.72	0.23699
17.725	0.24439
17.73	0.12946
17.735	-0.00054
17.74	-0.00843
17.745	0.06433
17.75	0.09122
17.755	0.06181
17.76	0.06484
17.765	0.10443
17.77	0.07781
17.775	-0.04630
17.78	-0.16909
17.785	-0.22019
17.79	-0.21069
17.795	-0.16865
17.8	-0.12031
17.805	-0.09549
17.81	-0.10140
17.815	-0.09871
17.82	-0.05078
17.825	0.01146
17.83	0.03706
17.835	0.03580
17.84	0.04222
17.845	0.04050
17.85	-0.00842
17.855	-0.07194
17.86	-0.07382
17.865	-0.02883
17.87	-0.01980
17.875	-0.05651
17.88	-0.07368
17.885	-0.04241
17.89	-0.02008
17.895	-0.05629
17.9	-0.11906
17.905	-0.16146
17.91	-0.18582
17.915	-0.19561
17.92	-0.16508
17.925	-0.09054
17.93	-0.00919
17.935	0.05093
17.94	0.10334
17.945	0.16501
17.95	0.20264
17.955	0.14133
17.96	-0.03215
17.965	-0.23557
17.97	-0.34870
17.975	-0.29660
17.98	-0.12843
17.985	0.01696
17.99	0.05940
17.995	0.04802
18	0.04952
18.005	0.06275
18.01	0.06227
18.015	0.05987
18.02	0.08133
18.025	0.11306
18.03	0.10519
18.035	0.02323
18.04	-0.11212
18.045	-0.22147
18.05	-0.22174
18.055	-0.10273
18.06	0.05368
18.065	0.13732
18.07	0.12429
18.075	0.09049
18.08	0.06704
18.085	0.00691
18.09	-0.09889
18.095	-0.17639
18.1	-0.15284
18.105	-0.04236
18.11	0.08115
18.115	0.16814
18.12	0.21115
18.125	0.20466
18.13	0.13830
18.135	0.03063
18.14	-0.07779
18.145	-0.15605
18.15	-0.16907
18.155	-0.11090
18.16	-0.01908
18.165	0.02649
18.17	-0.01651
18.175	-0.07004
18.18	-0.04906
18.185	0.00984
18.19	0.00789
18.195	-0.06689
18.2	-0.13596
18.205	-0.15077
18.21	-0.14303
18.215	-0.14193
18.22	-0.12709
18.225	-0.07760
18.23	-0.01468
18.235	0.04076
18.24	0.08890
18.245	0.10693
18.25	0.07420
18.255	0.04348
18.26	0.08530
18.265	0.16201
18.27	0.17122
18.275	0.10734
18.28	0.07494
18.285	0.10916
18.29	0.12847
18.295	0.06606
18.3	-0.01583
18.305	-0.01895
18.31	0.06070
18.315	0.14170
18.32	0.16216
18.325	0.13944
18.33	0.10560
18.335	0.06991
18.34	0.02992
18.345	-0.02186
18.35	-0.08234
18.355	-0.11884
18.36	-0.09471
18.365	-0.03666
18.37	-0.01487
18.375	-0.05093
18.38	-0.08714
18.385	-0.06172
18.39	0.01027
18.395	0.06003
18.4	0.06340
18.405	0.08583
18.41	0.14898
18.415	0.16489
18.42	0.05857
18.425	-0.09587
18.43	-0.16183
18.435	-0.09429
18.44	0.01427
18.445	0.05397
18.45	0.06065
18.455	0.10968
18.46	0.17433
18.465	0.18770
18.47	0.13543
18.475	0.04033
18.48	-0.07639
18.485	-0.18206
18.49	-0.23842
18.495	-0.23365
18.5	-0.18214
18.505	-0.11172
18.51	-0.05312
18.515	-0.01490
18.52	0.02005
18.525	0.05624
18.53	0.06836
18.535	0.02566
18.54	-0.06886
18.545	-0.17444
18.55	-0.24594
18.555	-0.26152
18.56	-0.21657
18.565	-0.14257
18.57	-0.11037
18.575	-0.12939
18.58	-0.13554
18.585	-0.08458
18.59	-0.00485
18.595	0.04376
18.6	0.03200
18.605	-0.00698
18.61	-0.00880
18.615	0.05584
18.62	0.15164
18.625	0.22973
18.63	0.25862
18.635	0.23045
18.64	0.16650
18.645	0.10050
18.65	0.04857
18.655	-0.01595
18.66	-0.10920
18.665	-0.19456
18.67	-0.20930
18.675	-0.13683
18.68	-0.02769
18.685	0.05318
18.69	0.07902
18.695	0.06442
18.7	0.02716
18.705	-0.02442
18.71	-0.06185
18.715	-0.04498
18.72	0.03244
18.725	0.13070
18.73	0.20013
18.735	0.21764
18.74	0.19241
18.745	0.13441
18.75	0.04075
18.755	-0.08123
18.76	-0.19514
18.765	-0.23304
18.77	-0.13915
18.775	0.03993
18.78	0.16933
18.785	0.16024
18.79	0.02960
18.795	-0.12268
18.8	-0.18458
18.805	-0.13377
18.81	-0.06108
18.815	-0.06608
18.82	-0.13384
18.825	-0.18082
18.83	-0.17120
18.835	-0.15019
18.84	-0.16810
18.845	-0.21646
18.85	-0.24111
18.855	-0.19687
18.86	-0.06806
18.865	0.11587
18.87	0.26927
18.875	0.31390
18.88	0.26718
18.885	0.22910
18.89	0.25260
18.895	0.26278
18.9	0.18286
18.905	0.08684
18.91	0.06485
18.915	0.07310
18.92	0.02510
18.925	-0.06098
18.93	-0.10729
18.935	-0.07914
18.94	-0.01823
18.945	0.00375
18.95	-0.01667
18.955	-0.02533
18.96	0.02240
18.965	0.12221
18.97	0.20775
18.975	0.19471
18.98	0.09146
18.985	0.01030
18.99	0.01729
18.995	0.04770
19	0.02478
19.005	-0.04372
19.01	-0.10246
19.015	-0.13076
19.02	-0.14378
19.025	-0.13232
19.03	-0.06735
19.035	0.04563
19.04	0.15153
19.045	0.20347
19.05	0.21181
19.055	0.19854
19.06	0.16847
19.065	0.14046
19.07	0.13674
19.075	0.11947
19.08	0.03665
19.085	-0.08022
19.09	-0.15598
19.095	-0.16352
19.1	-0.12992
19.105	-0.09763
19.11	-0.09679
19.115	-0.12850
19.12	-0.15812
19.125	-0.14744
19.13	-0.08410
19.135	0.00837
19.14	0.09318
19.145	0.14235
19.15	0.13065
19.155	0.06339
19.16	-0.02436
19.165	-0.07777
19.17	-0.05263
19.175	0.02918
19.18	0.10415
19.185	0.12862
19.19	0.10870
19.195	0.07375
19.2	0.01842
19.205	-0.07180
19.21	-0.15853
19.215	-0.17909
19.22	-0.11253
19.225	0.00332
19.23	0.10491
19.235	0.15603
19.24	0.19209
19.245	0.24849
19.25	0.28089
19.255	0.19975
19.26	-0.00479
19.265	-0.22744
19.27	-0.34875
19.275	-0.31633
19.28	-0.20032
19.285	-0.07838
19.29	0.00694
19.295	0.03089
19.3	0.02044
19.305	0.03164
19.31	0.06821
19.315	0.05963
19.32	-0.03719
19.325	-0.15507
19.33	-0.18772
19.335	-0.11467
19.34	-0.00192
19.345	0.07438
19.35	0.08768
19.355	0.06610
19.36	0.03341
19.365	-0.02181
19.37	-0.10126
19.375	-0.16694
19.38	-0.16727
19.385	-0.09906
19.39	-0.01887
19.395	0.03869
19.4	0.09545
19.405	0.17294
19.41	0.23358
19.415	0.22979
19.42	0.18425
19.425	0.16403
19.43	0.18273
19.435	0.18455
19.44	0.12807
19.445	0.04615
19.45	-0.02838
19.455	-0.09869
19.46	-0.16214
19.465	-0.19295
19.47	-0.17587
19.475	-0.12218
19.48	-0.04823
19.485	0.02961
19.49	0.08536
19.495	0.09891
19.5	0.07291
19.505	0.01724
19.51	-0.05875
19.515	-0.12213
19.52	-0.11828
19.525	-0.03336
19.53	0.05754
19.535	0.07362
19.54	0.00628
19.545	-0.07727
19.55	-0.11450
19.555	-0.12521
19.56	-0.16893
19.565	-0.23900
19.57	-0.26592
19.575	-0.23173
19.58	-0.15379
19.585	-0.03294
19.59	0.12155
19.595	0.24876
19.6	0.26473
19.605	0.15595
19.61	0.01744
19.615	-0.04348
19.62	-0.02048
19.625	0.03388
19.63	0.09113
19.635	0.14587
19.64	0.18696
19.645	0.21145
19.65	0.22923
19.655	0.23146
19.66	0.18664
19.665	0.08029
19.67	-0.06693
19.675	-0.20746
19.68	-0.29304
19.685	-0.29161
19.69	-0.21973
19.695	-0.14613
19.7	-0.09227
19.705	-0.02416
19.71	0.07702
19.715	0.18162
19.72	0.25331
19.725	0.29710
19.73	0.32691
19.735	0.29286
19.74	0.17064
19.745	0.05069
19.75	0.02732
19.755	0.06287
19.76	0.04037
19.765	-0.09530
19.77	-0.28360
19.775	-0.41516
19.78	-0.47021
19.785	-0.47004
19.79	-0.41017
19.795	-0.29417
19.8	-0.14890
19.805	0.00874
19.81	0.19114
19.815	0.37713
19.82	0.47060
19.825	0.43793
19.83	0.33051
19.835	0.21470
19.84	0.10549
19.845	-0.01883
19.85	-0.16458
19.855	-0.29636
19.86	-0.35871
19.865	-0.34313
19.87	-0.29169
19.875	-0.23723
19.88	-0.17812
19.885	-0.10204
19.89	-0.01559
19.895	0.05057
19.9	0.06973
19.905	0.06971
19.91	0.08705
19.915	0.12562
19.92	0.16427
19.925	0.18094
19.93	0.17314
19.935	0.13599
19.94	0.05721
19.945	-0.03446
19.95	-0.09525
19.955	-0.09826
19.96	-0.05170
19.965	0.01520
19.97	0.05666
19.975	0.02577
19.98	-0.06946
19.985	-0.14554
19.99	-0.14238
19.995	-0.08982
20	-0.03412
20.005	0.02769
20.01	0.11291
20.015	0.20701
20.02	0.27306
20.025	0.29245
20.03	0.28029
20.035	0.22632
20.04	0.10848
20.045	-0.03684
20.05	-0.13141
20.055	-0.14416
20.06	-0.12168
20.065	-0.13454
20.07	-0.19725
20.075	-0.25368
20.08	-0.24297
20.085	-0.16819
20.09	-0.07583
20.095	-0.00927
20.1	0.01150
20.105	0.01113
20.11	0.04579
20.115	0.13606
20.12	0.22818
20.125	0.26701
20.13	0.24842
20.135	0.19411
20.14	0.11122
20.145	0.00335
20.15	-0.08262
20.155	-0.10322
20.16	-0.05836
20.165	0.00321
20.17	0.01956
20.175	-0.02109
20.18	-0.07787
20.185	-0.12715
20.19	-0.18332
20.195	-0.23691
20.2	-0.24686
20.205	-0.18515
20.21	-0.07626
20.215	0.02673
20.22	0.07312
20.225	0.04448
20.23	-0.01466
20.235	-0.02484
20.24	0.05263
20.245	0.17282
20.25	0.25675
20.255	0.25134
20.26	0.17135
20.265	0.08188
20.27	0.02737
20.275	0.02049
20.28	0.04824
20.285	0.09311
20.29	0.11633
20.295	0.06971
20.3	-0.03957
20.305	-0.15799
20.31	-0.23825
20.315	-0.24520
20.32	-0.15933
20.325	-0.00368
20.33	0.13186
20.335	0.14546
20.34	0.03275
20.345	-0.10188
20.35	-0.15069
20.355	-0.10682
20.36	-0.03897
20.365	0.00403
20.37	0.02732
20.375	0.04277
20.38	0.05168
20.385	0.06612
20.39	0.11962
20.395	0.21574
20.4	0.28391
20.405	0.26996
20.41	0.19464
20.415	0.12312
20.42	0.09818
20.425	0.08492
20.43	0.02212
20.435	-0.09919
20.44	-0.21384
20.445	-0.24392
20.45	-0.21025
20.455	-0.18940
20.46	-0.21237
20.465	-0.23746
20.47	-0.19465
20.475	-0.06056
20.48	0.08499
20.485	0.12741
20.49	0.06925
20.495	0.01794
20.5	0.02676
20.505	0.05711
20.51	0.06082
20.515	0.03562
20.52	0.00379
20.525	-0.02087
20.53	-0.04410
20.535	-0.06016
20.54	-0.04442
20.545	0.01150
20.55	0.07914
20.555	0.13210
20.56	0.16867
20.565	0.18165
20.57	0.14105
20.575	0.04785
20.58	-0.04203
20.585	-0.08129
20.59	-0.09492
20.595	-0.12948
20.6	-0.17466
20.605	-0.18542
20.61	-0.17314
20.615	-0.18845
20.62	-0.21069
20.625	-0.15627
20.63	-0.00208
20.635	0.15944
20.64	0.22007
20.645	0.17927
20.65	0.10409
20.655	0.02197
20.66	-0.07390
20.665	-0.15159
20.67	-0.16416
20.675	-0.12650
20.68	-0.09356
20.685	-0.06850
20.69	0.01206
20.695	0.17045
20.7	0.32364
20.705	0.36354
20.71	0.29794
20.715	0.19418
20.72	0.06558
20.725	-0.09158
20.73	-0.20412
20.735	-0.18296
20.74	-0.07297
20.745	0.00498
20.75	0.00665
20.755	-0.03488
20.76	-0.07766
20.765	-0.10789
20.77	-0.13694
20.775	-0.16756
20.78	-0.17991
20.785	-0.14865
20.79	-0.06779
20.795	0.02337
20.8	0.04812
20.805	-0.02779
20.81	-0.13213
20.815	-0.14965
20.82	-0.06796
20.825	0.01908
20.83	0.03715
20.835	0.00750
20.84	-0.00260
20.845	0.03444
20.85	0.07453
20.855	0.06210
20.86	0.01979
20.865	0.02617
20.87	0.09934
20.875	0.18584
20.88	0.23321
20.885	0.23454
20.89	0.20093
20.895	0.13157
20.9	0.05135
20.905	0.00704
20.91	0.01032
20.915	0.01480
20.92	-0.03383
20.925	-0.12352
20.93	-0.19580
20.935	-0.19081
20.94	-0.10214
20.945	-0.01220
20.95	0.02103
20.955	0.01902
20.96	0.02511
20.965	0.03150
20.97	-0.01432
20.975	-0.13586
20.98	-0.26642
20.985	-0.30752
20.99	-0.24430
20.995	-0.12848
21	0.00414
21.005	0.12031
21.01	0.18305
21.015	0.19980
21.02	0.20506
21.025	0.19989
21.03	0.14080
21.035	-0.00041
21.04	-0.16768
21.045	-0.23444
21.05	-0.13112
21.055	0.08281
21.06	0.24548
21.065	0.21152
21.07	0.02462
21.075	-0.13230
21.08	-0.13850
21.085	-0.05185
21.09	-0.00061
21.095	-0.04447
21.1	-0.13643
21.105	-0.17553
21.11	-0.12310
21.115	-0.05182
21.12	-0.03037
21.125	-0.03690
21.13	0.01608
21.135	0.17687
21.14	0.37204
21.145	0.45312
21.15	0.34772
21.155	0.18115
21.16	0.07787
21.165	0.02642
21.17	-0.04178
21.175	-0.13961
21.18	-0.22270
21.185	-0.25859
21.19	-0.24979
21.195	-0.20656
21.2	-0.14107
21.205	-0.07457
21.21	-0.01099
21.215	0.06963
21.22	0.14914
21.225	0.15440
21.23	0.05640
21.235	-0.05757
21.24	-0.08669
21.245	-0.03483
21.25	0.04800
21.255	0.13903
21.26	0.22223
21.265	0.26804
21.27	0.25121
21.275	0.17251
21.28	0.06857
21.285	-0.01873
21.29	-0.06452
21.295	-0.07189
21.3	-0.06628
21.305	-0.06459
21.31	-0.06154
21.315	-0.04244
21.32	-0.01203
21.325	0.00203
21.33	-0.01122
21.335	-0.01963
21.34	-0.00371
21.345	0.00113
21.35	-0.03588
21.355	-0.07007
21.36	-0.03816
21.365	0.04078
21.37	0.08720
21.375	0.06582
21.38	0.01594
21.385	-0.01006
21.39	-0.01275
21.395	-0.02410
21.4	-0.04041
21.405	-0.02219
21.41	0.03976
21.415	0.09837
21.42	0.10660
21.425	0.07828
21.43	0.05520
21.435	0.04416
21.44	0.01568
21.445	-0.04152
21.45	-0.09801
21.455	-0.11258
21.46	-0.08523
21.465	-0.05298
21.47	-0.04693
21.475	-0.06189
21.48	-0.06581
21.485	-0.03986
21.49	0.00457
21.495	0.04529
21.5	0.06647
21.505	0.05681
21.51	0.01791
21.515	-0.02019
21.52	-0.02736
21.525	-0.00689
21.53	0.01453
21.535	0.02730
21.54	0.02952
21.545	0.00798
21.55	-0.03798
21.555	-0.08821
21.56	-0.11513
21.565	-0.09389
21.57	-0.02827
21.575	0.04336
21.58	0.07598
21.585	0.06850
21.59	0.05043
21.595	0.02954
21.6	-0.01478
21.605	-0.06935
21.61	-0.06793
21.615	0.01119
21.62	0.09648
21.625	0.12575
21.63	0.09922
21.635	0.04726
21.64	-0.01085
21.645	-0.07101
21.65	-0.11731
21.655	-0.13030
21.66	-0.10255
21.665	-0.05606
21.67	-0.04224
21.675	-0.08440
21.68	-0.14635
21.685	-0.16094
21.69	-0.09837
21.695	-0.00417
21.7	0.06681
21.705	0.08822
21.71	0.06998
21.715	0.04718
21.72	0.04963
21.725	0.06614
21.73	0.04877
21.735	-0.01709
21.74	-0.08269
21.745	-0.10578
21.75	-0.10124
21.755	-0.10437
21.76	-0.12078
21.765	-0.12002
21.77	-0.07454
21.775	-0.00431
21.78	0.04179
21.785	0.05335
21.79	0.06294
21.795	0.09110
21.8	0.11948
21.805	0.12611
21.81	0.10492
21.815	0.06713
21.82	0.04279
21.825	0.04537
21.83	0.05596
21.835	0.04552
21.84	0.00518
21.845	-0.04235
21.85	-0.06025
21.855	-0.04444
21.86	-0.03904
21.865	-0.07195
21.87	-0.09714
21.875	-0.04930
21.88	0.07329
21.885	0.19582
21.89	0.23489
21.895	0.18077
21.9	0.09018
21.905	0.00071
21.91	-0.08729
21.915	-0.15586
21.92	-0.17273
21.925	-0.14741
21.93	-0.12057
21.935	-0.11744
21.94	-0.12368
21.945	-0.09793
21.95	-0.02332
21.955	0.06507
21.96	0.10936
21.965	0.08885
21.97	0.03484
21.975	0.00032
21.98	0.01305
21.985	0.05458
21.99	0.08604
21.995	0.08725
22	0.05850
22.005	0.01461
22.01	-0.01688
22.015	-0.00989
22.02	0.03474
22.025	0.08144
22.03	0.10410
22.035	0.10691
22.04	0.10019
22.045	0.07887
22.05	0.03285
22.055	-0.02681
22.06	-0.06434
22.065	-0.05781
22.07	-0.03246
22.075	-0.01871
22.08	-0.01413
22.085	-0.00249
22.09	0.00808
22.095	-0.00615
22.1	-0.05283
22.105	-0.11033
22.11	-0.14909
22.115	-0.15207
22.12	-0.10690
22.125	-0.00911
22.13	0.10033
22.135	0.15644
22.14	0.14663
22.145	0.12293
22.15	0.12606
22.155	0.12034
22.16	0.06053
22.165	-0.03266
22.17	-0.09693
22.175	-0.10000
22.18	-0.06507
22.185	-0.02690
22.19	0.00901
22.195	0.05004
22.2	0.08329
22.205	0.07625
22.21	0.02164
22.215	-0.05124
22.22	-0.10670
22.225	-0.12285
22.23	-0.09816
22.235	-0.05003
22.24	-0.01637
22.245	-0.02809
22.25	-0.07157
22.255	-0.08457
22.26	-0.02717
22.265	0.06418
22.27	0.13483
22.275	0.17044
22.28	0.19939
22.285	0.22462
22.29	0.21435
22.295	0.15710
22.3	0.07697
22.305	-0.00923
22.31	-0.09957
22.315	-0.17161
22.32	-0.19296
22.325	-0.17863
22.33	-0.15695
22.335	-0.12931
22.34	-0.08858
22.345	-0.04255
22.35	-0.00115
22.355	0.03394
22.36	0.05728
22.365	0.06110
22.37	0.04642
22.375	0.02445
22.38	0.01658
22.385	0.03153
22.39	0.03530
22.395	-0.01028
22.4	-0.08077
22.405	-0.11357
22.41	-0.08144
22.415	-0.01104
22.42	0.04809
22.425	0.07047
22.43	0.07465
22.435	0.08666
22.44	0.09670
22.445	0.07860
22.45	0.04820
22.455	0.04383
22.46	0.06109
22.465	0.06588
22.47	0.05226
22.475	0.04042
22.48	0.03543
22.485	0.02505
22.49	0.00260
22.495	-0.03042
22.5	-0.06566
22.505	-0.08561
22.51	-0.08009
22.515	-0.06153
22.52	-0.05119
22.525	-0.06051
22.53	-0.07435
22.535	-0.07053
22.54	-0.04477
22.545	-0.01381
22.55	0.00280
22.555	0.00228
22.56	0.00001
22.565	0.00466
22.57	0.00193
22.575	-0.02176
22.58	-0.05319
22.585	-0.05897
22.59	-0.02330
22.595	0.02399
22.6	0.04020
22.605	0.02883
22.61	0.02526
22.615	0.03638
22.62	0.03625
22.625	0.01481
22.63	-0.00694
22.635	-0.00991
22.64	-0.00148
22.645	0.00356
22.65	0.00447
22.655	0.00864
22.66	0.01653
22.665	0.02531
22.67	0.03588
22.675	0.04023
22.68	0.02213
22.685	-0.02050
22.69	-0.05891
22.695	-0.06076
22.7	-0.03529
22.705	-0.01051
22.71	-0.00193
22.715	-0.01456
22.72	-0.04444
22.725	-0.07181
22.73	-0.07167
22.735	-0.03062
22.74	0.04877
22.745	0.13992
22.75	0.19869
22.755	0.18304
22.76	0.09617
22.765	0.00022
22.77	-0.04677
22.775	-0.03924
22.78	-0.01688
22.785	0.00690
22.79	0.03434
22.795	0.04123
22.8	0.00746
22.805	-0.05032
22.81	-0.09976
22.815	-0.11351
22.82	-0.07639
22.825	0.00443
22.83	0.08970
22.835	0.12673
22.84	0.09827
22.845	0.03770
22.85	-0.00241
22.855	0.00236
22.86	0.01589
22.865	-0.01297
22.87	-0.06380
22.875	-0.07463
22.88	-0.03312
22.885	0.01181
22.89	0.02559
22.895	0.03627
22.9	0.07848
22.905	0.12617
22.91	0.12950
22.915	0.07631
22.92	0.00664
22.925	-0.03307
22.93	-0.04399
22.935	-0.05511
22.94	-0.06849
22.945	-0.06297
22.95	-0.03492
22.955	0.00053
22.96	0.02342
22.965	0.01979
22.97	-0.00316
22.975	-0.02137
22.98	-0.02709
22.985	-0.03610
22.99	-0.04622
22.995	-0.03080
23	0.01189
23.005	0.03464
23.01	-0.00462
23.015	-0.08353
23.02	-0.13216
23.025	-0.10548
23.03	-0.04519
23.035	0.00133
23.04	0.03000
23.045	0.03990
23.05	0.01894
23.055	-0.03007
23.06	-0.06271
23.065	-0.02386
23.07	0.07103
23.075	0.14893
23.08	0.14890
23.085	0.07627
23.09	-0.01625
23.095	-0.07345
23.1	-0.08035
23.105	-0.07144
23.11	-0.08490
23.115	-0.12173
23.12	-0.14683
23.125	-0.12219
23.13	-0.04318
23.135	0.04710
23.14	0.09971
23.145	0.11754
23.15	0.13607
23.155	0.16173
23.16	0.15527
23.165	0.09266
23.17	0.01450
23.175	-0.02209
23.18	-0.01682
23.185	-0.00685
23.19	-0.01395
23.195	-0.03086
23.2	-0.03891
23.205	-0.02310
23.21	0.01102
23.215	0.04090
23.22	0.04174
23.225	0.00111
23.23	-0.06303
23.235	-0.10346
23.24	-0.09618
23.245	-0.06653
23.25	-0.04272
23.255	-0.02475
23.26	-0.00132
23.265	0.04019
23.27	0.09729
23.275	0.13782
23.28	0.14480
23.285	0.13266
23.29	0.11903
23.295	0.10466
23.3	0.08184
23.305	0.05310
23.31	0.02763
23.315	0.00756
23.32	-0.01038
23.325	-0.02595
23.33	-0.03280
23.335	-0.03206
23.34	-0.03673
23.345	-0.05425
23.35	-0.06997
23.355	-0.05713
23.36	-0.01142
23.365	0.03760
23.37	0.06128
23.375	0.05855
23.38	0.04306
23.385	0.02341
23.39	-0.00636
23.395	-0.04863
23.4	-0.07585
23.405	-0.06456
23.41	-0.02870
23.415	-0.00380
23.42	-0.00482
23.425	-0.01450
23.43	-0.02080
23.435	-0.02799
23.44	-0.03057
23.445	-0.01299
23.45	0.02656
23.455	0.07458
23.46	0.10780
23.465	0.10287
23.47	0.05498
23.475	-0.01275
23.48	-0.06723
23.485	-0.08864
23.49	-0.08583
23.495	-0.08007
23.5	-0.07651
23.505	-0.06656
23.51	-0.05070
23.515	-0.03551
23.52	-0.01597
23.525	0.01236
23.53	0.03466
23.535	0.03391
23.54	0.02087
23.545	0.02511
23.55	0.04995
23.555	0.06930
23.56	0.06052
23.565	0.03495
23.57	0.02491
23.575	0.02777
23.58	0.02008
23.585	0.00809
23.59	0.01461
23.595	0.03787
23.6	0.05426
23.605	0.04988
23.61	0.02684
23.615	-0.00183
23.62	-0.01553
23.625	-0.00839
23.63	-0.01317
23.635	-0.05852
23.64	-0.11183
23.645	-0.12359
23.65	-0.09497
23.655	-0.06559
23.66	-0.05002
23.665	-0.03821
23.67	-0.01707
23.675	0.02317
23.68	0.07533
23.685	0.10733
23.69	0.09062
23.695	0.04028
23.7	-0.00924
23.705	-0.04364
23.71	-0.06639
23.715	-0.07021
23.72	-0.04589
23.725	-0.00958
23.73	0.01181
23.735	0.02142
23.74	0.03928
23.745	0.05479
23.75	0.04005
23.755	0.00400
23.76	-0.00595
23.765	0.04138
23.77	0.10585
23.775	0.11031
23.78	0.06395
23.785	0.02002
23.79	-0.02048
23.795	-0.08638
23.8	-0.16255
23.805	-0.20209
23.81	-0.17807
23.815	-0.11267
23.82	-0.05369
23.825	-0.00657
23.83	0.04421
23.835	0.09551
23.84	0.13807
23.845	0.16524
23.85	0.16064
23.855	0.10367
23.86	0.00361
23.865	-0.08720
23.87	-0.11705
23.875	-0.08393
23.88	-0.03302
23.885	-0.00512
23.89	0.00879
23.895	0.03611
23.9	0.07021
23.905	0.08695
23.91	0.08268
23.915	0.06737
23.92	0.04966
23.925	0.03624
23.93	0.02771
23.935	0.00481
23.94	-0.05240
23.945	-0.12057
23.95	-0.15910
23.955	-0.15310
23.96	-0.12629
23.965	-0.09841
23.97	-0.06017
23.975	0.00115
23.98	0.07168
23.985	0.12477
23.99	0.15340
23.995	0.16127
24	0.14551
24.005	0.10651
24.01	0.05817
24.015	0.02132
24.02	0.00230
24.025	-0.01838
24.03	-0.06054
24.035	-0.10399
24.04	-0.10643
24.045	-0.06217
24.05	-0.01773
24.055	-0.00741
24.06	-0.02689
24.065	-0.05974
24.07	-0.09691
24.075	-0.13441
24.08	-0.14839
24.085	-0.10917
24.09	-0.02401
24.095	0.05394
24.1	0.07662
24.105	0.06085
24.11	0.05397
24.115	0.05819
24.12	0.03970
24.125	-0.00630
24.13	-0.04518
24.135	-0.04948
24.14	-0.04280
24.145	-0.06343
24.15	-0.09860
24.155	-0.10117
24.16	-0.06005
24.165	-0.00974
24.17	0.01294
24.175	0.01255
24.18	0.02155
24.185	0.06101
24.19	0.11384
24.195	0.13954
24.2	0.12706
24.205	0.08966
24.21	0.04360
24.215	0.00235
24.22	-0.02238
24.225	-0.02556
24.23	-0.01243
24.235	0.00611
24.24	0.01608
24.245	0.00993
24.25	-0.00856
24.255	-0.03380
24.26	-0.06512
24.265	-0.10253
24.27	-0.12935
24.275	-0.11381
24.28	-0.06071
24.285	-0.00685
24.29	0.01970
24.295	0.02428
24.3	0.03031
24.305	0.04248
24.31	0.04371
24.315	0.02862
24.32	0.01429
24.325	0.00895
24.33	0.00895
24.335	0.01462
24.34	0.02493
24.345	0.03149
24.35	0.02762
24.355	0.01719
24.36	0.00455
24.365	-0.01329
24.37	-0.03506
24.375	-0.04845
24.38	-0.04827
24.385	-0.04734
24.39	-0.05746
24.395	-0.06409
24.4	-0.04304
24.405	-0.00284
24.41	0.02617
24.415	0.02792
24.42	0.01320
24.425	-0.00052
24.43	-0.01334
24.435	-0.02773
24.44	-0.02596
24.445	0.00535
24.45	0.03976
24.455	0.03972
24.46	0.01200
24.465	-0.00931
24.47	-0.00974
24.475	0.00162
24.48	0.01401
24.485	0.02228
24.49	0.02258
24.495	0.01735
24.5	0.01733
24.505	0.03011
24.51	0.04700
24.515	0.05106
24.52	0.03855
24.525	0.02099
24.53	0.00377
24.535	-0.01774
24.54	-0.03837
24.545	-0.04193
24.55	-0.03573
24.555	-0.04988
24.56	-0.09086
24.565	-0.11624
24.57	-0.08439
24.575	-0.00848
24.58	0.07036
24.585	0.12093
24.59	0.13301
24.595	0.11272
24.6	0.06736
24.605	0.00187
24.61	-0.06444
24.615	-0.10067
24.62	-0.09142
24.625	-0.05097
24.63	-0.01536
24.635	-0.01022
24.64	-0.02209
24.645	-0.01923
24.65	0.00754
24.655	0.03898
24.66	0.06380
24.665	0.08513
24.67	0.09699
24.675	0.08544
24.68	0.05187
24.685	0.01716
24.69	-0.00016
24.695	-0.00664
24.7	-0.02279
24.705	-0.04913
24.71	-0.06084
24.715	-0.04337
24.72	-0.01560
24.725	-0.00888
24.73	-0.02430
24.735	-0.03332
24.74	-0.01800
24.745	0.01357
24.75	0.04763
24.755	0.07141
24.76	0.07500
24.765	0.05748
24.77	0.02610
24.775	-0.00334
24.78	-0.02128
24.785	-0.03190
24.79	-0.04591
24.795	-0.07111
24.8	-0.10146
24.805	-0.11748
24.81	-0.08914
24.815	-0.01409
24.82	0.05536
24.825	0.09254
24.83	0.10711
24.835	0.10284
24.84	0.07384
24.845	0.02221
24.85	-0.04157
24.855	-0.09387
24.86	-0.10373
24.865	-0.07553
24.87	-0.04427
24.875	-0.02248
24.88	0.00046
24.885	0.02815
24.89	0.05360
24.895	0.06779
24.9	0.06033
24.905	0.03451
24.91	0.00176
24.915	-0.02559
24.92	-0.03896
24.925	-0.03848
24.93	-0.02882
24.935	-0.00730
24.94	0.02267
24.945	0.03188
24.95	0.00314
24.955	-0.03365
24.96	-0.03444
24.965	-0.00209
24.97	0.02077
24.975	0.01133
24.98	-0.01142
24.985	-0.03030
24.99	-0.05309
24.995	-0.07622
25	-0.07363
25.005	-0.02766
25.01	0.04320
25.015	0.09263
25.02	0.09176
25.025	0.05895
25.03	0.03352
25.035	0.02346
25.04	0.01394
25.045	-0.00334
25.05	-0.02622
25.055	-0.04803
25.06	-0.05140
25.065	-0.02362
25.07	0.01056
25.075	0.01443
25.08	-0.01930
25.085	-0.05605
25.09	-0.06544
25.095	-0.05671
25.1	-0.05972
25.105	-0.07836
25.11	-0.07789
25.115	-0.02772
25.12	0.05331
25.125	0.12293
25.13	0.15205
25.135	0.13905
25.14	0.10377
25.145	0.06959
25.15	0.05056
25.155	0.03734
25.16	0.01985
25.165	0.00333
25.17	-0.00572
25.175	-0.01210
25.18	-0.02446
25.185	-0.03935
25.19	-0.04145
25.195	-0.02420
25.2	-0.00106
25.205	0.01295
25.21	0.01303
25.215	0.00019
25.22	-0.01778
25.225	-0.02634
25.23	-0.02390
25.235	-0.02500
25.24	-0.03963
25.245	-0.06255
25.25	-0.08704
25.255	-0.09658
25.26	-0.06779
25.265	-0.00177
25.27	0.06657
25.275	0.09801
25.28	0.09537
25.285	0.07132
25.29	0.03282
25.295	-0.00173
25.3	-0.01679
25.305	-0.01733
25.31	-0.01723
25.315	-0.02434
25.32	-0.03529
25.325	-0.03989
25.33	-0.03268
25.335	-0.01933
25.34	-0.00402
25.345	0.01326
25.35	0.02725
25.355	0.03377
25.36	0.04211
25.365	0.06009
25.37	0.07077
25.375	0.04815
25.38	-0.00680
25.385	-0.05792
25.39	-0.07274
25.395	-0.06371
25.4	-0.06463
25.405	-0.07088
25.41	-0.05599
25.415	-0.02069
25.42	0.01030
25.425	0.02941
25.43	0.05255
25.435	0.08872
25.44	0.11726
25.445	0.11014
25.45	0.07504
25.455	0.04500
25.46	0.03964
25.465	0.04731
25.47	0.04087
25.475	0.01000
25.48	-0.02710
25.485	-0.04898
25.49	-0.05873
25.495	-0.06980
25.5	-0.08185
25.505	-0.08529
25.51	-0.07905
25.515	-0.06063
25.52	-0.01603
25.525	0.04992
25.53	0.10292
25.535	0.11710
25.54	0.10184
25.545	0.08583
25.55	0.07874
25.555	0.06427
25.56	0.02231
25.565	-0.03481
25.57	-0.06179
25.575	-0.04521
25.58	-0.01389
25.585	-0.00498
25.59	-0.02906
25.595	-0.05892
25.6	-0.05937
25.605	-0.03098
25.61	-0.00557
25.615	0.00491
25.62	0.02324
25.625	0.05926
25.63	0.07990
25.635	0.05508
25.64	0.00389
25.645	-0.03639
25.65	-0.05057
25.655	-0.05457
25.66	-0.06046
25.665	-0.06726
25.67	-0.07622
25.675	-0.09133
25.68	-0.10942
25.685	-0.11398
25.69	-0.09394
25.695	-0.05967
25.7	-0.01051
25.705	0.06182
25.71	0.13668
25.715	0.17827
25.72	0.17113
25.725	0.13107
25.73	0.08759
25.735	0.05473
25.74	0.01891
25.745	-0.03500
25.75	-0.09859
25.755	-0.13803
25.76	-0.12831
25.765	-0.08548
25.77	-0.04060
25.775	-0.00594
25.78	0.02861
25.785	0.06262
25.79	0.08043
25.795	0.07876
25.8	0.07662
25.805	0.08585
25.81	0.08215
25.815	0.03680
25.82	-0.03005
25.825	-0.08569
25.83	-0.11906
25.835	-0.13343
25.84	-0.12502
25.845	-0.08378
25.85	-0.01036
25.855	0.06931
25.86	0.11486
25.865	0.11605
25.87	0.09739
25.875	0.07441
25.88	0.04029
25.885	-0.00758
25.89	-0.04952
25.895	-0.06107
25.9	-0.04321
25.905	-0.02498
25.91	-0.01694
25.915	-0.00540
25.92	0.01299
25.925	0.02174
25.93	0.01192
25.935	-0.00192
25.94	0.00042
25.945	0.01735
25.95	0.03315
25.955	0.03739
25.96	0.03036
25.965	0.01800
25.97	0.00265
25.975	-0.02280
25.98	-0.05721
25.985	-0.07563
25.99	-0.06145
25.995	-0.03198
26	-0.00785
26.005	0.01227
26.01	0.04000
26.015	0.07595
26.02	0.09772
26.025	0.07595
26.03	0.02213
26.035	-0.03109
26.04	-0.06280
26.045	-0.06618
26.05	-0.04999
26.055	-0.03364
26.06	-0.02741
26.065	-0.01994
26.07	-0.00127
26.075	0.01483
26.08	0.01848
26.085	0.02668
26.09	0.04810
26.095	0.05703
26.1	0.02817
26.105	-0.01451
26.11	-0.02752
26.115	-0.01539
26.12	-0.01131
26.125	-0.02253
26.13	-0.03338
26.135	-0.03305
26.14	-0.02528
26.145	-0.01118
26.15	0.01863
26.155	0.05927
26.16	0.08132
26.165	0.06342
26.17	0.02097
26.175	-0.01494
26.18	-0.03591
26.185	-0.05087
26.19	-0.06462
26.195	-0.07411
26.2	-0.07686
26.205	-0.07197
26.21	-0.05763
26.215	-0.02946
26.22	0.00978
26.225	0.04612
26.23	0.06768
26.235	0.07234
26.24	0.06296
26.245	0.04358
26.25	0.02071
26.255	0.00544
26.26	0.00775
26.265	0.03116
26.27	0.06199
26.275	0.06985
26.28	0.04952
26.285	0.02046
26.29	-0.00546
26.295	-0.03147
26.3	-0.05774
26.305	-0.07406
26.31	-0.07441
26.315	-0.06626
26.32	-0.05783
26.325	-0.04048
26.33	-0.00246
26.335	0.04661
26.34	0.08405
26.345	0.09748
26.35	0.09168
26.355	0.07227
26.36	0.03532
26.365	-0.00773
26.37	-0.02754
26.375	-0.01852
26.38	-0.00587
26.385	-0.00592
26.39	-0.01573
26.395	-0.03783
26.4	-0.06854
26.405	-0.08478
26.41	-0.06887
26.415	-0.03064
26.42	0.00330
26.425	0.01381
26.43	-0.00008
26.435	-0.02245
26.44	-0.03078
26.445	-0.02039
26.45	-0.00378
26.455	0.01606
26.46	0.04293
26.465	0.06894
26.47	0.08103
26.475	0.07681
26.48	0.06681
26.485	0.05943
26.49	0.04745
26.495	0.02213
26.5	-0.00476
26.505	-0.01637
26.51	-0.02160
26.515	-0.04369
26.52	-0.07086
26.525	-0.06548
26.53	-0.03601
26.535	-0.01984
26.54	-0.02598
26.545	-0.03087
26.55	-0.01704
26.555	0.00778
26.56	0.02348
26.565	0.02010
26.57	0.01063
26.575	0.01230
26.58	0.02293
26.585	0.02688
26.59	0.01743
26.595	0.00435
26.6	0.00137
26.605	0.00897
26.61	0.01602
26.615	0.02205
26.62	0.03592
26.625	0.05594
26.63	0.06145
26.635	0.03321
26.64	-0.02895
26.645	-0.10125
26.65	-0.14435
26.655	-0.14957
26.66	-0.12309
26.665	-0.06594
26.67	0.00307
26.675	0.04467
26.68	0.04584
26.685	0.04171
26.69	0.05986
26.695	0.06937
26.7	0.04080
26.705	-0.00174
26.71	-0.01910
26.715	-0.01545
26.72	-0.02177
26.725	-0.04658
26.73	-0.06500
26.735	-0.05426
26.74	-0.02594
26.745	-0.00519
26.75	0.00751
26.755	0.02723
26.76	0.05408
26.765	0.07717
26.77	0.09241
26.775	0.09407
26.78	0.07566
26.785	0.03722
26.79	-0.01128
26.795	-0.05450
26.8	-0.07962
26.805	-0.08414
26.81	-0.07402
26.815	-0.05530
26.82	-0.03232
26.825	-0.01141
26.83	-0.00146
26.835	0.00196
26.84	0.01492
26.845	0.03995
26.85	0.05555
26.855	0.04246
26.86	0.01180
26.865	-0.00621
26.87	0.00271
26.875	0.02972
26.88	0.05307
26.885	0.05662
26.89	0.04587
26.895	0.03031
26.9	0.00477
26.905	-0.03546
26.91	-0.07496
26.915	-0.08785
26.92	-0.06867
26.925	-0.04295
26.93	-0.03140
26.935	-0.02191
26.94	0.00694
26.945	0.04512
26.95	0.06728
26.955	0.05975
26.96	0.03314
26.965	0.00538
26.97	-0.01723
26.975	-0.03422
26.98	-0.03235
26.985	-0.00160
26.99	0.03205
26.995	0.03425
27	0.00769
27.005	-0.01757
27.01	-0.02151
27.015	-0.00823
27.02	0.00937
27.025	0.02245
27.03	0.03289
27.035	0.04143
27.04	0.04296
27.045	0.03738
27.05	0.03077
27.055	0.02155
27.06	0.00610
27.065	-0.00221
27.07	0.01531
27.075	0.04229
27.08	0.03989
27.085	0.00066
27.09	-0.04644
27.095	-0.07355
27.1	-0.07394
27.105	-0.05738
27.11	-0.03665
27.115	-0.02104
27.12	-0.01069
27.125	0.00137
27.13	0.01690
27.135	0.02556
27.14	0.01458
27.145	-0.01437
27.15	-0.03721
27.155	-0.03364
27.16	-0.00510
27.165	0.02859
27.17	0.05071
27.175	0.06165
27.18	0.06643
27.185	0.05655
27.19	0.02669
27.195	-0.00589
27.2	-0.02948
27.205	-0.04535
27.21	-0.05384
27.215	-0.05492
27.22	-0.05065
27.225	-0.03880
27.23	-0.01351
27.235	0.01592
27.24	0.03090
27.245	0.03237
27.25	0.03942
27.255	0.05525
27.26	0.06086
27.265	0.04827
27.27	0.03381
27.275	0.02842
27.28	0.01643
27.285	-0.01637
27.29	-0.05849
27.295	-0.09017
27.3	-0.10272
27.305	-0.09047
27.31	-0.04111
27.315	0.02890
27.32	0.06235
27.325	0.04631
27.33	0.01688
27.335	0.00102
27.34	-0.00862
27.345	-0.02995
27.35	-0.06089
27.355	-0.06978
27.36	-0.02650
27.365	0.05158
27.37	0.11313
27.375	0.13376
27.38	0.11504
27.385	0.06429
27.39	0.00689
27.395	-0.02412
27.4	-0.02675
27.405	-0.03364
27.41	-0.05132
27.415	-0.05816
27.42	-0.05193
27.425	-0.05630
27.43	-0.07967
27.435	-0.09470
27.44	-0.07645
27.445	-0.04406
27.45	-0.01963
27.455	0.00368
27.46	0.03674
27.465	0.06756
27.47	0.07400
27.475	0.05016
27.48	0.01546
27.485	-0.01282
27.49	-0.03728
27.495	-0.05265
27.5	-0.03753
27.505	0.00591
27.51	0.04086
27.515	0.03989
27.52	0.01332
27.525	-0.01729
27.53	-0.05010
27.535	-0.08571
27.54	-0.10802
27.545	-0.09856
27.55	-0.06144
27.555	-0.02025
27.56	0.00760
27.565	0.02685
27.57	0.04792
27.575	0.06560
27.58	0.06336
27.585	0.03991
27.59	0.01460
27.595	0.00327
27.6	-0.00166
27.605	-0.01450
27.61	-0.02792
27.615	-0.02839
27.62	-0.02147
27.625	-0.02075
27.63	-0.02494
27.635	-0.01910
27.64	0.00803
27.645	0.04673
27.65	0.06861
27.655	0.06355
27.66	0.04091
27.665	0.01199
27.67	-0.01513
27.675	-0.03389
27.68	-0.04002
27.685	-0.03160
27.69	-0.01695
27.695	-0.01240
27.7	-0.01441
27.705	-0.00449
27.71	0.02023
27.715	0.04261
27.72	0.04530
27.725	0.03045
27.73	0.01791
27.735	0.01281
27.74	-0.00360
27.745	-0.03650
27.75	-0.06280
27.755	-0.06522
27.76	-0.05927
27.765	-0.06753
27.77	-0.07689
27.775	-0.05518
27.78	-0.00516
27.785	0.04395
27.79	0.06905
27.795	0.06894
27.8	0.06077
27.805	0.05629
27.81	0.05260
27.815	0.04420
27.82	0.03338
27.825	0.02262
27.83	0.01167
27.835	0.00311
27.84	0.00346
27.845	0.01632
27.85	0.03577
27.855	0.04978
27.86	0.05115
27.865	0.04136
27.87	0.02610
27.875	0.01301
27.88	0.00945
27.885	0.01425
27.89	0.01159
27.895	-0.01660
27.9	-0.06555
27.905	-0.10659
27.91	-0.12203
27.915	-0.12034
27.92	-0.10899
27.925	-0.07368
27.93	-0.00608
27.935	0.06499
27.94	0.09950
27.945	0.09969
27.95	0.09720
27.955	0.09437
27.96	0.07232
27.965	0.03697
27.97	0.01341
27.975	0.00746
27.98	0.00233
27.985	-0.01158
27.99	-0.03063
27.995	-0.05041
28	-0.06836
28.005	-0.07499
28.01	-0.06343
28.015	-0.05013
28.02	-0.05482
28.025	-0.06133
28.03	-0.03932
28.035	0.00652
28.04	0.04911
28.045	0.07717
28.05	0.09205
28.055	0.08766
28.06	0.05466
28.065	0.00982
28.07	-0.00667
28.075	0.01000
28.08	0.02872
28.085	0.02381
28.09	-0.00271
28.095	-0.03056
28.1	-0.04001
28.105	-0.02851
28.11	-0.01446
28.115	-0.01614
28.12	-0.02765
28.125	-0.03335
28.13	-0.02834
28.135	-0.01692
28.14	-0.00286
28.145	0.00609
28.15	-0.00020
28.155	-0.01285
28.16	-0.01765
28.165	-0.01880
28.17	-0.02769
28.175	-0.03700
28.18	-0.02918
28.185	0.00302
28.19	0.04213
28.195	0.05554
28.2	0.04334
28.205	0.03495
28.21	0.04550
28.215	0.05716
28.22	0.04579
28.225	0.01364
28.23	-0.01476
28.235	-0.02976
28.24	-0.04265
28.245	-0.05415
28.25	-0.05086
28.255	-0.02701
28.26	0.00524
28.265	0.02337
28.27	0.01634
28.275	-0.00433
28.28	-0.01713
28.285	-0.01380
28.29	-0.00478
28.295	-0.00757
28.3	-0.02192
28.305	-0.02806
28.31	-0.00685
28.315	0.03442
28.32	0.06320
28.325	0.06687
28.33	0.05676
28.335	0.04825
28.34	0.04787
28.345	0.04897
28.35	0.03905
28.355	0.01798
28.36	-0.00076
28.365	-0.01155
28.37	-0.02106
28.375	-0.03239
28.38	-0.04125
28.385	-0.04475
28.39	-0.04852
28.395	-0.06143
28.4	-0.08203
28.405	-0.09617
28.41	-0.09019
28.415	-0.05849
28.42	-0.00603
28.425	0.04776
28.43	0.08331
28.435	0.09209
28.44	0.08188
28.445	0.07070
28.45	0.05860
28.455	0.03403
28.46	0.00319
28.465	-0.01632
28.47	-0.01822
28.475	-0.01103
28.48	-0.00367
28.485	0.00466
28.49	0.01532
28.495	0.02214
28.5	0.02017
28.505	0.00839
28.51	-0.01076
28.515	-0.02911
28.52	-0.03236
28.525	-0.00854
28.53	0.02954
28.535	0.05053
28.54	0.03785
28.545	0.01110
28.55	-0.00166
28.555	-0.00188
28.56	-0.00402
28.565	-0.00596
28.57	0.00105
28.575	0.00937
28.58	0.00225
28.585	-0.02197
28.59	-0.04576
28.595	-0.04889
28.6	-0.02972
28.605	-0.01019
28.61	-0.00714
28.615	-0.01489
28.62	-0.02131
28.625	-0.01990
28.63	-0.00282
28.635	0.03162
28.64	0.06535
28.645	0.07246
28.65	0.04379
28.655	0.00090
28.66	-0.03473
28.665	-0.05782
28.67	-0.06803
28.675	-0.06450
28.68	-0.05056
28.685	-0.03877
28.69	-0.03871
28.695	-0.03953
28.7	-0.02671
28.705	-0.00654
28.71	0.00410
28.715	0.00386
28.72	0.00233
28.725	0.00244
28.73	0.00153
28.735	0.00279
28.74	0.01118
28.745	0.02175
28.75	0.02616
28.755	0.02595
28.76	0.02763
28.765	0.02686
28.77	0.01677
28.775	0.00877
28.78	0.01360
28.785	0.01933
28.79	0.01189
28.795	0.00076
28.8	0.00126
28.805	0.00718
28.81	0.00406
28.815	-0.00387
28.82	-0.00284
28.825	0.00203
28.83	-0.00213
28.835	-0.00971
28.84	-0.00410
28.845	0.01563
28.85	0.02923
28.855	0.02320
28.86	0.01124
28.865	0.01175
28.87	0.01764
28.875	0.01380
28.88	0.00452
28.885	0.00109
28.89	-0.00402
28.895	-0.02118
28.9	-0.03736
28.905	-0.03349
28.91	-0.01007
28.915	0.01445
28.92	0.02634
28.925	0.03417
28.93	0.05133
28.935	0.07029
28.94	0.07017
28.945	0.04865
28.95	0.02087
28.955	-0.00235
28.96	-0.01637
28.965	-0.02001
28.97	-0.02099
28.975	-0.03014
28.98	-0.04408
28.985	-0.04946
28.99	-0.04831
28.995	-0.05070
29	-0.05065
29.005	-0.03292
29.01	0.00217
29.015	0.03483
29.02	0.04611
29.025	0.03344
29.03	0.01374
29.035	0.00053
29.04	-0.00365
29.045	-0.00215
29.05	0.00131
29.055	0.00858
29.06	0.02442
29.065	0.04073
29.07	0.03666
29.075	0.01009
29.08	-0.02068
29.085	-0.04282
29.09	-0.05685
29.095	-0.06239
29.1	-0.05860
29.105	-0.05324
29.11	-0.05084
29.115	-0.04465
29.12	-0.03045
29.125	-0.00929
29.13	0.01954
29.135	0.05201
29.14	0.07765
29.145	0.08980
29.15	0.08732
29.155	0.07596
29.16	0.05804
29.165	0.03364
29.17	0.00726
29.175	-0.01660
29.18	-0.03711
29.185	-0.04679
29.19	-0.03466
29.195	-0.00543
29.2	0.02322
29.205	0.03760
29.21	0.04098
29.215	0.04603
29.22	0.05638
29.225	0.06061
29.23	0.04138
29.235	-0.00043
29.24	-0.04171
29.245	-0.06486
29.25	-0.07406
29.255	-0.07701
29.26	-0.06781
29.265	-0.03588
29.27	0.00188
29.275	0.00999
29.28	-0.00281
29.285	-0.00512
29.29	0.00678
29.295	0.01354
29.3	0.00664
29.305	-0.00296
29.31	-0.00966
29.315	-0.02178
29.32	-0.03669
29.325	-0.03697
29.33	-0.01494
29.335	0.01144
29.34	0.02575
29.345	0.03358
29.35	0.04735
29.355	0.06396
29.36	0.07057
29.365	0.06050
29.37	0.03523
29.375	-0.00060
29.38	-0.03470
29.385	-0.05085
29.39	-0.04274
29.395	-0.02685
29.4	-0.02654
29.405	-0.03100
29.41	-0.01602
29.415	0.01065
29.42	0.02738
29.425	0.03598
29.43	0.04505
29.435	0.04234
29.44	0.01743
29.445	-0.01163
29.45	-0.02633
29.455	-0.02134
29.46	-0.00456
29.465	0.00727
29.47	0.00513
29.475	-0.00319
29.48	-0.00963
29.485	-0.01747
29.49	-0.02503
29.495	-0.02077
29.5	-0.00215
29.505	0.01435
29.51	0.01173
29.515	-0.00481
29.52	-0.01747
29.525	-0.02001
29.53	-0.02290
29.535	-0.03063
29.54	-0.03672
29.545	-0.03826
29.55	-0.03651
29.555	-0.02674
29.56	-0.00090
29.565	0.03093
29.57	0.04094
29.575	0.02522
29.58	0.00628
29.585	0.00492
29.59	0.02027
29.595	0.03590
29.6	0.04055
29.605	0.04276
29.61	0.05097
29.615	0.05024
29.62	0.02366
29.625	-0.01718
29.63	-0.04693
29.635	-0.05810
29.64	-0.05987
29.645	-0.05298
29.65	-0.03606
29.655	-0.01957
29.66	-0.01057
29.665	-0.00214
29.67	0.01163
29.675	0.02149
29.68	0.01572
29.685	-0.00083
29.69	-0.01110
29.695	-0.00774
29.7	0.00046
29.705	0.00526
29.71	0.00467
29.715	-0.00182
29.72	-0.01371
29.725	-0.02696
29.73	-0.03741
29.735	-0.04415
29.74	-0.04385
29.745	-0.03029
29.75	-0.00748
29.755	0.01215
29.76	0.02383
29.765	0.03241
29.77	0.03703
29.775	0.03359
29.78	0.02938
29.785	0.03029
29.79	0.02613
29.795	0.00628
29.8	-0.01660
29.805	-0.02177
29.81	-0.01072
29.815	-0.00571
29.82	-0.01490
29.825	-0.01978
29.83	-0.00653
29.835	0.01533
29.84	0.03240
29.845	0.03898
29.85	0.03226
29.855	0.01151
29.86	-0.01861
29.865	-0.04775
29.87	-0.06460
29.875	-0.06774
29.88	-0.05922
29.885	-0.03451
29.89	0.00857
29.895	0.04983
29.9	0.05846
29.905	0.04072
29.91	0.01936
29.915	0.00296
29.92	-0.01133
29.925	-0.02406
29.93	-0.02780
29.935	-0.01848
29.94	-0.00819
29.945	-0.00882
29.95	-0.00840
29.955	0.00598
29.96	0.02144
29.965	0.02206
29.97	0.01305
29.975	0.01020
29.98	0.01681
29.985	0.02264
29.99	0.02094
29.995	0.01421
30	0.00330
