t(s)	a(g)
0	0.00029
0.02	0.00029
0.04	0.00029
0.06	0.00024
0.08	0.00017
0.1	0.00012
0.12	0.00006
0.14	0.00007
0.16	0.00007
0.18	0.00007
0.2	0.00007
0.22	0.00008
0.24	0.00007
0.26	0.00007
0.28	0.00007
0.3	0.00008
0.32	0.00008
0.34	0.00008
0.36	0.00008
0.38	0.00009
0.4	0.00009
0.42	0.00009
0.44	0.00009
0.46	0.00010
0.48	0.00010
0.5	0.00010
0.52	0.00010
0.54	0.00011
0.56	0.00011
0.58	0.00011
0.6	0.00011
0.62	0.00011
0.64	0.00012
0.66	0.00012
0.68	0.00012
0.7	0.00012
0.72	0.00013
0.74	0.00013
0.76	0.00013
0.78	0.00013
0.8	0.00014
0.82	0.00014
0.84	0.00014
0.86	0.00014
0.88	0.00014
0.9	0.00015
0.92	0.00015
0.94	0.00015
0.96	0.00015
0.98	0.00016
1	0.00014
1.02	0.00014
1.04	0.00014
1.06	0.00014
1.08	0.00015
1.1	0.00015
1.12	0.00015
1.14	0.00017
1.16	0.00017
1.18	0.00018
1.2	0.00016
1.22	0.00016
1.24	0.00016
1.26	0.00016
1.28	0.00017
1.3	0.00017
1.32	0.00017
1.34	0.00017
1.36	0.00017
1.38	0.00018
1.4	0.00018
1.42	0.00018
1.44	0.00018
1.46	0.00018
1.48	0.00019
1.5	0.00019
1.52	0.00019
1.54	0.00019
1.56	0.00019
1.58	0.00020
1.6	0.00020
1.62	0.00020
1.64	0.00020
1.66	0.00020
1.68	0.00020
1.7	0.00021
1.72	0.00021
1.74	0.00021
1.76	0.00021
1.78	0.00021
1.8	0.00021
1.82	0.00022
1.84	0.00022
1.86	0.00022
1.88	0.00022
1.9	0.00022
1.92	0.00022
1.94	0.00023
1.96	0.00027
1.98	0.00028
2	0.00028
2.02	0.00028
2.04	0.00025
2.06	0.00024
2.08	0.00018
2.1	0.00012
2.12	0.00005
2.14	-0.00005
2.16	-0.00016
2.18	-0.00028
2.2	-0.00036
2.22	-0.00047
2.24	-0.00059
2.26	-0.00075
2.28	-0.00090
2.3	-0.00106
2.32	-0.00147
2.34	-0.00195
2.36	-0.00238
2.38	-0.00270
2.4	-0.00296
2.42	-0.00268
2.44	-0.00249
2.46	-0.00228
2.48	-0.00206
2.5	-0.00181
2.52	-0.00157
2.54	-0.00111
2.56	-0.00064
2.58	-0.00035
2.6	-0.00036
2.62	-0.00004
2.64	0.00044
2.66	0.00092
2.68	0.00108
2.7	0.00123
2.72	0.00134
2.74	0.00145
2.76	0.00155
2.78	0.00159
2.8	0.00140
2.82	0.00116
2.84	0.00112
2.86	0.00117
2.88	-0.00063
2.9	-0.00385
2.92	-0.00719
2.94	-0.01036
2.96	-0.01352
2.98	-0.01664
3	-0.02008
3.02	-0.02328
3.04	-0.02645
3.06	-0.02930
3.08	-0.03171
3.1	-0.03370
3.12	-0.03511
3.14	-0.03539
3.16	-0.03475
3.18	-0.03444
3.2	-0.03493
3.22	-0.03501
3.24	-0.03474
3.26	-0.03381
3.28	-0.03253
3.3	-0.03024
3.32	-0.02777
3.34	-0.02566
3.36	-0.02339
3.38	-0.01917
3.4	-0.01321
3.42	-0.00694
3.44	-0.00057
3.46	0.00272
3.48	0.00529
3.5	0.00740
3.52	0.00965
3.54	0.01168
3.56	0.01312
3.58	0.01499
3.6	0.01624
3.62	0.01698
3.64	0.01739
3.66	0.01718
3.68	0.01669
3.7	0.01540
3.72	0.01375
3.74	0.01086
3.76	0.00717
3.78	0.00283
3.8	-0.00266
3.82	-0.00816
3.84	-0.01345
3.86	-0.01885
3.88	-0.02466
3.9	-0.02960
3.92	-0.03359
3.94	-0.03656
3.96	-0.03979
3.98	-0.04192
4	-0.04277
4.02	-0.04402
4.04	-0.04590
4.06	-0.04737
4.08	-0.04883
4.1	-0.05161
4.12	-0.05527
4.14	-0.05944
4.16	-0.06260
4.18	-0.06387
4.2	-0.06398
4.22	-0.06601
4.24	-0.06687
4.26	-0.06271
4.28	-0.06032
4.3	-0.06223
4.32	-0.06084
4.34	-0.05205
4.36	-0.04006
4.38	-0.02951
4.4	-0.01567
4.42	-0.00018
4.44	0.01165
4.46	0.01894
4.48	0.02434
4.5	0.03747
4.52	0.05383
4.54	0.06129
4.56	0.06295
4.58	0.06816
4.6	0.07115
4.62	0.06059
4.64	0.05314
4.66	0.04338
4.68	0.02351
4.7	0.01041
4.72	0.01693
4.74	0.02793
4.76	0.00682
4.78	-0.01005
4.8	0.00225
4.82	0.01492
4.84	0.02515
4.86	0.04172
4.88	0.04562
4.9	0.02518
4.92	0.00645
4.94	0.00133
4.96	0.00450
4.98	0.02329
5	0.00675
5.02	-0.05351
5.04	-0.07082
5.06	-0.05863
5.08	-0.04656
5.1	-0.03723
5.12	-0.03249
5.14	-0.03687
5.16	-0.07039
5.18	-0.08845
5.2	-0.08111
5.22	-0.06523
5.24	-0.03767
5.26	-0.02181
5.28	-0.03161
5.3	-0.04142
5.32	-0.02830
5.34	-0.00910
5.36	0.01027
5.38	0.03381
5.4	0.05014
5.42	0.06253
5.44	0.06503
5.46	0.05872
5.48	0.07781
5.5	0.15081
5.52	0.21625
5.54	0.18739
5.56	0.12119
5.58	0.09335
5.6	0.11934
5.62	0.14477
5.64	0.10842
5.66	0.05810
5.68	0.02651
5.7	0.00579
5.72	0.01323
5.74	0.00407
5.76	-0.00182
5.78	0.01438
5.8	0.01016
5.82	0.01412
5.84	0.01263
5.86	0.00243
5.88	0.01046
5.9	-0.04154
5.92	-0.09264
5.94	-0.11583
5.96	-0.09260
5.98	-0.00379
6	-0.00663
6.02	-0.01719
6.04	0.00200
6.06	0.00976
6.08	0.03932
6.1	0.02138
6.12	-0.00782
6.14	-0.00878
6.16	0.00291
6.18	0.02099
6.2	-0.00269
6.22	-0.00343
6.24	0.01368
6.26	0.00777
6.28	0.03446
6.3	0.04999
6.32	0.03685
6.34	0.01506
6.36	-0.02454
6.38	-0.04113
6.4	-0.01510
6.42	-0.00413
6.44	-0.01553
6.46	-0.01322
6.48	-0.00338
6.5	-0.03252
6.52	-0.03970
6.54	0.01984
6.56	0.11229
6.58	0.12764
6.6	0.07004
6.62	0.06665
6.64	0.13799
6.66	0.19043
6.68	0.17708
6.7	0.16701
6.72	0.23686
6.74	0.28229
6.76	0.19860
6.78	0.07940
6.8	0.04521
6.82	0.11927
6.84	0.15353
6.86	0.06905
6.88	0.01674
6.9	0.03524
6.92	0.04952
6.94	0.00954
6.96	-0.07940
6.98	-0.09803
7	0.00376
7.02	0.06075
7.04	-0.01565
7.06	-0.07946
7.08	-0.02304
7.1	0.07598
7.12	0.06703
7.14	-0.06026
7.16	-0.15290
7.18	-0.14918
7.2	-0.13626
7.22	-0.18039
7.24	-0.22265
7.26	-0.20757
7.28	-0.15483
7.3	-0.08665
7.32	-0.01916
7.34	0.02303
7.36	0.07028
7.38	0.16794
7.4	0.29362
7.42	0.41563
7.44	0.53848
7.46	0.58018
7.48	0.45888
7.5	0.30411
7.52	0.21658
7.54	0.12686
7.56	-0.05093
7.58	-0.18588
7.6	-0.22397
7.62	-0.24728
7.64	-0.29587
7.66	-0.37269
7.68	-0.47876
7.7	-0.56594
7.72	-0.48161
7.74	-0.22028
7.76	0.00696
7.78	0.09065
7.8	0.09758
7.82	0.16140
7.84	0.22982
7.86	0.24533
7.88	0.24695
7.9	0.20659
7.92	0.09539
7.94	-0.05381
7.96	-0.17264
7.98	-0.16502
8	0.00009
8.02	0.16106
8.04	0.19237
8.06	0.13206
8.08	0.03767
8.1	-0.01796
8.12	-0.01171
8.14	0.03650
8.16	0.11230
8.18	0.19009
8.2	0.21019
8.22	0.12570
8.24	-0.02018
8.26	-0.08602
8.28	0.04118
8.3	0.31296
8.32	0.52173
8.34	0.48230
8.36	0.21056
8.38	-0.09733
8.4	-0.27966
8.42	-0.31675
8.44	-0.23993
8.46	-0.11872
8.48	-0.01467
8.5	0.01573
8.52	-0.09174
8.54	-0.27983
8.56	-0.42556
8.58	-0.48924
8.6	-0.48719
8.62	-0.46409
8.64	-0.39929
8.66	-0.27607
8.68	-0.15195
8.7	-0.04287
8.72	0.05561
8.74	0.10274
8.76	0.08444
8.78	0.06746
8.8	0.08543
8.82	0.08400
8.84	0.06997
8.86	0.11887
8.88	0.20207
8.9	0.25890
8.92	0.28360
8.94	0.24704
8.96	0.11692
8.98	-0.05090
9	-0.14616
9.02	-0.14136
9.04	-0.11654
9.06	-0.11198
9.08	-0.10723
9.1	-0.11829
9.12	-0.17842
9.14	-0.24024
9.16	-0.25829
9.18	-0.20699
9.2	-0.06973
9.22	0.04117
9.24	0.05104
9.26	0.06201
9.28	0.07423
9.3	0.00691
9.32	-0.08386
9.34	-0.11612
9.36	-0.09089
9.38	-0.03265
9.4	0.00548
9.42	-0.01322
9.44	-0.02200
9.46	0.03657
9.48	0.14148
9.5	0.25228
9.52	0.34248
9.54	0.38722
9.56	0.36337
9.58	0.28503
9.6	0.19282
9.62	0.11128
9.64	0.06272
9.66	0.06848
9.68	0.11792
9.7	0.16454
9.72	0.17387
9.74	0.19722
9.76	0.26417
9.78	0.26917
9.8	0.16814
9.82	0.01788
9.84	-0.05347
9.86	0.02011
9.88	0.10835
9.9	0.08917
9.92	0.11445
9.94	0.22620
9.96	0.20127
9.98	0.01665
10	-0.13873
10.02	-0.17809
10.04	-0.10891
10.06	-0.01943
10.08	0.03534
10.1	0.03526
10.12	-0.02290
10.14	-0.00566
10.16	0.15691
10.18	0.23859
10.2	0.09612
10.22	-0.13749
10.24	-0.23896
10.26	-0.14026
10.28	-0.03579
10.3	-0.03653
10.32	-0.03616
10.34	0.05566
10.36	0.14515
10.38	0.06110
10.4	-0.20412
10.42	-0.49039
10.44	-0.68102
10.46	-0.78522
10.48	-0.79701
10.5	-0.65179
10.52	-0.33284
10.54	0.07829
10.56	0.34763
10.58	0.25193
10.6	0.13196
10.62	0.23264
10.64	0.24157
10.66	0.16829
10.68	0.13864
10.7	0.06770
10.72	-0.05500
10.74	-0.12870
10.76	-0.14405
10.78	-0.18476
10.8	-0.21892
10.82	-0.19209
10.84	-0.11525
10.86	-0.02266
10.88	0.03854
10.9	0.11452
10.92	0.16416
10.94	0.20114
10.96	0.27657
10.98	0.31564
11	0.27208
11.02	0.21377
11.04	0.19401
11.06	0.21590
11.08	0.24785
11.1	0.19899
11.12	0.03415
11.14	-0.11484
11.16	-0.13584
11.18	-0.05480
11.2	-0.03158
11.22	-0.14965
11.24	-0.35664
11.26	-0.51103
11.28	-0.49715
11.3	-0.33693
11.32	-0.14388
11.34	-0.03573
11.36	-0.04653
11.38	-0.05750
11.4	-0.06983
11.42	-0.12512
11.44	-0.17677
11.46	-0.21470
11.48	-0.25930
11.5	-0.27852
11.52	-0.18109
11.54	-0.01069
11.56	0.08628
11.58	0.07991
11.6	0.08426
11.62	0.22016
11.64	0.40567
11.66	0.51391
11.68	0.47435
11.7	0.29937
11.72	0.08286
11.74	-0.12036
11.76	-0.29962
11.78	-0.45069
11.8	-0.55092
11.82	-0.53145
11.84	-0.36035
11.86	-0.19069
11.88	-0.09699
11.9	-0.01513
11.92	0.07464
11.94	0.15178
11.96	0.23593
11.98	0.22088
12	0.01564
12.02	-0.23351
12.04	-0.37740
12.06	-0.34640
12.08	-0.22139
12.1	-0.14768
12.12	-0.06065
12.14	0.09325
12.16	0.25207
12.18	0.33423
12.2	0.31231
12.22	0.26346
12.24	0.20871
12.26	0.16734
12.28	0.15471
12.3	0.15853
12.32	0.17863
12.34	0.17225
12.36	0.07656
12.38	-0.06300
12.4	-0.19907
12.42	-0.31959
12.44	-0.41984
12.46	-0.45885
12.48	-0.37763
12.5	-0.20666
12.52	-0.06356
12.54	0.05587
12.56	0.20127
12.58	0.28590
12.6	0.27913
12.62	0.21310
12.64	0.12271
12.66	0.02948
12.68	-0.05292
12.7	-0.10899
12.72	-0.16241
12.74	-0.23915
12.76	-0.31756
12.78	-0.41106
12.8	-0.44491
12.82	-0.39856
12.84	-0.34025
12.86	-0.26528
12.88	-0.20347
12.9	-0.18525
12.92	-0.16779
12.94	-0.09450
12.96	0.02353
12.98	0.15046
13	0.26914
13.02	0.35867
13.04	0.40110
13.06	0.37169
13.08	0.27754
13.1	0.18908
13.12	0.15718
13.14	0.15002
13.16	0.13509
13.18	0.13469
13.2	0.16535
13.22	0.19285
13.24	0.21441
13.26	0.22974
13.28	0.22886
13.3	0.22880
13.32	0.23259
13.34	0.22025
13.36	0.16839
13.38	0.06700
13.4	-0.08500
13.42	-0.26259
13.44	-0.40555
13.46	-0.44724
13.48	-0.37018
13.5	-0.24550
13.52	-0.12620
13.54	-0.02474
13.56	0.03669
13.58	0.08056
13.6	0.12150
13.62	0.16347
13.64	0.17942
13.66	0.13388
13.68	0.05104
13.7	-0.00059
13.72	-0.00486
13.74	0.00914
13.76	0.05148
13.78	0.12361
13.8	0.17281
13.82	0.14544
13.84	0.06647
13.86	-0.02608
13.88	-0.12490
13.9	-0.20719
13.92	-0.25515
13.94	-0.27760
13.96	-0.26054
13.98	-0.16996
14	-0.03725
14.02	0.07171
14.04	0.14022
14.06	0.18736
14.08	0.21939
14.1	0.22678
14.12	0.20244
14.14	0.14790
14.16	0.05838
14.18	-0.04600
14.2	-0.13748
14.22	-0.21368
14.24	-0.27260
14.26	-0.31463
14.28	-0.35601
14.3	-0.40217
14.32	-0.40938
14.34	-0.35584
14.36	-0.28866
14.38	-0.22520
14.4	-0.13755
14.42	-0.02461
14.44	0.09398
14.46	0.20672
14.48	0.28906
14.5	0.32453
14.52	0.31506
14.54	0.25056
14.56	0.15394
14.58	0.07802
14.6	0.04817
14.62	0.05079
14.64	0.03344
14.66	-0.03089
14.68	-0.09896
14.7	-0.13699
14.72	-0.16804
14.74	-0.20755
14.76	-0.21376
14.78	-0.14503
14.8	-0.03530
14.82	0.06167
14.84	0.12963
14.86	0.17592
14.88	0.21177
14.9	0.24427
14.92	0.26083
14.94	0.23791
14.96	0.19210
14.98	0.12590
15	0.03330
15.02	-0.02383
15.04	-0.04256
15.06	-0.05080
15.08	-0.05706
15.1	-0.05651
15.12	-0.01772
15.14	0.04294
15.16	0.09410
15.18	0.13486
15.2	0.15998
15.22	0.17541
15.24	0.18504
15.26	0.16624
15.28	0.12157
15.3	0.07383
15.32	0.02908
15.34	-0.02936
15.36	-0.09088
15.38	-0.12621
15.4	-0.15703
15.42	-0.19269
15.44	-0.18909
15.46	-0.16588
15.48	-0.12298
15.5	-0.05543
15.52	0.00170
15.54	0.04877
15.56	0.09122
15.58	0.11464
15.6	0.11378
15.62	0.11456
15.64	0.13826
15.66	0.15203
15.68	0.13445
15.7	0.11842
15.72	0.11631
15.74	0.11865
15.76	0.11519
15.78	0.10560
15.8	0.08015
15.82	0.04859
15.84	0.03037
15.86	-0.01005
15.88	-0.06022
15.9	-0.06767
15.92	-0.07040
15.94	-0.08866
15.96	-0.08122
15.98	-0.06916
16	-0.07986
16.02	-0.09631
16.04	-0.10889
16.06	-0.11695
16.08	-0.11170
16.1	-0.10884
16.12	-0.11620
16.14	-0.10069
16.16	-0.05832
16.18	-0.02472
16.2	-0.00382
16.22	0.02267
16.24	0.06947
16.26	0.12047
16.28	0.15842
16.3	0.17447
16.32	0.17666
16.34	0.17060
16.36	0.13532
16.38	0.08227
16.4	0.03556
16.42	-0.01897
16.44	-0.09613
16.46	-0.15392
16.48	-0.17933
16.5	-0.19794
16.52	-0.18982
16.54	-0.14907
16.56	-0.11474
16.58	-0.08662
16.6	-0.04392
16.62	0.00380
16.64	0.02956
16.66	0.05825
16.68	0.11328
16.7	0.15459
16.72	0.15791
16.74	0.13495
16.76	0.09495
16.78	0.04355
16.8	0.00315
16.82	-0.02137
16.84	-0.04915
16.86	-0.08405
16.88	-0.11678
16.9	-0.13908
16.92	-0.14400
16.94	-0.12519
16.96	-0.08459
16.98	-0.04969
17	-0.03415
17.02	-0.01295
17.04	0.02247
17.06	0.04872
17.08	0.04209
17.1	0.02291
17.12	0.02789
17.14	0.04882
17.16	0.05121
17.18	0.03276
17.2	0.02546
17.22	0.01945
17.24	0.00542
17.26	-0.00004
17.28	-0.00474
17.3	-0.02618
17.32	-0.06064
17.34	-0.08676
17.36	-0.09888
17.38	-0.10751
17.4	-0.11926
17.42	-0.13179
17.44	-0.11666
17.46	-0.05755
17.48	0.02105
17.5	0.08911
17.52	0.14147
17.54	0.17515
17.56	0.17329
17.58	0.14287
17.6	0.11347
17.62	0.08893
17.64	0.05264
17.66	0.00227
17.68	-0.04529
17.7	-0.07737
17.72	-0.09198
17.74	-0.10446
17.76	-0.14060
17.78	-0.17273
17.8	-0.15859
17.82	-0.11377
17.84	-0.08017
17.86	-0.06199
17.88	-0.03667
17.9	0.00095
17.92	0.01875
17.94	-0.00333
17.96	-0.04522
17.98	-0.08048
18	-0.09775
18.02	-0.10797
18.04	-0.12016
18.06	-0.13131
18.08	-0.14420
18.1	-0.14517
18.12	-0.11909
18.14	-0.07348
18.16	-0.02114
18.18	0.03841
18.2	0.10295
18.22	0.16469
18.24	0.22733
18.26	0.28417
18.28	0.31238
18.3	0.31693
18.32	0.32047
18.34	0.32073
18.36	0.29251
18.38	0.23277
18.4	0.16681
18.42	0.10649
18.44	0.04602
18.46	-0.01237
18.48	-0.06038
18.5	-0.08847
18.52	-0.10087
18.54	-0.10149
18.56	-0.08916
18.58	-0.07501
18.6	-0.06231
18.62	-0.04130
18.64	-0.02208
18.66	-0.02922
18.68	-0.04476
18.7	-0.04540
18.72	-0.04701
18.74	-0.06724
18.76	-0.08673
18.78	-0.08212
18.8	-0.06034
18.82	-0.04772
18.84	-0.04853
18.86	-0.02417
18.88	0.04105
18.9	0.11675
18.92	0.17084
18.94	0.20405
18.96	0.22219
18.98	0.21336
19	0.17760
19.02	0.12341
19.04	0.05530
19.06	-0.01095
19.08	-0.06027
19.1	-0.09895
19.12	-0.13905
19.14	-0.17263
19.16	-0.18173
19.18	-0.16345
19.2	-0.12633
19.22	-0.08050
19.24	-0.02409
19.26	0.03413
19.28	0.08342
19.3	0.11911
19.32	0.13345
19.34	0.13857
19.36	0.15085
19.38	0.15724
19.4	0.13924
19.42	0.10838
19.44	0.08323
19.46	0.06541
19.48	0.05508
19.5	0.05559
19.52	0.05663
19.54	0.04082
19.56	0.01714
19.58	0.00375
19.6	-0.01039
19.62	-0.03231
19.64	-0.05092
19.66	-0.07243
19.68	-0.10068
19.7	-0.12252
19.72	-0.13710
19.74	-0.13216
19.76	-0.09057
19.78	-0.05435
19.8	-0.04923
19.82	-0.04436
19.84	-0.03134
19.86	-0.01902
19.88	-0.01366
19.9	-0.02652
19.92	-0.04618
19.94	-0.04174
19.96	-0.01613
19.98	0.01309
20	0.04413
20.02	0.06218
20.04	0.06168
20.06	0.06125
20.08	0.05714
20.1	0.03825
20.12	0.01872
20.14	0.00943
20.16	-0.00518
20.18	-0.02613
20.2	-0.02634
20.22	-0.01301
20.24	-0.00486
20.26	0.00369
20.28	0.01330
20.3	0.03065
20.32	0.05498
20.34	0.06768
20.36	0.06815
20.38	0.06168
20.4	0.03677
20.42	0.00664
20.44	-0.00985
20.46	-0.02507
20.48	-0.03695
20.5	-0.03373
20.52	-0.03400
20.54	-0.04268
20.56	-0.04144
20.58	-0.02853
20.6	-0.02151
20.62	-0.02197
20.64	-0.01735
20.66	-0.00284
20.68	0.00673
20.7	0.00420
20.72	0.00388
20.74	0.00643
20.76	0.00487
20.78	0.00423
20.8	0.00409
20.82	-0.00407
20.84	-0.02068
20.86	-0.03767
20.88	-0.04711
20.9	-0.05370
20.92	-0.05781
20.94	-0.04406
20.96	-0.00940
20.98	0.02850
21	0.05426
21.02	0.05922
21.04	0.03761
21.06	0.00012
21.08	-0.03853
21.1	-0.07046
21.12	-0.09228
21.14	-0.10831
21.16	-0.11382
21.18	-0.09509
21.2	-0.05523
21.22	-0.00785
21.24	0.04807
21.26	0.11567
21.28	0.17839
21.3	0.22377
21.32	0.25099
21.34	0.25913
21.36	0.25132
21.38	0.23009
21.4	0.18938
21.42	0.12938
21.44	0.06329
21.46	-0.00709
21.48	-0.08016
21.5	-0.14112
21.52	-0.18859
21.54	-0.22680
21.56	-0.23839
21.58	-0.21328
21.6	-0.17138
21.62	-0.13123
21.64	-0.09890
21.66	-0.05336
21.68	0.01131
21.7	0.06761
21.72	0.10190
21.74	0.11956
21.76	0.10703
21.78	0.05666
21.8	-0.00220
21.82	-0.05218
21.84	-0.09702
21.86	-0.13149
21.88	-0.15778
21.9	-0.18263
21.92	-0.19222
21.94	-0.17492
21.96	-0.13512
21.98	-0.07961
22	-0.01853
22.02	0.03226
22.04	0.06823
22.06	0.09154
22.08	0.09795
22.1	0.08579
22.12	0.06932
22.14	0.05038
22.16	0.01911
22.18	-0.01428
22.2	-0.03210
22.22	-0.03616
22.24	-0.03868
22.26	-0.03477
22.28	-0.01085
22.3	0.02341
22.32	0.04809
22.34	0.05518
22.36	0.05271
22.38	0.04662
22.4	0.02821
22.42	-0.00435
22.44	-0.04157
22.46	-0.07408
22.48	-0.09436
22.5	-0.08832
22.52	-0.05065
22.54	-0.00736
22.56	0.00913
22.58	0.01881
22.6	0.05010
22.62	0.08346
22.64	0.09561
22.66	0.08234
22.68	0.05384
22.7	0.02336
22.72	0.00571
22.74	0.00650
22.76	0.01233
22.78	0.01810
22.8	0.02832
22.82	0.03409
22.84	0.02244
22.86	0.00180
22.88	-0.01470
22.9	-0.02143
22.92	-0.01800
22.94	-0.02143
22.96	-0.04059
22.98	-0.05562
23	-0.05387
23.02	-0.04070
23.04	-0.02297
23.06	-0.00910
23.08	-0.00498
23.1	0.00068
23.12	0.01619
23.14	0.03434
23.16	0.05132
23.18	0.06488
23.2	0.06852
23.22	0.06439
23.24	0.05874
23.26	0.05037
23.28	0.03297
23.3	0.00798
23.32	-0.02150
23.34	-0.05328
23.36	-0.06938
23.38	-0.06082
23.4	-0.04842
23.42	-0.05128
23.44	-0.06436
23.46	-0.06976
23.48	-0.06044
23.5	-0.04229
23.52	-0.01915
23.54	0.00820
23.56	0.03000
23.58	0.04366
23.6	0.05232
23.62	0.05529
23.64	0.05338
23.66	0.04418
23.68	0.02878
23.7	0.02275
23.72	0.02687
23.74	0.02411
23.76	0.02057
23.78	0.02528
23.8	0.02624
23.82	0.01861
23.84	0.01264
23.86	0.01681
23.88	0.01893
23.9	0.01585
23.92	0.01793
23.94	0.01227
23.96	-0.00764
23.98	-0.02162
24	-0.02419
24.02	-0.02278
24.04	-0.01906
24.06	-0.00848
24.08	0.00074
24.1	-0.00344
24.12	-0.01245
24.14	-0.01509
24.16	-0.01504
24.18	-0.01567
24.2	-0.01303
24.22	-0.01330
24.24	-0.01749
24.26	-0.01425
24.28	-0.01044
24.3	-0.01112
24.32	-0.00653
24.34	-0.00451
24.36	-0.00638
24.38	-0.00484
24.4	-0.00797
24.42	-0.02027
24.44	-0.03309
24.46	-0.03859
24.48	-0.03643
24.5	-0.02717
24.52	-0.01161
24.54	0.01093
24.56	0.03616
24.58	0.05627
24.6	0.06638
24.62	0.06745
24.64	0.05606
24.66	0.03365
24.68	0.00993
24.7	-0.01341
24.72	-0.03949
24.74	-0.06177
24.76	-0.07580
24.78	-0.07743
24.8	-0.06427
24.82	-0.04684
24.84	-0.03210
24.86	-0.01495
24.88	0.00458
24.9	0.01976
24.92	0.02825
24.94	0.03268
24.96	0.03307
24.98	0.02862
25	0.01633
25.02	-0.00161
25.04	-0.01355
25.06	-0.01912
25.08	-0.02611
25.1	-0.03023
25.12	-0.02685
25.14	-0.02034
25.16	-0.01098
25.18	0.00195
25.2	0.00797
25.22	0.00336
25.24	-0.00199
25.26	-0.00473
25.28	-0.00415
25.3	-0.00199
25.32	-0.00421
25.34	-0.00981
25.36	-0.01441
25.38	-0.01331
25.4	-0.00490
25.42	0.00649
25.44	0.01844
25.46	0.03263
25.48	0.04654
25.5	0.05491
25.52	0.06166
25.54	0.06659
25.56	0.06315
25.58	0.04823
25.6	0.02618
25.62	0.00776
25.64	-0.00547
25.66	-0.01770
25.68	-0.02781
25.7	-0.03188
25.72	-0.02914
25.74	-0.02199
25.76	-0.01355
25.78	-0.00601
25.8	0.00342
25.82	0.01723
25.84	0.02671
25.86	0.02061
25.88	0.00261
25.9	-0.01642
25.92	-0.03098
25.94	-0.03336
25.96	-0.02648
25.98	-0.02118
26	-0.01558
26.02	-0.00451
26.04	0.00802
26.06	0.01617
26.08	0.01798
26.1	0.01707
26.12	0.01199
26.14	-0.00151
26.16	-0.01300
26.18	-0.01483
26.2	-0.01273
26.22	-0.01092
26.24	-0.00584
26.26	0.00071
26.28	0.00311
26.3	0.00581
26.32	0.00982
26.34	0.01025
26.36	0.00432
26.38	-0.00457
26.4	-0.00791
26.42	-0.00760
26.44	-0.00415
26.46	0.00660
26.48	0.01560
26.5	0.01712
26.52	0.01238
26.54	0.00762
26.56	0.00571
26.58	0.00491
26.6	0.00708
26.62	0.01120
26.64	0.01829
26.66	0.02955
26.68	0.04008
26.7	0.04666
26.72	0.05004
26.74	0.04501
26.76	0.02792
26.78	0.00485
26.8	-0.01885
26.82	-0.04108
26.84	-0.05710
26.86	-0.06663
26.88	-0.07887
26.9	-0.09319
26.92	-0.09691
26.94	-0.08531
26.96	-0.06346
26.98	-0.04199
27	-0.02325
27.02	-0.00281
27.04	0.01569
27.06	0.03126
27.08	0.04444
27.1	0.05157
27.12	0.04920
27.14	0.03961
27.16	0.02661
27.18	0.01259
27.2	-0.00050
27.22	-0.01267
27.24	-0.01917
27.26	-0.01653
27.28	-0.00774
27.3	0.00678
27.32	0.02210
27.34	0.02708
27.36	0.02561
27.38	0.02522
27.4	0.02279
27.42	0.01978
27.44	0.01714
27.46	0.01025
27.48	-0.00017
27.5	-0.00927
27.52	-0.01314
27.54	-0.01054
27.56	-0.00403
27.58	0.00343
27.6	0.00851
27.62	0.01275
27.64	0.01831
27.66	0.01783
27.68	0.00878
27.7	-0.00382
27.72	-0.01567
27.74	-0.02573
27.76	-0.03091
27.78	-0.02561
27.8	-0.01101
27.82	0.00699
27.84	0.02122
27.86	0.02719
27.88	0.02423
27.9	0.01337
27.92	-0.00261
27.94	-0.01953
27.96	-0.03462
27.98	-0.04662
28	-0.05265
28.02	-0.05132
28.04	-0.04519
28.06	-0.03171
28.08	-0.01037
28.1	0.00889
28.12	0.02191
28.14	0.03291
28.16	0.03978
28.18	0.04117
28.2	0.03885
28.22	0.03079
28.24	0.01878
28.26	0.00967
28.28	0.00947
28.3	0.01348
28.32	0.01121
28.34	0.00218
28.36	-0.00747
28.38	-0.01058
28.4	-0.00625
28.42	-0.00139
28.44	0.00074
28.46	-0.00016
28.48	0.00097
28.5	0.00678
28.52	0.01128
28.54	0.01202
28.56	0.01159
28.58	0.01133
28.6	0.01063
28.62	0.00974
28.64	0.01058
28.66	0.01121
28.68	0.00990
28.7	0.00339
28.72	-0.01266
28.74	-0.03116
28.76	-0.04122
28.78	-0.04010
28.8	-0.03464
28.82	-0.03382
28.84	-0.03544
28.86	-0.03210
28.88	-0.02180
28.9	-0.00561
28.92	0.00927
28.94	0.01805
28.96	0.02540
28.98	0.03186
29	0.03351
29.02	0.03011
29.04	0.02197
29.06	0.01429
29.08	0.00774
29.1	0.00029
29.12	-0.00439
29.14	-0.00539
29.16	-0.00326
29.18	0.00166
29.2	0.00769
29.22	0.01324
29.24	0.01880
29.26	0.02342
29.28	0.02171
29.3	0.01318
29.32	0.00118
29.34	-0.00851
29.36	-0.01243
29.38	-0.01341
29.4	-0.01639
29.42	-0.01867
29.44	-0.01676
29.46	-0.01254
29.48	-0.00380
29.5	0.00382
29.52	0.00298
29.54	0.00181
29.56	0.00695
29.58	0.00743
29.6	0.00498
29.62	0.00606
29.64	0.00648
29.66	0.00415
29.68	0.00377
29.7	0.00589
29.72	0.00832
29.74	0.01082
29.76	0.01061
29.78	0.00430
29.8	-0.00702
29.82	-0.01447
29.84	-0.01216
29.86	-0.00832
29.88	-0.00818
29.9	-0.00787
29.92	-0.00501
29.94	-0.00104
29.96	0.00139
29.98	0.00076
30	-0.00712
30.02	-0.01886
30.04	-0.02405
30.06	-0.02285
30.08	-0.01976
30.1	-0.01341
30.12	-0.00585
30.14	-0.00093
30.16	0.00313
30.18	0.00870
30.2	0.00844
30.22	0.00247
30.24	0.00261
30.26	0.00781
30.28	0.00697
30.3	-0.00441
30.32	-0.01462
30.34	-0.01469
30.36	-0.01002
30.38	-0.00430
30.4	-0.00035
30.42	0.00024
30.44	0.00167
30.46	0.00760
30.48	0.01273
30.5	0.01311
30.52	0.01152
30.54	0.00903
30.56	0.00377
30.58	-0.00220
30.6	-0.00145
30.62	0.00325
30.64	0.00501
30.66	0.00575
30.68	0.00791
30.7	0.01051
30.72	0.01422
30.74	0.01702
30.76	0.01443
30.78	0.00762
30.8	0.00099
30.82	-0.00536
30.84	-0.01251
30.86	-0.01653
30.88	-0.01483
30.9	-0.00906
30.92	-0.00261
30.94	0.00158
30.96	0.00394
30.98	0.00463
31	0.00053
31.02	-0.00505
31.04	-0.00825
31.06	-0.01128
31.08	-0.01245
31.1	-0.01170
31.12	-0.01589
31.14	-0.02346
31.16	-0.02764
31.18	-0.02822
31.2	-0.02764
31.22	-0.02552
31.24	-0.02139
31.26	-0.01679
31.28	-0.00932
31.3	0.00047
31.32	0.00576
31.34	0.00655
31.36	0.01011
31.38	0.01650
31.4	0.02318
31.42	0.02783
31.44	0.02788
31.46	0.02433
31.48	0.01893
31.5	0.01154
31.52	0.00111
31.54	-0.01091
31.56	-0.01742
31.58	-0.01752
31.6	-0.01528
31.62	-0.00967
31.64	-0.00354
31.66	-0.00123
31.68	0.00185
31.7	0.00655
31.72	0.00883
31.74	0.00820
31.76	0.00652
31.78	0.00382
31.8	-0.00165
31.82	-0.00835
31.84	-0.01319
31.86	-0.01534
31.88	-0.01301
31.9	-0.00519
31.92	0.00360
31.94	0.01296
31.96	0.02054
31.98	0.02223
32	0.02181
32.02	0.01843
32.04	0.01121
32.06	0.00545
32.08	0.00117
32.1	-0.00127
32.12	0.00106
32.14	0.00646
32.16	0.01006
32.18	0.00878
32.2	0.00710
32.22	0.00785
32.24	0.00878
32.26	0.00798
32.28	0.00690
32.3	0.00722
32.32	0.00589
32.34	0.00344
32.36	0.00249
32.38	0.00166
32.4	-0.00232
32.42	-0.00624
32.44	-0.00513
32.46	-0.00289
32.48	-0.00132
32.5	0.00344
32.52	0.00573
32.54	0.00017
32.56	-0.00433
32.58	-0.00550
32.6	-0.00693
32.62	-0.00851
32.64	-0.00697
32.66	-0.00185
32.68	0.00365
32.7	0.00690
32.72	0.00736
32.74	0.00642
32.76	0.00780
32.78	0.01000
32.8	0.00942
32.82	0.00825
32.84	0.01012
32.86	0.01209
32.88	0.01160
32.9	0.00852
32.92	0.00659
32.94	0.00664
32.96	0.00728
32.98	0.00664
33	0.00307
33.02	-0.00196
33.04	-0.00942
33.06	-0.01712
33.08	-0.01982
33.1	-0.01875
33.12	-0.01666
33.14	-0.01443
33.16	-0.01443
33.18	-0.01500
33.2	-0.01341
33.22	-0.01051
33.24	-0.00961
33.26	-0.01269
33.28	-0.01579
33.3	-0.01630
33.32	-0.01681
33.34	-0.01693
33.36	-0.01602
33.38	-0.01399
33.4	-0.00897
33.42	-0.00190
33.44	0.00580
33.46	0.01219
33.48	0.01626
33.5	0.01780
33.52	0.01728
33.54	0.01675
33.56	0.01585
33.58	0.01257
33.6	0.00557
33.62	-0.00120
33.64	-0.00415
33.66	-0.00372
33.68	-0.00093
33.7	0.00199
33.72	0.00050
33.74	-0.00231
33.76	-0.00099
33.78	0.00088
33.8	-0.00014
33.82	-0.00221
33.84	-0.00543
33.86	-0.00596
33.88	-0.00158
33.9	0.00426
33.92	0.00939
33.94	0.01247
33.96	0.01205
33.98	0.00907
34	0.00596
34.02	0.00151
34.04	-0.00760
34.06	-0.01628
34.08	-0.01738
34.1	-0.01505
34.12	-0.01378
34.14	-0.01210
34.16	-0.00823
34.18	-0.00247
34.2	0.00267
34.22	0.00718
34.24	0.01199
34.26	0.01366
34.28	0.01178
34.3	0.00697
34.32	0.00068
34.34	-0.00589
34.36	-0.01205
34.38	-0.01516
34.4	-0.01649
34.42	-0.01622
34.44	-0.01311
34.46	-0.00701
34.48	-0.00173
34.5	0.00201
34.52	0.00463
34.54	0.00697
34.56	0.00787
34.58	0.00613
34.6	0.00432
34.62	0.00501
34.64	0.00787
34.66	0.00929
34.68	0.00977
34.7	0.01002
34.72	0.01063
34.74	0.01279
34.76	0.01437
34.78	0.01602
34.8	0.01660
34.82	0.01649
34.84	0.01459
34.86	0.00740
34.88	-0.00013
34.9	-0.00680
34.92	-0.01308
34.94	-0.01707
34.96	-0.01938
34.98	-0.02104
35	-0.02113
35.02	-0.01854
35.04	-0.01173
35.06	-0.00473
35.08	-0.00313
35.1	-0.00361
35.12	-0.00330
35.14	-0.00350
35.16	-0.00335
35.18	-0.00313
35.2	-0.00404
35.22	-0.00187
35.24	0.00454
35.26	0.00918
35.28	0.01264
35.3	0.01630
35.32	0.01931
35.34	0.01925
35.36	0.01405
35.38	0.00777
35.4	0.00523
35.42	0.00527
35.44	0.00389
35.46	0.00232
35.48	0.00184
35.5	0.00260
35.52	0.00470
35.54	0.00454
35.56	0.00216
35.58	0.00062
35.6	0.00158
35.62	0.00207
35.64	0.00025
35.66	0.00004
35.68	0.00190
35.7	0.00422
35.72	0.00591
35.74	0.00554
35.76	0.00400
35.78	0.00116
35.8	-0.00242
35.82	-0.00488
35.84	-0.00642
35.86	-0.00594
35.88	-0.00408
35.9	-0.00525
35.92	-0.00975
35.94	-0.01483
35.96	-0.01844
35.98	-0.01732
36	-0.01150
36.02	-0.00659
36.04	-0.00451
36.06	-0.00022
36.08	0.00729
36.1	0.01337
36.12	0.01741
36.14	0.02127
36.16	0.02385
36.18	0.02630
36.2	0.02874
36.22	0.02671
36.24	0.01945
36.26	0.01014
36.28	-0.00048
36.3	-0.01107
36.32	-0.01775
36.34	-0.02156
36.36	-0.02492
36.38	-0.02647
36.4	-0.02407
36.42	-0.01742
36.44	-0.00743
36.46	0.00158
36.48	0.00556
36.5	0.00794
36.52	0.01047
36.54	0.01057
36.56	0.00878
36.58	0.00449
36.6	-0.00145
36.62	-0.00492
36.64	-0.00519
36.66	-0.00540
36.68	-0.00799
36.7	-0.01392
36.72	-0.02048
36.74	-0.02486
36.76	-0.02631
36.78	-0.02362
36.8	-0.01726
36.82	-0.00932
36.84	-0.00197
36.86	0.00305
36.88	0.00582
36.9	0.00725
36.92	0.00502
36.94	-0.00106
36.96	-0.00552
36.98	-0.00466
37	-0.00139
37.02	0.00099
37.04	0.00312
37.06	0.00655
37.08	0.00936
37.1	0.01042
37.12	0.01068
37.14	0.00883
37.16	0.00693
37.18	0.00502
37.2	0.00179
37.22	0.00068
37.24	0.00417
37.26	0.00872
37.28	0.01110
37.3	0.00883
37.32	0.00212
37.34	-0.00230
37.36	-0.00256
37.38	-0.00407
37.4	-0.00820
37.42	-0.01101
37.44	-0.00937
37.46	-0.00498
37.48	-0.00186
37.5	-0.00081
37.52	-0.00042
37.54	0.00074
37.56	0.00232
37.58	0.00155
37.6	-0.00302
37.62	-0.00785
37.64	-0.01012
37.66	-0.01170
37.68	-0.01261
37.7	-0.01138
37.72	-0.00890
37.74	-0.00451
37.76	-0.00016
37.78	0.00016
37.8	-0.00291
37.82	-0.00600
37.84	-0.00704
37.86	-0.00753
37.88	-0.00873
37.9	-0.00916
37.92	-0.00456
37.94	0.00523
37.96	0.01517
37.98	0.01972
38	0.01893
38.02	0.01681
38.04	0.01364
38.06	0.00920
38.08	0.00428
38.1	0.00010
38.12	-0.00344
38.14	-0.00476
38.16	-0.00249
38.18	0.00174
38.2	0.00736
38.22	0.01286
38.24	0.01502
38.26	0.01581
38.28	0.01741
38.3	0.01768
38.32	0.01517
38.34	0.01052
38.36	0.00422
38.38	-0.00213
38.4	-0.00627
38.42	-0.00736
38.44	-0.00658
38.46	-0.00393
38.48	-0.00060
38.5	0.00132
38.52	0.00316
38.54	0.00508
38.56	0.00587
38.58	0.00650
38.6	0.00608
38.62	0.00396
38.64	0.00094
38.66	-0.00160
38.68	-0.00296
38.7	-0.00536
38.72	-0.00890
38.74	-0.01154
38.76	-0.01308
38.78	-0.01408
38.8	-0.01413
38.82	-0.01271
38.84	-0.00995
38.86	-0.00690
38.88	-0.00377
38.9	-0.00245
38.92	-0.00196
38.94	-0.00323
38.96	-0.00873
38.98	-0.01445
39	-0.01647
39.02	-0.01520
39.04	-0.01160
39.06	-0.00706
39.08	-0.00213
39.1	0.00391
39.12	0.01154
39.14	0.01878
39.16	0.02290
39.18	0.02395
39.2	0.02360
39.22	0.02221
39.24	0.01931
39.26	0.01411
39.28	0.00752
39.3	0.00053
39.32	-0.00603
39.34	-0.01101
39.36	-0.01267
39.38	-0.01018
39.4	-0.00514
39.42	-0.00054
39.44	0.00132
39.46	0.00079
39.48	-0.00016
39.5	-0.00128
39.52	-0.00355
39.54	-0.00652
39.56	-0.00631
39.58	-0.00267
39.6	0.00068
39.62	0.00485
39.64	0.00502
39.66	0.00111
39.68	0.00254
39.7	0.00179
39.72	0.00202
39.74	0.00803
39.76	0.00550
39.78	-0.00022
39.8	0.00094
39.82	0.00872
39.84	0.01427
39.86	-0.00218
39.88	-0.01752
39.9	-0.01000
39.92	0.00243
39.94	0.00999
39.96	-0.00102
39.98	-0.01504
40	-0.01245
40.02	-0.00001
40.04	0.00363
40.06	-0.00672
40.08	-0.00858
40.1	0.00454
40.12	0.01347
40.14	0.01196
40.16	0.00571
40.18	0.00480
40.2	0.00845
40.22	0.00389
40.24	-0.00434
40.26	-0.00631
40.28	-0.00139
40.3	0.00300
40.32	0.00042
40.34	-0.00393
40.36	-0.00213
40.38	0.00322
40.4	0.00496
40.42	0.00088
40.44	-0.00583
40.46	-0.00895
40.48	-0.00837
40.5	-0.00970
40.52	-0.01231
40.54	-0.01012
40.56	-0.00492
40.58	-0.00296
40.6	-0.00296
40.62	-0.00349
40.64	-0.00230
40.66	-0.00044
40.68	-0.00307
40.7	-0.00717
40.72	-0.00669
40.74	-0.00488
40.76	-0.00473
40.78	0.00042
40.8	0.00576
40.82	0.00867
40.84	0.01211
40.86	0.01327
40.88	0.01418
40.9	0.01602
40.92	0.01341
40.94	0.00704
40.96	0.00122
40.98	-0.00323
41	-0.00230
41.02	0.00320
41.04	0.00316
41.06	-0.00118
41.08	-0.00108
41.1	0.00264
41.12	0.00444
41.14	0.00411
41.16	-0.00092
41.18	-0.00810
41.2	-0.01112
41.22	-0.01076
41.24	-0.00885
41.26	-0.00428
41.28	0.00300
41.3	0.00993
41.32	0.01110
41.34	0.00746
41.36	0.00480
41.38	0.00279
41.4	-0.00398
41.42	-0.01450
41.44	-0.02022
41.46	-0.01732
41.48	-0.00753
41.5	0.00311
41.52	0.00389
41.54	-0.00098
41.56	0.00550
41.58	0.01913
41.6	0.02301
41.62	0.01649
41.64	0.00918
41.66	0.00602
41.68	0.00249
41.7	-0.00371
41.72	-0.00505
41.74	-0.00509
41.76	-0.01192
41.78	-0.01938
41.8	-0.01775
41.82	-0.00848
41.84	-0.00145
41.86	-0.00209
41.88	-0.00717
41.9	-0.00424
41.92	0.01168
41.94	0.02760
41.96	0.03014
41.98	0.02131
42	0.01238
42.02	0.00734
42.04	0.00053
42.06	-0.00869
42.08	-0.01567
42.1	-0.01980
42.12	-0.01921
42.14	-0.01092
42.16	0.00179
42.18	0.01341
42.2	0.02051
42.22	0.02253
42.24	0.02083
42.26	0.01331
42.28	0.00079
42.3	-0.01239
42.32	-0.02658
42.34	-0.03711
42.36	-0.03289
42.38	-0.01119
42.4	0.02163
42.42	0.05016
42.44	0.05999
42.46	0.04905
42.48	0.02607
42.5	-0.00172
42.52	-0.02876
42.54	-0.04701
42.56	-0.05473
42.58	-0.05378
42.6	-0.04294
42.62	-0.02240
42.64	0.00190
42.66	0.01961
42.68	0.02618
42.7	0.02384
42.72	0.01534
42.74	0.00723
42.76	0.00167
42.78	-0.00098
42.8	0.00190
42.82	0.00634
42.84	0.00575
42.86	0.00074
42.88	-0.00451
42.9	-0.00791
42.92	-0.00859
42.94	-0.00574
42.96	-0.00003
42.98	0.00624
43	0.00855
43.02	0.00682
43.04	0.00221
43.06	-0.00361
43.08	-0.01001
43.1	-0.01642
43.12	-0.01765
43.14	-0.01372
43.16	-0.00832
43.18	-0.00123
43.2	0.00723
43.22	0.01259
43.24	0.01163
43.26	0.00746
43.28	0.00320
43.3	0.00137
43.32	0.00369
43.34	0.00734
43.36	0.00944
43.38	0.01105
43.4	0.01232
43.42	0.01152
43.44	0.00723
43.46	-0.00017
43.48	-0.00885
43.5	-0.01542
43.52	-0.01874
43.54	-0.01886
43.56	-0.01546
43.58	-0.01055
43.6	-0.00695
43.62	-0.00510
43.64	-0.00421
43.66	-0.00488
43.68	-0.00621
43.7	-0.00816
43.72	-0.01098
43.74	-0.01209
43.76	-0.00922
43.78	-0.00382
43.8	0.00104
43.82	0.00485
43.84	0.00792
43.86	0.00871
43.88	0.00718
43.9	0.00491
43.92	0.00267
43.94	0.00104
43.96	0.00132
43.98	0.00278
44	0.00389
44.02	0.00452
44.04	0.00377
44.06	0.00237
44.08	0.00104
44.1	-0.00098
44.12	-0.00372
44.14	-0.00643
44.16	-0.00648
44.18	-0.00319
44.2	0.00158
44.22	0.00750
44.24	0.01269
44.26	0.01495
44.28	0.01495
44.3	0.01264
44.32	0.00860
44.34	0.00421
44.36	-0.00099
44.38	-0.00557
44.4	-0.00949
44.42	-0.01231
44.44	-0.01242
44.46	-0.00991
44.48	-0.00627
44.5	-0.00253
44.52	0.00018
44.54	0.00158
44.56	0.00174
44.58	0.00035
44.6	-0.00151
44.62	-0.00377
44.64	-0.00596
44.66	-0.00621
44.68	-0.00410
44.7	0.00014
44.72	0.00501
44.74	0.01046
44.76	0.01633
44.78	0.01971
44.8	0.01803
44.82	0.01311
44.84	0.00977
44.86	0.00797
44.88	0.00468
44.9	0.00018
44.92	-0.00366
44.94	-0.00680
44.96	-0.00911
44.98	-0.00965
45	-0.00928
45.02	-0.00811
45.04	-0.00643
45.06	-0.00473
45.08	-0.00199
45.1	0.00204
45.12	0.00532
45.14	0.00686
45.16	0.00718
45.18	0.00638
45.2	0.00512
45.22	0.00421
45.24	0.00236
45.26	-0.00088
45.28	-0.00330
45.3	-0.00468
45.32	-0.00532
45.34	-0.00543
45.36	-0.00589
45.38	-0.00680
45.4	-0.00760
45.42	-0.00816
45.44	-0.00806
45.46	-0.00728
45.48	-0.00532
45.5	-0.00179
45.52	0.00109
45.54	0.00258
45.56	0.00305
45.58	0.00247
45.6	0.00119
45.62	-0.00022
45.64	-0.00162
45.66	-0.00220
45.68	-0.00046
45.7	0.00141
45.72	0.00300
45.74	0.00369
45.76	0.00377
45.78	0.00463
45.8	0.00596
45.82	0.00496
45.84	0.00055
45.86	-0.00366
45.88	-0.00702
45.9	-0.00955
45.92	-0.01040
45.94	-0.00981
45.96	-0.00659
45.98	-0.00167
46	0.00184
46.02	0.00346
46.04	0.00410
46.06	0.00372
46.08	0.00303
46.1	0.00272
46.12	0.00162
46.14	0.00029
46.16	0.00008
46.18	0.00008
46.2	-0.00008
46.22	0.00014
46.24	0.00066
46.26	0.00035
46.28	-0.00055
46.3	-0.00173
46.32	-0.00167
46.34	0.00061
46.36	0.00247
46.38	0.00253
46.4	0.00184
46.42	0.00055
46.44	0.00029
46.46	0.00071
46.48	0.00040
46.5	0.00018
46.52	0.00173
46.54	0.00372
46.56	0.00536
46.58	0.00702
46.6	0.00781
46.62	0.00787
46.64	0.00770
46.66	0.00680
46.68	0.00522
46.7	0.00389
46.72	0.00372
46.74	0.00336
46.76	0.00236
46.78	0.00247
46.8	0.00400
46.82	0.00580
46.84	0.00617
46.86	0.00372
46.88	-0.00035
46.9	-0.00319
46.92	-0.00496
46.94	-0.00702
46.96	-0.00823
46.98	-0.00806
47	-0.00729
47.02	-0.00617
47.04	-0.00479
47.06	-0.00372
47.08	-0.00173
47.1	0.00204
47.12	0.00536
47.14	0.00649
47.16	0.00559
47.18	0.00394
47.2	0.00184
47.22	-0.00066
47.24	-0.00309
47.26	-0.00389
47.28	-0.00216
47.3	0.00029
47.32	0.00130
47.34	0.00225
47.36	0.00400
47.38	0.00526
47.4	0.00536
47.42	0.00400
47.44	0.00141
47.46	-0.00040
47.48	-0.00109
47.5	-0.00104
47.52	-0.00024
47.54	0.00104
47.56	0.00342
47.58	0.00638
47.6	0.00806
47.62	0.00717
47.64	0.00447
47.66	0.00082
47.68	-0.00282
47.7	-0.00596
47.72	-0.00949
47.74	-0.01317
47.76	-0.01505
47.78	-0.01404
47.8	-0.01124
47.82	-0.00801
47.84	-0.00563
47.86	-0.00363
47.88	-0.00066
47.9	0.00242
47.92	0.00389
47.94	0.00377
47.96	0.00277
47.98	0.00173
48	0.00162
48.02	0.00199
48.04	0.00145
48.06	0.00071
48.08	0.00018
48.1	-0.00003
48.12	0.00018
48.14	-0.00024
48.16	-0.00173
48.18	-0.00463
48.2	-0.00939
48.22	-0.01378
48.24	-0.01611
48.26	-0.01659
48.28	-0.01596
48.3	-0.01306
48.32	-0.00729
48.34	-0.00035
48.36	0.00653
48.38	0.01134
48.4	0.01306
48.42	0.01301
48.44	0.01324
48.46	0.01324
48.48	0.01066
48.5	0.00697
48.52	0.00447
48.54	0.00262
48.56	0.00071
48.58	-0.00141
48.6	-0.00366
48.62	-0.00441
48.64	-0.00372
48.66	-0.00309
48.68	-0.00336
48.7	-0.00309
48.72	-0.00082
48.74	0.00151
48.76	0.00277
48.78	0.00277
48.8	0.00231
48.82	0.00288
48.84	0.00389
48.86	0.00366
48.88	0.00258
48.9	0.00130
48.92	-0.00018
48.94	-0.00199
48.96	-0.00330
48.98	-0.00366
49	-0.00314
49.02	-0.00190
49.04	-0.00003
49.06	0.00179
49.08	0.00314
49.1	0.00282
49.12	0.00093
49.14	-0.00013
49.16	-0.00035
49.18	-0.00071
49.2	-0.00077
49.22	-0.00035
49.24	0.00135
49.26	0.00405
49.28	0.00633
49.3	0.00801
49.32	0.00880
49.34	0.00797
49.36	0.00627
49.38	0.00485
49.4	0.00432
49.42	0.00490
49.44	0.00559
49.46	0.00505
49.48	0.00253
49.5	-0.00040
49.52	-0.00216
49.54	-0.00268
49.56	-0.00313
49.58	-0.00363
49.6	-0.00363
49.62	-0.00377
49.64	-0.00441
49.66	-0.00490
49.68	-0.00559
49.7	-0.00653
49.72	-0.00638
49.74	-0.00526
49.76	-0.00490
49.78	-0.00543
49.8	-0.00559
49.82	-0.00510
49.84	-0.00457
49.86	-0.00484
49.88	-0.00447
49.9	-0.00300
49.92	-0.00156
49.94	-0.00093
49.96	-0.00141
49.98	-0.00272
50	-0.00272
