1 2.99673e-05 8.9885e-05 0.00015372 0.000237169 0.000305593 0.000359889 0.000456923 0.00054584 0.000618787 0.000580261 0.00064189 0.000702385 0.000753967 0.000797517
2 4.19994e-05 0.00013991 0.000296306 0.00038557 0.000815466 0.00079465 0.00106535 0.00131752 0.00153517 0.00150046 0.00187324 0.00203136 0.00272101 0.00257191
3 4.5477e-05 0.00016052 0.000395233 0.000489691 0.00145639 0.0013334 0.00194803 0.00270159 0.00347949 0.00342482 0.0046177 0.0052906 0.00738343 0.00720138
4 3.95895e-05 0.000143765 0.000393272 0.000489674 0.00190266 0.00177333 0.00286715 0.00460019 0.00665047 0.00653177 0.00937541 0.0113935 0.0157786 0.0160144
5 3.37481e-05 0.000121635 0.000341423 0.000428911 0.00199841 0.00197634 0.00354699 0.00664908 0.0108355 0.0104832 0.015732 0.0200712 0.0267864 0.0276911
6 2.82822e-05 9.98674e-05 0.000271941 0.000338592 0.0017358 0.00183728 0.00364349 0.00794868 0.0144899 0.0134202 0.0202627 0.0263688 0.0328111 0.0337523
7 2.38031e-05 8.2197e-05 0.000211249 0.000257517 0.0013333 0.00147696 0.00321184 0.00812958 0.0165016 0.0143522 0.0211617 0.0274215 0.03484 0.0384101
8 2.17874e-05 7.37908e-05 0.000178296 0.000215056 0.00102772 0.00113872 0.00267443 0.00782956 0.0177119 0.0143739 0.0204619 0.0267682 0.0367964 0.0433665
9 2.06961e-05 6.93354e-05 0.000160595 0.000194707 0.000824156 0.000874847 0.00216497 0.00728456 0.0183912 0.0138982 0.0190612 0.0260145 0.038598 0.0485459
10 1.98536e-05 6.6138e-05 0.000149417 0.000182777 0.000688218 0.000684244 0.00171743 0.00656878 0.0185572 0.0130697 0.0172889 0.0251024 0.0401585 0.0538706
11 1.91307e-05 6.34862e-05 0.000141104 0.000174172 0.000595459 0.000553786 0.00134702 0.00575087 0.0182205 0.0119939 0.0153764 0.0240234 0.0414721 0.059329
12 1.84328e-05 6.09761e-05 0.000133944 0.0001666 0.000527932 0.000466197 0.00105375 0.0048775 0.0173727 0.0107465 0.0134413 0.022806 0.0425173 0.0649186
13 1.76885e-05 5.83439e-05 0.000126964 0.000159084 0.000473909 0.000405822 0.000828631 0.00399323 0.016018 0.00936194 0.0115472 0.0214836 0.0432706 0.0706106
14 1.68498e-05 5.54047e-05 0.000119404 0.000150711 0.00042573 0.000360819 0.000659506 0.00312811 0.0141397 0.00787796 0.00971122 0.0200863 0.0437248 0.0764084
15 1.58322e-05 5.18844e-05 0.000110553 0.000140909 0.000378285 0.000321581 0.00053174 0.00231993 0.0117842 0.00632738 0.00817427 0.0186521 0.0438773 0.0823918
16 1.44843e-05 4.72808e-05 9.94034e-05 0.000128271 0.000326759 0.000281255 0.000429076 0.00165981 0.00936517 0.00503156 0.00701478 0.0172929 0.0436796 0.0885675
17 1.34725e-05 4.36923e-05 9.13316e-05 0.000117674 0.000295928 0.000253789 0.000367599 0.00122252 0.0076261 0.00411244 0.0061773 0.0161959 0.0431919 0.0945239
18 1.3088e-05 4.22468e-05 8.72701e-05 0.000113528 0.000283452 0.00023847 0.000333517 0.000918843 0.00626262 0.00340452 0.00553432 0.0153562 0.0425702 0.0998598
19 1.26998e-05 4.09026e-05 8.39712e-05 0.000109902 0.000276683 0.00022695 0.000313091 0.000705768 0.0051333 0.00282896 0.00498845 0.0146844 0.041946 0.10448
20 1.23437e-05 3.96982e-05 8.13786e-05 0.000106627 0.000271573 0.000220987 0.000302714 0.000560318 0.00417787 0.00234612 0.00450606 0.0141038 0.0413673 0.108466