1 8.42045e-05 0.000250586 0.000376155 0.000514954 0.000641278 0.000757143 0.000855877 0.000815514 0.000880981 0.000929595 0.000966444 0.000916322 0.000925149 0.000933291 0.000923642 0.000923294
2 9.08095e-05 0.000368865 0.000544191 0.000769737 0.00130196 0.00126718 0.00162448 0.00172389 0.00149749 0.0016293 0.00167164 0.00170581 0.00237621 0.00170999 0.00270774 0.00198424
3 7.32908e-05 0.000345431 0.00051552 0.000763499 0.00155296 0.00141685 0.00193359 0.00232307 0.00194906 0.00235163 0.00254488 0.00266807 0.00438418 0.00281161 0.00539633 0.00356606
4 6.10404e-05 0.000296922 0.000445508 0.000681822 0.00157568 0.00141171 0.00204252 0.00270635 0.00226805 0.00298376 0.00341524 0.003615 0.00657245 0.00409956 0.0086251 0.00553835
5 5.21693e-05 0.000245727 0.000371553 0.000568672 0.00141904 0.0012753 0.00197902 0.00285265 0.00242497 0.00345329 0.00419031 0.00444803 0.0086953 0.00548204 0.0120778 0.00778865
6 4.32985e-05 0.000193217 0.000294946 0.000438715 0.00116115 0.00104411 0.0018428 0.00284668 0.00247007 0.00379078 0.00488355 0.00518105 0.0107255 0.00697739 0.0156585 0.0103174
7 3.45876e-05 0.000150609 0.000222332 0.000339184 0.000976783 0.00086404 0.00168141 0.00274834 0.00243805 0.00401408 0.0054977 0.00581922 0.0126268 0.00858379 0.0192244 0.0130639
8 3.17765e-05 0.000133029 0.000186307 0.0002904 0.000846801 0.000730783 0.00151822 0.00259404 0.00234828 0.00412787 0.00601444 0.00634264 0.0143206 0.0102575 0.0225352 0.0158738
9 3.06201e-05 0.000124209 0.000172248 0.000264726 0.000753015 0.000634258 0.00136397 0.00240855 0.00221486 0.00413495 0.00640758 0.006727 0.0157163 0.0119236 0.0253308 0.0185363
10 2.97864e-05 0.000118607 0.000164873 0.000249366 0.000683896 0.000564913 0.00122565 0.00221315 0.00205319 0.00404618 0.0066623 0.00695965 0.0167587 0.0135176 0.027432 0.0208617
11 2.91003e-05 0.000114518 0.000159891 0.000238997 0.000632239 0.000515623 0.00110732 0.00202566 0.00188042 0.00388402 0.00678468 0.00705422 0.0174591 0.0150046 0.0288229 0.0227534
12 2.85515e-05 0.000111417 0.000156181 0.000231569 0.000593963 0.000480919 0.00101091 0.00185882 0.00171188 0.0036764 0.00679876 0.00703773 0.0178753 0.0163921 0.0296057 0.0242202
13 2.81349e-05 0.000109088 0.000153415 0.000226183 0.000565716 0.000456931 0.00093515 0.00171901 0.00155832 0.00344895 0.0067322 0.00694363 0.0180836 0.0177088 0.0299319 0.0253322
14 2.78186e-05 0.00010734 0.000151333 0.000222259 0.000545064 0.000440344 0.000877267 0.00160584 0.00142471 0.00321923 0.00660904 0.00679705 0.0181425 0.0189949 0.0299407 0.0261645
15 2.75796e-05 0.000106029 0.000149768 0.000219356 0.000529981 0.000428783 0.000833801 0.00151628 0.00131233 0.00299927 0.00644777 0.00662005 0.0181062 0.0202777 0.0297336 0.0267802
16 2.73955e-05 0.000105029 0.000148574 0.000217159 0.000518809 0.000420562 0.000801358 0.00144626 0.0012199 0.00279547 0.00626191 0.00642543 0.0180063 0.0215855 0.0293866 0.027231
17 2.7248e-05 0.00010424 0.00014763 0.000215434 0.000510317 0.000414514 0.000777032 0.00139168 0.00114501 0.00261024 0.00606057 0.00622143 0.0178622 0.0229362 0.0289426 0.0275441
18 2.71255e-05 0.000103595 0.000146856 0.000214028 0.000503659 0.000409884 0.000758562 0.00134886 0.00108482 0.00244461 0.00585021 0.00601357 0.0176866 0.0243425 0.0284276 0.0277363
19 2.70194e-05 0.000103043 0.000146196 0.000212834 0.000498249 0.000406169 0.000744235 0.00131481 0.00103663 0.00229798 0.00563517 0.00580533 0.0174875 0.0258129 0.0278629 0.0278172
20 2.69238e-05 0.000102553 0.00014561 0.000211779 0.000493703 0.000403044 0.000732804 0.0012872 0.00099804 0.00216888 0.00541879 0.00559902 0.0172694 0.0273533 0.0272576 0.0277921