1 2.99412e-05 8.95916e-05 0.000154101 0.000237489 0.000306963 0.00036348 0.000462812 0.00055312 0.000625208 0.000583349 0.000640061 0.00069415 0.00073597 0.000771904
2 4.16721e-05 0.000138608 0.000294296 0.000379454 0.000808327 0.000783687 0.00104527 0.00127552 0.00145406 0.00138365 0.00166622 0.00173691 0.00221981 0.00201541
3 4.23055e-05 0.000148975 0.000365406 0.000448126 0.00131152 0.00119298 0.00170742 0.0022726 0.00277252 0.00255523 0.00315172 0.0032678 0.00414277 0.00378881
4 4.06463e-05 0.000145908 0.000387148 0.000473461 0.00172943 0.00156493 0.00240379 0.00351465 0.00456899 0.00392428 0.00481772 0.00527157 0.00673703 0.00630183
5 3.42248e-05 0.000122851 0.000337994 0.000414984 0.00178231 0.00167399 0.00274421 0.0043832 0.00603152 0.00490381 0.00623943 0.00700892 0.00838114 0.00784405
6 2.84947e-05 0.000100443 0.000271733 0.000329435 0.00155407 0.0015273 0.00266928 0.00466568 0.00684292 0.00535509 0.00696174 0.00781874 0.00867697 0.00871764
7 2.58801e-05 8.93732e-05 0.000229681 0.000273369 0.00130674 0.00131167 0.00243517 0.00466833 0.00733318 0.00554644 0.00730904 0.00809915 0.00907393 0.00975647
8 2.43714e-05 8.30448e-05 0.000203787 0.000240695 0.00109905 0.00109519 0.00214333 0.00451535 0.0076038 0.00555491 0.00740541 0.00810274 0.00954405 0.0109647
9 2.33111e-05 7.88019e-05 0.000187243 0.000221553 0.000938046 0.00090907 0.00184537 0.0042641 0.00770963 0.00543982 0.00734744 0.00803142 0.0100781 0.0123447
10 2.24325e-05 7.54398e-05 0.000175444 0.000208803 0.000814936 0.000760322 0.00156402 0.00394049 0.00767505 0.00522547 0.00717569 0.00798458 0.0106681 0.0139141
11 2.16038e-05 7.23655e-05 0.00016578 0.000198522 0.000719325 0.00064536 0.00130993 0.00355642 0.00749013 0.00491672 0.00689846 0.00795603 0.0113136 0.0157325
12 2.0771e-05 6.933e-05 0.000156963 0.000189017 0.00064436 0.000557186 0.00109087 0.00312434 0.007138 0.00451577 0.00651589 0.00794272 0.0120196 0.0178501
13 1.98904e-05 6.61643e-05 0.000148255 0.000179459 0.000581533 0.000488397 0.000906601 0.00266103 0.00660284 0.00405207 0.0060253 0.00794098 0.0127948 0.0203404
14 1.89334e-05 6.27645e-05 0.000139082 0.000170099 0.000524739 0.00043226 0.000753351 0.0021931 0.00604688 0.00365442 0.00560864 0.00794354 0.0136491 0.0233096
15 1.7919e-05 5.91684e-05 0.00012873 0.000159788 0.000467901 0.000381798 0.000623323 0.00180943 0.00553023 0.00330681 0.00524526 0.00795321 0.0145922 0.0268956
16 1.671e-05 5.49429e-05 0.000117902 0.000147818 0.000424809 0.000342146 0.000538342 0.00149508 0.00502328 0.00298645 0.00490293 0.00798286 0.0156253 0.0312222
17 1.57408e-05 5.14889e-05 0.000111155 0.000138639 0.00039613 0.000319481 0.000483403 0.00123097 0.00449657 0.00267164 0.00454429 0.00804066 0.0167675 0.0363611
18 1.52775e-05 4.97882e-05 0.000106478 0.000134147 0.000370894 0.000302782 0.000443936 0.0010047 0.00392627 0.002343 0.00413114 0.00811137 0.0179329 0.0422422
19 1.46783e-05 4.776e-05 0.000101038 0.000129062 0.000342472 0.000284652 0.000407907 0.00081017 0.00332549 0.00200512 0.00381308 0.00820655 0.0189477 0.0485681
20 1.40984e-05 4.5773e-05 9.64801e-05 0.000123539 0.000334705 0.000270345 0.000382733 0.000685379 0.00290001 0.00177083 0.00358562 0.00832569 0.0197444 0.0548812