1 3.74522e-05 0.000111854 0.000191839 0.000291751 0.000373733 0.000433558 0.000537499 0.000614895 0.000661947 0.00058895 0.000609761 0.000627567 0.000635669 0.000642423
2 4.71603e-05 0.000158772 0.000343376 0.000430678 0.000923097 0.000855066 0.00108408 0.00123129 0.00128901 0.0011217 0.00125187 0.00122835 0.00157308 0.00139066
3 4.60793e-05 0.000164877 0.000416778 0.000496694 0.00147397 0.00125608 0.00163878 0.00193945 0.00208241 0.00173978 0.00203523 0.0020505 0.0027402 0.00242577
4 4.15814e-05 0.000151786 0.000420061 0.000498068 0.00186508 0.00156605 0.00210897 0.00260114 0.00289817 0.00233938 0.00288895 0.00309724 0.00443792 0.00401409
5 3.47478e-05 0.000125874 0.000360133 0.000428122 0.00191564 0.0016318 0.00227524 0.0030318 0.00379289 0.00309652 0.00413985 0.00470073 0.00694158 0.0066346
6 2.78104e-05 9.8695e-05 0.000275008 0.000323262 0.00171185 0.00151787 0.00234343 0.00361409 0.00505833 0.00414002 0.00592011 0.00710502 0.0105209 0.0107417
7 2.37586e-05 8.23568e-05 0.000220934 0.000253475 0.00150605 0.00137094 0.00233082 0.00412764 0.00642496 0.00522088 0.0078425 0.00988331 0.0142545 0.0154399
8 2.10003e-05 7.13001e-05 0.000180707 0.000205783 0.00122339 0.00112783 0.00209313 0.00424704 0.00732395 0.00584085 0.0090927 0.0118941 0.0168636 0.0189743
9 1.90484e-05 6.37164e-05 0.000153052 0.000176583 0.000958353 0.000871952 0.00174316 0.00403278 0.00769094 0.00598483 0.00960479 0.0129706 0.0182691 0.0211941
10 1.80024e-05 5.95915e-05 0.000137553 0.000161881 0.000766287 0.000671193 0.00140926 0.00367941 0.00776643 0.0058879 0.00971371 0.0137782 0.018948 0.0229769
11 1.75291e-05 5.77068e-05 0.000128944 0.000156109 0.000637776 0.000533075 0.00113026 0.0032831 0.00767554 0.0056611 0.00968337 0.0144676 0.0192033 0.0245611
12 1.72857e-05 5.675e-05 0.000124801 0.000153206 0.000553453 0.000445887 0.000913632 0.00288522 0.00748132 0.00540405 0.0095905 0.0150796 0.0192198 0.0260252
13 1.70941e-05 5.60438e-05 0.000122297 0.000151156 0.000498716 0.000396303 0.000755972 0.00250686 0.00721727 0.00512936 0.00945208 0.0156569 0.0190855 0.0274119
14 1.69207e-05 5.54233e-05 0.000120423 0.000149423 0.000463622 0.000368503 0.00064942 0.002161 0.00690234 0.00484313 0.00927774 0.0162102 0.018876 0.028738
15 1.67554e-05 5.48477e-05 0.000118793 0.000147951 0.000440651 0.000352222 0.00057855 0.00185374 0.00654937 0.0045489 0.00907201 0.0167437 0.0186685 0.0300115
16 1.66072e-05 5.43247e-05 0.000117246 0.000146519 0.000424279 0.00034165 0.000532326 0.00158563 0.00616839 0.00424893 0.00883553 0.0172544 0.0184602 0.0312283
17 1.64589e-05 5.38049e-05 0.000115734 0.000145083 0.000411567 0.000333856 0.00050167 0.00135679 0.00576524 0.00394656 0.00857022 0.0177403 0.0182499 0.03242
18 1.6309e-05 5.32806e-05 0.000114242 0.000143636 0.000400934 0.000327404 0.000480426 0.00116602 0.00534647 0.00364487 0.00827794 0.0181977 0.0180349 0.0336873
19 1.61525e-05 5.27356e-05 0.000112819 0.000142138 0.000391674 0.000321525 0.000464588 0.00100914 0.00491741 0.00334653 0.00795738 0.0186173 0.0178063 0.0350186
20 1.59929e-05 5.218e-05 0.000111402 0.000140614 0.000383221 0.000315939 0.000451869 0.000883239 0.00448448 0.00305536 0.0076103 0.0189928 0.0175582 0.0364056