1 6.75859e-05 0.000201393 0.000301732 0.0004125 0.00051545 0.000601001 0.000674038 0.000637227 0.000671506 0.000696728 0.000708658 0.000675696 0.000741921 0.000783197 0.000837358 0.000859284
2 8.13822e-05 0.000327848 0.00045468 0.00066759 0.00116237 0.00108327 0.00139586 0.00154127 0.0012553 0.00147543 0.00153707 0.00159594 0.00238879 0.00170167 0.00294641 0.0021898
3 6.76867e-05 0.000328562 0.00042868 0.000729591 0.00163347 0.00144227 0.00214863 0.00268693 0.00207823 0.00265073 0.00288147 0.00304689 0.00521266 0.00333477 0.00660982 0.0045139
4 5.61955e-05 0.000286665 0.000368223 0.000677012 0.00180464 0.00158652 0.00264947 0.0035388 0.00272944 0.00368007 0.004164 0.00431799 0.00814329 0.00524494 0.0114293 0.00793014
5 4.78586e-05 0.000241994 0.000306626 0.000591009 0.00182309 0.00162812 0.00307895 0.00444057 0.00352021 0.00512635 0.00616247 0.00641188 0.0128786 0.00880668 0.0196369 0.0144035
6 4.94372e-05 0.000236026 0.000307144 0.000570687 0.0018886 0.00173257 0.00360677 0.00545481 0.00457039 0.00705572 0.00894903 0.0090732 0.0183781 0.0137734 0.0288306 0.0227128
7 4.38393e-05 0.000203542 0.000272971 0.000486331 0.00165433 0.00157157 0.00352686 0.00547624 0.0049426 0.00796368 0.0105539 0.0101419 0.019795 0.0164262 0.0296504 0.0247416
8 4.04805e-05 0.000180537 0.000246923 0.000419184 0.00141306 0.00136491 0.00325135 0.00515616 0.00501414 0.00840147 0.0115847 0.010452 0.0193897 0.0177998 0.0286021 0.0251657
9 3.95245e-05 0.000170518 0.000235851 0.00038419 0.00125387 0.00120626 0.00300115 0.00485364 0.00505967 0.008809 0.0126092 0.0106405 0.0186971 0.0190106 0.0273486 0.0253496
10 3.92341e-05 0.000166297 0.000231412 0.000366923 0.00115321 0.0010915 0.00279317 0.00459821 0.00510845 0.00923723 0.0137064 0.0107862 0.017923 0.0202198 0.0261054 0.0254684
11 3.90782e-05 0.00016427 0.000229329 0.000358048 0.00108828 0.00100868 0.00261998 0.00438116 0.00515717 0.00968572 0.0148717 0.0108863 0.0170878 0.0214355 0.0248878 0.0255224
12 3.89565e-05 0.000163095 0.000228123 0.000353139 0.00104539 0.000948971 0.00247619 0.00419629 0.00520407 0.0101489 0.0161066 0.010936 0.0162106 0.0226616 0.0237023 0.0255079
13 3.88437e-05 0.000162246 0.000227229 0.000350075 0.00101613 0.000905631 0.00235621 0.00403713 0.00524806 0.0106211 0.0174046 0.0109322 0.0153069 0.0239017 0.0225512 0.0255584
14 3.86968e-05 0.000161365 0.000226236 0.000347531 0.000994286 0.000872933 0.00225298 0.0038943 0.00528154 0.0110903 0.0187394 0.0108617 0.0143744 0.025126 0.0214176 0.0257632
15 3.85085e-05 0.000160322 0.000225006 0.000344908 0.000976117 0.000846971 0.00216169 0.00376306 0.00529778 0.0115405 0.0200892 0.0107176 0.0134214 0.0263046 0.020292 0.0261062
16 3.82985e-05 0.000159196 0.000223611 0.000342128 0.00096026 0.000825494 0.00207998 0.00364034 0.00529572 0.0119616 0.0214345 0.0105034 0.0124676 0.0274265 0.0191816 0.0265828
17 3.80861e-05 0.000158033 0.000222126 0.000339223 0.000945698 0.000807063 0.00200623 0.00352395 0.00527484 0.0123491 0.0227596 0.0102255 0.0115322 0.0284822 0.0180946 0.0271755
18 3.78714e-05 0.000156837 0.00022064 0.000336338 0.000931875 0.000790924 0.00193898 0.00341276 0.00523455 0.0126985 0.0240587 0.00989292 0.0106728 0.0294649 0.0170422 0.0278683
19 3.7642e-05 0.000155573 0.000219072 0.000333344 0.000918217 0.000776125 0.00187651 0.003305 0.00517321 0.0129996 0.0253096 0.00951224 0.00990296 0.0303539 0.0161097 0.0286408
20 3.73862e-05 0.000154189 0.00021734 0.000330101 0.000904136 0.000761819 0.00181699 0.00319989 0.00508868 0.0132388 0.0264822 0.00908935 0.00920803 0.0311166 0.0152747 0.0294792