1 6.26053e-05 0.000187305 0.00028461 0.000396097 0.000504883 0.000615448 0.000724315 0.000723092 0.000814939 0.000903026 0.000985626 0.000992276 0.00107505 0.00114453 0.00119723 0.00123129
2 8.10001e-05 0.000324363 0.000465945 0.00069535 0.00125729 0.00126556 0.00177145 0.00212478 0.00195602 0.00233907 0.0025442 0.00258312 0.00345701 0.00261234 0.00366745 0.00280644
3 8.31219e-05 0.000391479 0.000556489 0.00090124 0.00200447 0.00194426 0.0030295 0.00381231 0.00339244 0.00413988 0.00451223 0.00427084 0.00629768 0.00440495 0.00691389 0.00480829
4 6.76496e-05 0.000345591 0.000501817 0.000858894 0.0022053 0.00220429 0.00371364 0.00470032 0.00430366 0.00529426 0.00596495 0.0054566 0.00822522 0.00564979 0.00852308 0.00616803
5 5.74422e-05 0.000289758 0.000425832 0.000740814 0.00208397 0.00218043 0.00390466 0.00491331 0.00467733 0.00583773 0.00683073 0.00593389 0.00868436 0.00635376 0.00982839 0.00728203
6 5.23036e-05 0.000250273 0.000369696 0.000630269 0.00188965 0.00202834 0.00385083 0.00480168 0.00476554 0.00603284 0.00732857 0.00597994 0.00866329 0.00699564 0.0113248 0.0087036
7 4.85616e-05 0.000222864 0.000329325 0.000543797 0.00166866 0.00181775 0.00361889 0.00447783 0.00463535 0.00596616 0.00749845 0.00573519 0.00876303 0.007599 0.0130541 0.0104748
8 4.51234e-05 0.000200931 0.000296025 0.000472929 0.00144159 0.00156787 0.00324109 0.0040106 0.00430957 0.0056425 0.00735244 0.00530602 0.00895014 0.00824263 0.0150392 0.0126682
9 4.17011e-05 0.000180482 0.00026572 0.000411048 0.00122142 0.00130035 0.00276371 0.00343812 0.00381787 0.00506717 0.0068597 0.00485275 0.00918677 0.00903896 0.0172994 0.0153686
10 3.80894e-05 0.00015958 0.000235962 0.000353353 0.00101208 0.00103508 0.00223417 0.00279834 0.00319142 0.00443322 0.00639047 0.00448421 0.00944989 0.01003 0.0198536 0.0186793
11 3.40651e-05 0.000138306 0.000205086 0.000299477 0.000812259 0.000787554 0.00169917 0.00221059 0.00260058 0.00387365 0.00595051 0.00418389 0.00974028 0.0112426 0.0227727 0.0227519
12 2.97766e-05 0.000117312 0.000173995 0.000249273 0.000645181 0.000590592 0.00129534 0.00180559 0.00211805 0.00334846 0.00546162 0.00392222 0.00998542 0.0126294 0.0258259 0.0274896
13 2.70121e-05 0.000105128 0.000151163 0.00022018 0.000548712 0.000480185 0.00102459 0.0015008 0.00170674 0.00282656 0.00487277 0.0036655 0.0100824 0.0141047 0.028668 0.0324956
14 2.5843e-05 9.81931e-05 0.000141526 0.000204096 0.000481473 0.000412214 0.000833008 0.00128825 0.00135522 0.00235485 0.00427906 0.00339075 0.00995473 0.0154649 0.0307913 0.037306
15 2.47746e-05 9.25686e-05 0.000134584 0.000191856 0.000435857 0.000366969 0.000704741 0.00115976 0.00110369 0.00200406 0.00376161 0.00310563 0.00957957 0.0165601 0.0319589 0.0414028
16 2.39134e-05 8.82102e-05 0.00012922 0.000182583 0.000415546 0.000339613 0.000632873 0.00107891 0.000936252 0.00173609 0.00331175 0.00283138 0.00905584 0.0173903 0.0322749 0.0448306
17 2.33607e-05 8.71785e-05 0.000125375 0.00017831 0.000406778 0.000329058 0.000592967 0.00102738 0.000826257 0.00153323 0.00293173 0.00258676 0.00846647 0.0180111 0.0319523 0.0477842
18 2.34318e-05 8.73011e-05 0.000123132 0.000177982 0.00040374 0.000325838 0.000571733 0.00099526 0.000755881 0.00138275 0.00261509 0.0023772 0.00790248 0.0184709 0.0312179 0.0504496
19 2.35597e-05 8.77798e-05 0.000123358 0.000178719 0.000403527 0.000325713 0.000561249 0.000975849 0.00071203 0.00127329 0.00235413 0.00220255 0.00738779 0.0188162 0.0302782 0.052948
20 2.36734e-05 8.82713e-05 0.000123988 0.000179622 0.000404481 0.0003267 0.000556616 0.00096422 0.000685197 0.00119429 0.00213983 0.00205865 0.00692754 0.019103 0.0292129 0.0553172