1 2.06407e-05 6.14265e-05 0.000105244 0.000161614 0.000206544 0.000244691 0.000311223 0.000371845 0.000420349 0.000390858 0.000426568 0.000460539 0.0004833 0.000505809
2 2.68594e-05 8.74056e-05 0.000177343 0.000234915 0.0004597 0.000454881 0.000595191 0.000702612 0.00076284 0.000740928 0.00089981 0.000894952 0.0012282 0.00105176
3 2.94617e-05 9.92473e-05 0.000220989 0.000273043 0.000695963 0.000619821 0.000844741 0.00104164 0.00118178 0.00114285 0.00147328 0.0014891 0.00220486 0.00191563
4 2.77827e-05 9.50043e-05 0.00022281 0.00026721 0.000812324 0.000687011 0.000980831 0.00129491 0.0016201 0.00159329 0.00225741 0.00246816 0.00383103 0.00354615
5 2.44207e-05 8.37194e-05 0.000204466 0.000238703 0.000864567 0.000708764 0.00108407 0.00159551 0.00222065 0.00221412 0.00337353 0.00398306 0.0061376 0.00615043
6 2.43782e-05 8.26812e-05 0.000199978 0.000231885 0.000900579 0.000728275 0.00117294 0.00190351 0.00293729 0.0029195 0.00469413 0.00594868 0.00907418 0.00983189
7 2.39512e-05 8.09516e-05 0.000191946 0.000226813 0.000887931 0.000713309 0.00119883 0.00217235 0.00378619 0.0037976 0.00654753 0.0090107 0.0136585 0.0159517
8 2.21272e-05 7.46283e-05 0.000174651 0.000209012 0.000822235 0.000661274 0.0011619 0.00234924 0.0046228 0.00464718 0.00855772 0.0128905 0.0194546 0.0243186
9 1.95703e-05 6.56127e-05 0.000151861 0.000182047 0.000696381 0.000560552 0.00100855 0.00224624 0.00498609 0.00503111 0.00993177 0.0163744 0.0243978 0.0323911
10 1.7714e-05 5.88021e-05 0.000132525 0.00016118 0.000570656 0.000459058 0.000820426 0.00196585 0.00492433 0.00499482 0.0105544 0.0190523 0.0277302 0.038818
11 1.66614e-05 5.48409e-05 0.0001204 0.000149108 0.000478887 0.00038667 0.0006644 0.00164506 0.00462823 0.00472211 0.0106664 0.0211031 0.0297903 0.0445617
12 1.59659e-05 5.22804e-05 0.000112713 0.000141686 0.000416979 0.000340389 0.000552542 0.00134425 0.00420369 0.0043183 0.0104183 0.0226188 0.0309034 0.05001
13 1.54637e-05 5.04649e-05 0.000107346 0.00013645 0.000375499 0.000311429 0.000477829 0.00108801 0.00372044 0.00385027 0.00991374 0.0236551 0.031525 0.0550539
14 1.5051e-05 4.90078e-05 0.000103238 0.000132411 0.000347522 0.000292353 0.000429661 0.000884213 0.00322729 0.00336732 0.00923909 0.0242526 0.0317173 0.0596502
15 1.47143e-05 4.78289e-05 0.00010004 0.000129179 0.000329211 0.000279135 0.000398797 0.000731371 0.00275904 0.00290472 0.0084715 0.0244882 0.0315764 0.0638667
16 1.4441e-05 4.68757e-05 9.75096e-05 0.000126567 0.000317112 0.000269568 0.000379074 0.000622838 0.00233778 0.00248435 0.0076783 0.02443 0.0312054 0.0677973
17 1.42155e-05 4.6092e-05 9.5451e-05 0.000124425 0.000308806 0.000263174 0.00036648 0.000549143 0.00197119 0.00211529 0.00690218 0.0241626 0.0306687 0.071534
18 1.40212e-05 4.54208e-05 9.41312e-05 0.000122596 0.000302903 0.00025902 0.000358281 0.000500944 0.00165969 0.00179887 0.00616645 0.0237276 0.0300056 0.0751171
19 1.38823e-05 4.48741e-05 9.33485e-05 0.000120971 0.000298639 0.000256137 0.000352695 0.000470298 0.00139997 0.00153367 0.00548564 0.0231594 0.0292555 0.0786074
20 1.38264e-05 4.46564e-05 9.28217e-05 0.000119943 0.000295497 0.00025406 0.000348745 0.000451029 0.00118667 0.00131357 0.00486572 0.0224816 0.0284385 0.0820335