t(s)	a(g)
0	0.0000
0.005	-0.0007
0.01	-0.0007
0.015	-0.0007
0.02	-0.0007
0.025	-0.0010
0.03	-0.0010
0.035	-0.0010
0.04	-0.0010
0.045	-0.0010
0.05	-0.0010
0.055	-0.0010
0.06	-0.0010
0.065	-0.0010
0.07	-0.0010
0.075	-0.0065
0.08	-0.0065
0.085	-0.0065
0.09	-0.0065
0.095	-0.0065
0.1	-0.0065
0.105	-0.0065
0.11	-0.0065
0.115	-0.0065
0.12	-0.0065
0.125	-0.0065
0.13	-0.0065
0.135	-0.0065
0.14	-0.0065
0.145	-0.0065
0.15	-0.0064
0.155	-0.0065
0.16	-0.0064
0.165	-0.0064
0.17	-0.0065
0.175	-0.0065
0.18	-0.0064
0.185	-0.0064
0.19	-0.0064
0.195	-0.0064
0.2	-0.0064
0.205	-0.0064
0.21	-0.0064
0.215	-0.0064
0.22	-0.0064
0.225	-0.0064
0.23	-0.0064
0.235	-0.0064
0.24	-0.0064
0.245	-0.0064
0.25	-0.0064
0.255	-0.0064
0.26	-0.0063
0.265	-0.0063
0.27	-0.0063
0.275	-0.0063
0.28	-0.0063
0.285	-0.0063
0.29	-0.0063
0.295	-0.0063
0.3	-0.0063
0.305	-0.0063
0.31	-0.0063
0.315	-0.0063
0.32	-0.0063
0.325	-0.0063
0.33	-0.0063
0.335	-0.0063
0.34	-0.0063
0.345	-0.0063
0.35	-0.0063
0.355	-0.0063
0.36	-0.0063
0.365	-0.0062
0.37	-0.0062
0.375	-0.0063
0.38	-0.0062
0.385	-0.0062
0.39	-0.0062
0.395	-0.0063
0.4	-0.0062
0.405	-0.0062
0.41	-0.0062
0.415	-0.0062
0.42	-0.0062
0.425	-0.0062
0.43	-0.0062
0.435	-0.0062
0.44	-0.0062
0.445	-0.0062
0.45	-0.0062
0.455	-0.0062
0.46	-0.0062
0.465	-0.0062
0.47	-0.0062
0.475	-0.0062
0.48	-0.0062
0.485	-0.0062
0.49	-0.0062
0.495	-0.0062
0.5	-0.0062
0.505	-0.0061
0.51	-0.0061
0.515	-0.0062
0.52	-0.0062
0.525	-0.0061
0.53	-0.0061
0.535	-0.0061
0.54	-0.0061
0.545	-0.0061
0.55	-0.0061
0.555	-0.0061
0.56	-0.0061
0.565	-0.0061
0.57	-0.0062
0.575	-0.0062
0.58	-0.0061
0.585	-0.0061
0.59	-0.0060
0.595	-0.0059
0.6	-0.0058
0.605	-0.0058
0.61	-0.0058
0.615	-0.0059
0.62	-0.0059
0.625	-0.0059
0.63	-0.0060
0.635	-0.0061
0.64	-0.0061
0.645	-0.0060
0.65	-0.0059
0.655	-0.0058
0.66	-0.0059
0.665	-0.0059
0.67	-0.0058
0.675	-0.0058
0.68	-0.0058
0.685	-0.0058
0.69	-0.0058
0.695	-0.0058
0.7	-0.0059
0.705	-0.0062
0.71	-0.0062
0.715	-0.0062
0.72	-0.0059
0.725	-0.0057
0.73	-0.0056
0.735	-0.0057
0.74	-0.0058
0.745	-0.0058
0.75	-0.0058
0.755	-0.0058
0.76	-0.0057
0.765	-0.0055
0.77	-0.0054
0.775	-0.0053
0.78	-0.0053
0.785	-0.0054
0.79	-0.0058
0.795	-0.0060
0.8	-0.0060
0.805	-0.0060
0.81	-0.0060
0.815	-0.0059
0.82	-0.0057
0.825	-0.0055
0.83	-0.0056
0.835	-0.0058
0.84	-0.0058
0.845	-0.0058
0.85	-0.0055
0.855	-0.0053
0.86	-0.0051
0.865	-0.0051
0.87	-0.0053
0.875	-0.0054
0.88	-0.0057
0.885	-0.0062
0.89	-0.0064
0.895	-0.0065
0.9	-0.0065
0.905	-0.0063
0.91	-0.0057
0.915	-0.0051
0.92	-0.0049
0.925	-0.0053
0.93	-0.0057
0.935	-0.0054
0.94	-0.0051
0.945	-0.0049
0.95	-0.0050
0.955	-0.0050
0.96	-0.0049
0.965	-0.0047
0.97	-0.0047
0.975	-0.0051
0.98	-0.0058
0.985	-0.0066
0.99	-0.0064
0.995	-0.0056
1	-0.0051
1.005	-0.0047
1.01	-0.0046
1.015	-0.0046
1.02	-0.0048
1.025	-0.0051
1.03	-0.0051
1.035	-0.0048
1.04	-0.0042
1.045	-0.0039
1.05	-0.0039
1.055	-0.0046
1.06	-0.0054
1.065	-0.0062
1.07	-0.0062
1.075	-0.0060
1.08	-0.0058
1.085	-0.0056
1.09	-0.0056
1.095	-0.0055
1.1	-0.0051
1.105	-0.0042
1.11	-0.0040
1.115	-0.0045
1.12	-0.0049
1.125	-0.0047
1.13	-0.0046
1.135	-0.0046
1.14	-0.0051
1.145	-0.0060
1.15	-0.0067
1.155	-0.0069
1.16	-0.0070
1.165	-0.0070
1.17	-0.0068
1.175	-0.0067
1.18	-0.0062
1.185	-0.0043
1.19	-0.0012
1.195	0.0008
1.2	0.0009
1.205	0.0002
1.21	-0.0020
1.215	-0.0050
1.22	-0.0075
1.225	-0.0089
1.23	-0.0094
1.235	-0.0089
1.24	-0.0082
1.245	-0.0075
1.25	-0.0058
1.255	-0.0030
1.26	-0.0006
1.265	0.0000
1.27	-0.0006
1.275	-0.0015
1.28	-0.0026
1.285	-0.0040
1.29	-0.0054
1.295	-0.0068
1.3	-0.0077
1.305	-0.0077
1.31	-0.0077
1.315	-0.0083
1.32	-0.0082
1.325	-0.0067
1.33	-0.0044
1.335	-0.0023
1.34	-0.0006
1.345	0.0005
1.35	0.0006
1.355	0.0002
1.36	-0.0009
1.365	-0.0028
1.37	-0.0054
1.375	-0.0088
1.38	-0.0111
1.385	-0.0105
1.39	-0.0084
1.395	-0.0073
1.4	-0.0055
1.405	-0.0013
1.41	0.0032
1.415	0.0051
1.42	0.0044
1.425	0.0032
1.43	0.0020
1.435	0.0003
1.44	-0.0029
1.445	-0.0075
1.45	-0.0114
1.455	-0.0124
1.46	-0.0099
1.465	-0.0064
1.47	-0.0043
1.475	-0.0041
1.48	-0.0044
1.485	-0.0043
1.49	-0.0040
1.495	-0.0035
1.5	-0.0016
1.505	0.0003
1.51	0.0002
1.515	-0.0009
1.52	-0.0015
1.525	-0.0027
1.53	-0.0054
1.535	-0.0075
1.54	-0.0077
1.545	-0.0074
1.55	-0.0077
1.555	-0.0067
1.56	-0.0030
1.565	0.0023
1.57	0.0052
1.575	0.0039
1.58	0.0007
1.585	-0.0013
1.59	-0.0012
1.595	-0.0017
1.6	-0.0042
1.605	-0.0077
1.61	-0.0109
1.615	-0.0126
1.62	-0.0111
1.625	-0.0078
1.63	-0.0055
1.635	-0.0047
1.64	-0.0047
1.645	-0.0054
1.65	-0.0061
1.655	-0.0043
1.66	-0.0012
1.665	0.0013
1.67	0.0027
1.675	0.0029
1.68	0.0021
1.685	0.0013
1.69	0.0017
1.695	0.0024
1.7	0.0029
1.705	0.0030
1.71	0.0017
1.715	-0.0015
1.72	-0.0053
1.725	-0.0085
1.73	-0.0103
1.735	-0.0085
1.74	-0.0039
1.745	-0.0007
1.75	-0.0020
1.755	-0.0071
1.76	-0.0129
1.765	-0.0144
1.77	-0.0083
1.775	0.0008
1.78	0.0059
1.785	0.0081
1.79	0.0108
1.795	0.0124
1.8	0.0087
1.805	0.0008
1.81	-0.0077
1.815	-0.0133
1.82	-0.0107
1.825	-0.0003
1.83	0.0110
1.835	0.0159
1.84	0.0104
1.845	-0.0028
1.85	-0.0150
1.855	-0.0197
1.86	-0.0178
1.865	-0.0156
1.87	-0.0148
1.875	-0.0123
1.88	-0.0066
1.885	0.0015
1.89	0.0060
1.895	0.0016
1.9	-0.0068
1.905	-0.0070
1.91	0.0014
1.915	0.0089
1.92	0.0096
1.925	0.0059
1.93	0.0025
1.935	0.0016
1.94	0.0018
1.945	0.0013
1.95	0.0008
1.955	0.0034
1.96	0.0097
1.965	0.0169
1.97	0.0189
1.975	0.0109
1.98	-0.0081
1.985	-0.0276
1.99	-0.0324
1.995	-0.0227
2	-0.0094
2.005	-0.0009
2.01	0.0011
2.015	0.0002
2.02	-0.0022
2.025	-0.0064
2.03	-0.0098
2.035	-0.0093
2.04	-0.0059
2.045	-0.0006
2.05	0.0065
2.055	0.0106
2.06	0.0065
2.065	-0.0041
2.07	-0.0128
2.075	-0.0154
2.08	-0.0122
2.085	-0.0054
2.09	0.0026
2.095	0.0097
2.1	0.0149
2.105	0.0188
2.11	0.0202
2.115	0.0173
2.12	0.0085
2.125	-0.0049
2.13	-0.0158
2.135	-0.0159
2.14	-0.0091
2.145	-0.0086
2.15	-0.0186
2.155	-0.0249
2.16	-0.0175
2.165	-0.0052
2.17	-0.0009
2.175	-0.0041
2.18	-0.0024
2.185	0.0107
2.19	0.0242
2.195	0.0237
2.2	0.0156
2.205	0.0098
2.21	0.0055
2.215	0.0010
2.22	-0.0017
2.225	-0.0037
2.23	-0.0069
2.235	-0.0098
2.24	-0.0111
2.245	-0.0126
2.25	-0.0150
2.255	-0.0152
2.26	-0.0128
2.265	-0.0067
2.27	0.0072
2.275	0.0284
2.28	0.0453
2.285	0.0482
2.29	0.0386
2.295	0.0253
2.3	0.0147
2.305	0.0073
2.31	-0.0034
2.315	-0.0212
2.32	-0.0416
2.325	-0.0572
2.33	-0.0622
2.335	-0.0545
2.34	-0.0383
2.345	-0.0214
2.35	-0.0089
2.355	0.0034
2.36	0.0233
2.365	0.0468
2.37	0.0628
2.375	0.0636
2.38	0.0518
2.385	0.0354
2.39	0.0188
2.395	0.0004
2.4	-0.0188
2.405	-0.0353
2.41	-0.0539
2.415	-0.0758
2.42	-0.0879
2.425	-0.0778
2.43	-0.0467
2.435	-0.0073
2.44	0.0270
2.445	0.0487
2.45	0.0672
2.455	0.0852
2.46	0.0913
2.465	0.0791
2.47	0.0536
2.475	0.0213
2.48	-0.0129
2.485	-0.0412
2.49	-0.0610
2.495	-0.0832
2.5	-0.1078
2.505	-0.1153
2.51	-0.0921
2.515	-0.0421
2.52	0.0224
2.525	0.0854
2.53	0.1233
2.535	0.1266
2.54	0.1082
2.545	0.0821
2.55	0.0532
2.555	0.0224
2.56	-0.0076
2.565	-0.0325
2.57	-0.0485
2.575	-0.0604
2.58	-0.0725
2.585	-0.0811
2.59	-0.0782
2.595	-0.0573
2.6	-0.0223
2.605	0.0096
2.61	0.0262
2.615	0.0390
2.62	0.0631
2.625	0.0877
2.63	0.0934
2.635	0.0784
2.64	0.0533
2.645	0.0235
2.65	-0.0099
2.655	-0.0400
2.66	-0.0587
2.665	-0.0670
2.67	-0.0703
2.675	-0.0645
2.68	-0.0405
2.685	-0.0003
2.69	0.0373
2.695	0.0538
2.7	0.0605
2.705	0.0685
2.71	0.0683
2.715	0.0497
2.72	0.0210
2.725	-0.0061
2.73	-0.0282
2.735	-0.0469
2.74	-0.0605
2.745	-0.0628
2.75	-0.0447
2.755	-0.0127
2.76	0.0158
2.765	0.0336
2.77	0.0483
2.775	0.0654
2.78	0.0741
2.785	0.0618
2.79	0.0332
2.795	0.0036
2.8	-0.0131
2.805	-0.0151
2.81	-0.0129
2.815	-0.0151
2.82	-0.0189
2.825	-0.0179
2.83	-0.0110
2.835	-0.0035
2.84	0.0013
2.845	0.0088
2.85	0.0218
2.855	0.0317
2.86	0.0339
2.865	0.0377
2.87	0.0423
2.875	0.0305
2.88	-0.0023
2.885	-0.0424
2.89	-0.0758
2.895	-0.0921
2.9	-0.0806
2.905	-0.0421
2.91	0.0019
2.915	0.0306
2.92	0.0433
2.925	0.0491
2.93	0.0535
2.935	0.0538
2.94	0.0422
2.945	0.0205
2.95	0.0040
2.955	0.0015
2.96	0.0055
2.965	0.0029
2.97	-0.0095
2.975	-0.0229
2.98	-0.0245
2.985	-0.0107
2.99	0.0032
2.995	0.0066
3	0.0072
3.005	0.0156
3.01	0.0252
3.015	0.0224
3.02	0.0101
3.025	0.0043
3.03	0.0037
3.035	-0.0074
3.04	-0.0259
3.045	-0.0353
3.05	-0.0329
3.055	-0.0293
3.06	-0.0321
3.065	-0.0387
3.07	-0.0377
3.075	-0.0233
3.08	-0.0024
3.085	0.0144
3.09	0.0298
3.095	0.0534
3.1	0.0822
3.105	0.0939
3.11	0.0737
3.115	0.0398
3.12	0.0122
3.125	-0.0069
3.13	-0.0194
3.135	-0.0275
3.14	-0.0353
3.145	-0.0399
3.15	-0.0317
3.155	-0.0159
3.16	-0.0043
3.165	0.0067
3.17	0.0221
3.175	0.0328
3.18	0.0321
3.185	0.0271
3.19	0.0218
3.195	0.0137
3.2	0.0048
3.205	-0.0013
3.21	-0.0083
3.215	-0.0223
3.22	-0.0400
3.225	-0.0523
3.23	-0.0444
3.235	-0.0101
3.24	0.0294
3.245	0.0531
3.25	0.0578
3.255	0.0524
3.26	0.0422
3.265	0.0299
3.27	0.0186
3.275	0.0019
3.28	-0.0261
3.285	-0.0545
3.29	-0.0668
3.295	-0.0585
3.3	-0.0369
3.305	-0.0129
3.31	0.0060
3.315	0.0197
3.32	0.0308
3.325	0.0440
3.33	0.0578
3.335	0.0628
3.34	0.0522
3.345	0.0308
3.35	0.0056
3.355	-0.0205
3.36	-0.0411
3.365	-0.0466
3.37	-0.0437
3.375	-0.0444
3.38	-0.0464
3.385	-0.0408
3.39	-0.0260
3.395	-0.0038
3.4	0.0232
3.405	0.0460
3.41	0.0593
3.415	0.0658
3.42	0.0683
3.425	0.0623
3.43	0.0446
3.435	0.0172
3.44	-0.0132
3.445	-0.0323
3.45	-0.0396
3.455	-0.0474
3.46	-0.0612
3.465	-0.0681
3.47	-0.0526
3.475	-0.0182
3.48	0.0180
3.485	0.0429
3.49	0.0549
3.495	0.0602
3.5	0.0611
3.505	0.0572
3.51	0.0474
3.515	0.0313
3.52	0.0086
3.525	-0.0188
3.53	-0.0398
3.535	-0.0466
3.54	-0.0461
3.545	-0.0489
3.55	-0.0540
3.555	-0.0509
3.56	-0.0345
3.565	-0.0128
3.57	0.0015
3.575	0.0114
3.58	0.0234
3.585	0.0344
3.59	0.0367
3.595	0.0263
3.6	0.0062
3.605	-0.0164
3.61	-0.0359
3.615	-0.0497
3.62	-0.0561
3.625	-0.0529
3.63	-0.0450
3.635	-0.0411
3.64	-0.0394
3.645	-0.0274
3.65	0.0002
3.655	0.0292
3.66	0.0464
3.665	0.0528
3.67	0.0504
3.675	0.0373
3.68	0.0181
3.685	0.0038
3.69	-0.0010
3.695	-0.0024
3.7	-0.0103
3.705	-0.0274
3.71	-0.0447
3.715	-0.0488
3.72	-0.0392
3.725	-0.0301
3.73	-0.0261
3.735	-0.0133
3.74	0.0129
3.745	0.0379
3.75	0.0438
3.755	0.0309
3.76	0.0105
3.765	-0.0102
3.77	-0.0276
3.775	-0.0343
3.78	-0.0261
3.785	-0.0163
3.79	-0.0218
3.795	-0.0381
3.8	-0.0458
3.805	-0.0341
3.81	-0.0099
3.815	0.0111
3.82	0.0170
3.825	0.0176
3.83	0.0262
3.835	0.0381
3.84	0.0360
3.845	0.0152
3.85	-0.0106
3.855	-0.0280
3.86	-0.0351
3.865	-0.0313
3.87	-0.0186
3.875	-0.0073
3.88	-0.0055
3.885	-0.0070
3.89	-0.0028
3.895	0.0033
3.9	0.0015
3.905	-0.0075
3.91	-0.0133
3.915	-0.0104
3.92	0.0000
3.925	0.0097
3.93	0.0072
3.935	-0.0097
3.94	-0.0264
3.945	-0.0261
3.95	-0.0131
3.955	0.0022
3.96	0.0184
3.965	0.0305
3.97	0.0315
3.975	0.0273
3.98	0.0276
3.985	0.0268
3.99	0.0128
3.995	-0.0083
4	-0.0203
4.005	-0.0206
4.01	-0.0164
4.015	-0.0107
4.02	-0.0066
4.025	-0.0088
4.03	-0.0134
4.035	-0.0116
4.04	-0.0064
4.045	-0.0054
4.05	-0.0079
4.055	-0.0062
4.06	0.0042
4.065	0.0152
4.07	0.0111
4.075	-0.0063
4.08	-0.0245
4.085	-0.0396
4.09	-0.0521
4.095	-0.0553
4.1	-0.0428
4.105	-0.0203
4.11	-0.0014
4.115	0.0062
4.12	0.0122
4.125	0.0262
4.13	0.0384
4.135	0.0343
4.14	0.0156
4.145	-0.0009
4.15	-0.0041
4.155	-0.0018
4.16	-0.0073
4.165	-0.0186
4.17	-0.0246
4.175	-0.0225
4.18	-0.0207
4.185	-0.0248
4.19	-0.0291
4.195	-0.0249
4.2	-0.0153
4.205	-0.0066
4.21	0.0023
4.215	0.0138
4.22	0.0238
4.225	0.0264
4.23	0.0189
4.235	0.0054
4.24	-0.0003
4.245	0.0058
4.25	0.0133
4.255	0.0114
4.26	0.0021
4.265	-0.0070
4.27	-0.0135
4.275	-0.0129
4.28	-0.0001
4.285	0.0144
4.29	0.0152
4.295	0.0073
4.3	0.0084
4.305	0.0224
4.31	0.0366
4.315	0.0389
4.32	0.0253
4.325	0.0019
4.33	-0.0212
4.335	-0.0356
4.34	-0.0398
4.345	-0.0372
4.35	-0.0293
4.355	-0.0098
4.36	0.0199
4.365	0.0420
4.37	0.0501
4.375	0.0515
4.38	0.0521
4.385	0.0504
4.39	0.0446
4.395	0.0348
4.4	0.0204
4.405	0.0023
4.41	-0.0153
4.415	-0.0258
4.42	-0.0273
4.425	-0.0232
4.43	-0.0193
4.435	-0.0193
4.44	-0.0226
4.445	-0.0238
4.45	-0.0170
4.455	0.0033
4.46	0.0316
4.465	0.0486
4.47	0.0411
4.475	0.0171
4.48	-0.0043
4.485	-0.0111
4.49	-0.0110
4.495	-0.0192
4.5	-0.0376
4.505	-0.0516
4.51	-0.0473
4.515	-0.0253
4.52	-0.0023
4.525	0.0034
4.53	-0.0052
4.535	-0.0024
4.54	0.0223
4.545	0.0504
4.55	0.0549
4.555	0.0305
4.56	-0.0008
4.565	-0.0171
4.57	-0.0173
4.575	-0.0178
4.58	-0.0264
4.585	-0.0380
4.59	-0.0459
4.595	-0.0473
4.6	-0.0437
4.605	-0.0390
4.61	-0.0336
4.615	-0.0249
4.62	-0.0128
4.625	0.0009
4.63	0.0174
4.635	0.0331
4.64	0.0393
4.645	0.0316
4.65	0.0125
4.655	-0.0098
4.66	-0.0204
4.665	-0.0128
4.67	0.0006
4.675	0.0013
4.68	-0.0124
4.685	-0.0264
4.69	-0.0287
4.695	-0.0165
4.7	0.0002
4.705	0.0098
4.71	0.0103
4.715	0.0094
4.72	0.0175
4.725	0.0358
4.73	0.0533
4.735	0.0572
4.74	0.0453
4.745	0.0257
4.75	0.0054
4.755	-0.0122
4.76	-0.0263
4.765	-0.0364
4.77	-0.0430
4.775	-0.0479
4.78	-0.0457
4.785	-0.0279
4.79	-0.0002
4.795	0.0242
4.8	0.0410
4.805	0.0518
4.81	0.0510
4.815	0.0362
4.82	0.0208
4.825	0.0150
4.83	0.0107
4.835	-0.0044
4.84	-0.0280
4.845	-0.0448
4.85	-0.0458
4.855	-0.0368
4.86	-0.0292
4.865	-0.0283
4.87	-0.0276
4.875	-0.0184
4.88	0.0023
4.885	0.0317
4.89	0.0583
4.895	0.0653
4.9	0.0530
4.905	0.0434
4.91	0.0486
4.915	0.0492
4.92	0.0279
4.925	-0.0038
4.93	-0.0246
4.935	-0.0305
4.94	-0.0292
4.945	-0.0246
4.95	-0.0195
4.955	-0.0187
4.96	-0.0206
4.965	-0.0173
4.97	-0.0081
4.975	0.0004
4.98	0.0089
4.985	0.0212
4.99	0.0266
4.995	0.0159
5	-0.0007
5.005	-0.0055
5.01	-0.0011
5.015	-0.0062
5.02	-0.0260
5.025	-0.0418
5.03	-0.0407
5.035	-0.0347
5.04	-0.0383
5.045	-0.0452
5.05	-0.0384
5.055	-0.0161
5.06	0.0035
5.065	0.0072
5.07	0.0007
5.075	-0.0043
5.08	-0.0069
5.085	-0.0106
5.09	-0.0153
5.095	-0.0188
5.1	-0.0189
5.105	-0.0159
5.11	-0.0121
5.115	-0.0090
5.12	-0.0058
5.125	-0.0008
5.13	0.0059
5.135	0.0110
5.14	0.0109
5.145	0.0071
5.15	0.0022
5.155	-0.0073
5.16	-0.0227
5.165	-0.0338
5.17	-0.0333
5.175	-0.0267
5.18	-0.0227
5.185	-0.0171
5.19	-0.0010
5.195	0.0219
5.2	0.0411
5.205	0.0522
5.21	0.0570
5.215	0.0587
5.22	0.0597
5.225	0.0588
5.23	0.0516
5.235	0.0408
5.24	0.0332
5.245	0.0259
5.25	0.0163
5.255	0.0103
5.26	0.0082
5.265	0.0055
5.27	0.0084
5.275	0.0262
5.28	0.0476
5.285	0.0517
5.29	0.0403
5.295	0.0313
5.3	0.0288
5.305	0.0220
5.31	0.0108
5.315	0.0035
5.32	-0.0016
5.325	-0.0113
5.33	-0.0190
5.335	-0.0164
5.34	-0.0096
5.345	-0.0059
5.35	-0.0029
5.355	-0.0009
5.36	-0.0023
5.365	0.0018
5.37	0.0151
5.375	0.0238
5.38	0.0196
5.385	0.0120
5.39	0.0088
5.395	0.0038
5.4	-0.0051
5.405	-0.0095
5.41	-0.0104
5.415	-0.0163
5.42	-0.0268
5.425	-0.0365
5.43	-0.0425
5.435	-0.0460
5.44	-0.0457
5.445	-0.0366
5.45	-0.0193
5.455	-0.0010
5.46	0.0098
5.465	0.0076
5.47	-0.0058
5.475	-0.0219
5.48	-0.0269
5.485	-0.0159
5.49	-0.0099
5.495	-0.0273
5.5	-0.0561
5.505	-0.0722
5.51	-0.0748
5.515	-0.0769
5.52	-0.0758
5.525	-0.0598
5.53	-0.0358
5.535	-0.0182
5.54	-0.0025
5.545	0.0193
5.55	0.0418
5.555	0.0597
5.56	0.0756
5.565	0.0797
5.57	0.0586
5.575	0.0270
5.58	0.0020
5.585	-0.0210
5.59	-0.0452
5.595	-0.0561
5.6	-0.0413
5.605	-0.0125
5.61	0.0035
5.615	0.0000
5.62	0.0022
5.625	0.0248
5.63	0.0518
5.635	0.0668
5.64	0.0664
5.645	0.0516
5.65	0.0325
5.655	0.0261
5.66	0.0268
5.665	0.0163
5.67	-0.0009
5.675	-0.0014
5.68	0.0186
5.685	0.0353
5.69	0.0347
5.695	0.0271
5.7	0.0236
5.705	0.0202
5.71	0.0119
5.715	0.0022
5.72	-0.0051
5.725	-0.0080
5.73	-0.0043
5.735	0.0017
5.74	-0.0023
5.745	-0.0205
5.75	-0.0426
5.755	-0.0572
5.76	-0.0639
5.765	-0.0643
5.77	-0.0511
5.775	-0.0173
5.78	0.0247
5.785	0.0523
5.79	0.0579
5.795	0.0504
5.8	0.0410
5.805	0.0324
5.81	0.0216
5.815	0.0061
5.82	-0.0105
5.825	-0.0212
5.83	-0.0206
5.835	-0.0164
5.84	-0.0230
5.845	-0.0328
5.85	-0.0267
5.855	-0.0060
5.86	0.0060
5.865	0.0010
5.87	-0.0021
5.875	0.0092
5.88	0.0228
5.885	0.0201
5.89	-0.0059
5.895	-0.0425
5.9	-0.0623
5.905	-0.0482
5.91	-0.0233
5.915	-0.0232
5.92	-0.0450
5.925	-0.0512
5.93	-0.0245
5.935	0.0016
5.94	-0.0077
5.945	-0.0353
5.95	-0.0403
5.955	-0.0144
5.96	0.0192
5.965	0.0375
5.97	0.0340
5.975	0.0199
5.98	0.0108
5.985	0.0101
5.99	0.0064
5.995	-0.0016
6	0.0001
6.005	0.0149
6.01	0.0309
6.015	0.0399
6.02	0.0429
6.025	0.0419
6.03	0.0357
6.035	0.0220
6.04	0.0014
6.045	-0.0190
6.05	-0.0310
6.055	-0.0364
6.06	-0.0474
6.065	-0.0681
6.07	-0.0905
6.075	-0.1082
6.08	-0.1153
6.085	-0.1044
6.09	-0.0841
6.095	-0.0726
6.1	-0.0691
6.105	-0.0418
6.11	0.0261
6.115	0.0901
6.12	0.1133
6.125	0.1099
6.13	0.1135
6.135	0.1305
6.14	0.1388
6.145	0.1155
6.15	0.0623
6.155	0.0162
6.16	0.0093
6.165	0.0228
6.17	0.0193
6.175	0.0013
6.18	0.0061
6.185	0.0437
6.19	0.0774
6.195	0.0768
6.2	0.0696
6.205	0.0848
6.21	0.1049
6.215	0.0935
6.22	0.0457
6.225	-0.0088
6.23	-0.0363
6.235	-0.0338
6.24	-0.0388
6.245	-0.0713
6.25	-0.0964
6.255	-0.0729
6.26	-0.0162
6.265	0.0189
6.27	0.0081
6.275	-0.0171
6.28	-0.0223
6.285	-0.0118
6.29	-0.0027
6.295	-0.0016
6.3	-0.0100
6.305	-0.0234
6.31	-0.0285
6.315	-0.0234
6.32	-0.0203
6.325	-0.0155
6.33	0.0047
6.335	0.0308
6.34	0.0381
6.345	0.0287
6.35	0.0323
6.355	0.0627
6.36	0.0937
6.365	0.0935
6.37	0.0739
6.375	0.0544
6.38	0.0258
6.385	-0.0151
6.39	-0.0415
6.395	-0.0395
6.4	-0.0422
6.405	-0.0751
6.41	-0.1058
6.415	-0.0943
6.42	-0.0508
6.425	-0.0141
6.43	0.0007
6.435	0.0013
6.44	-0.0118
6.445	-0.0218
6.45	0.0051
6.455	0.0551
6.46	0.0644
6.465	0.0154
6.47	-0.0237
6.475	-0.0041
6.48	0.0361
6.485	0.0403
6.49	0.0183
6.495	0.0087
6.5	0.0163
6.505	0.0303
6.51	0.0523
6.515	0.0754
6.52	0.0778
6.525	0.0602
6.53	0.0474
6.535	0.0434
6.54	0.0313
6.545	0.0142
6.55	0.0112
6.555	0.0253
6.56	0.0415
6.565	0.0491
6.57	0.0435
6.575	0.0285
6.58	0.0156
6.585	0.0152
6.59	0.0248
6.595	0.0311
6.6	0.0281
6.605	0.0272
6.61	0.0354
6.615	0.0328
6.62	-0.0002
6.625	-0.0476
6.63	-0.0654
6.635	-0.0332
6.64	0.0180
6.645	0.0369
6.65	0.0218
6.655	0.0184
6.66	0.0415
6.665	0.0637
6.67	0.0795
6.675	0.1088
6.68	0.1488
6.685	0.1682
6.69	0.1444
6.695	0.0922
6.7	0.0465
6.705	0.0211
6.71	0.0109
6.715	0.0173
6.72	0.0417
6.725	0.0721
6.73	0.0891
6.735	0.0894
6.74	0.0936
6.745	0.1107
6.75	0.1163
6.755	0.0904
6.76	0.0527
6.765	0.0312
6.77	0.0214
6.775	0.0068
6.78	-0.0077
6.785	-0.0153
6.79	-0.0188
6.795	-0.0152
6.8	-0.0089
6.805	-0.0170
6.81	-0.0347
6.815	-0.0321
6.82	-0.0038
6.825	0.0186
6.83	0.0241
6.835	0.0328
6.84	0.0472
6.845	0.0441
6.85	0.0168
6.855	-0.0174
6.86	-0.0443
6.865	-0.0617
6.87	-0.0678
6.875	-0.0542
6.88	-0.0244
6.885	0.0032
6.89	0.0143
6.895	0.0168
6.9	0.0294
6.905	0.0493
6.91	0.0540
6.915	0.0399
6.92	0.0241
6.925	0.0201
6.93	0.0273
6.935	0.0302
6.94	0.0077
6.945	-0.0383
6.95	-0.0707
6.955	-0.0630
6.96	-0.0366
6.965	-0.0293
6.97	-0.0352
6.975	-0.0196
6.98	0.0229
6.985	0.0572
6.99	0.0598
6.995	0.0530
7	0.0578
7.005	0.0642
7.01	0.0594
7.015	0.0472
7.02	0.0402
7.025	0.0493
7.03	0.0661
7.035	0.0623
7.04	0.0258
7.045	-0.0242
7.05	-0.0546
7.055	-0.0532
7.06	-0.0432
7.065	-0.0454
7.07	-0.0486
7.075	-0.0361
7.08	-0.0136
7.085	0.0013
7.09	0.0036
7.095	0.0025
7.1	0.0006
7.105	-0.0069
7.11	-0.0105
7.115	-0.0028
7.12	-0.0047
7.125	-0.0303
7.13	-0.0522
7.135	-0.0417
7.14	-0.0062
7.145	0.0305
7.15	0.0594
7.155	0.0769
7.16	0.0744
7.165	0.0579
7.17	0.0499
7.175	0.0599
7.18	0.0698
7.185	0.0568
7.19	0.0308
7.195	0.0329
7.2	0.0744
7.205	0.1196
7.21	0.1287
7.215	0.1048
7.22	0.0861
7.225	0.0932
7.23	0.1157
7.235	0.1273
7.24	0.1092
7.245	0.0763
7.25	0.0571
7.255	0.0520
7.26	0.0403
7.265	0.0177
7.27	-0.0038
7.275	-0.0242
7.28	-0.0489
7.285	-0.0654
7.29	-0.0578
7.295	-0.0334
7.3	-0.0129
7.305	-0.0011
7.31	0.0136
7.315	0.0251
7.32	0.0101
7.325	-0.0284
7.33	-0.0650
7.335	-0.0857
7.34	-0.0999
7.345	-0.1224
7.35	-0.1530
7.355	-0.1684
7.36	-0.1469
7.365	-0.1137
7.37	-0.1086
7.375	-0.1329
7.38	-0.1494
7.385	-0.1348
7.39	-0.0957
7.395	-0.0441
7.4	0.0158
7.405	0.0636
7.41	0.0766
7.415	0.0706
7.42	0.0839
7.425	0.1176
7.43	0.1287
7.435	0.0918
7.44	0.0275
7.445	-0.0269
7.45	-0.0594
7.455	-0.0691
7.46	-0.0557
7.465	-0.0314
7.47	-0.0183
7.475	-0.0285
7.48	-0.0483
7.485	-0.0429
7.49	0.0024
7.495	0.0557
7.5	0.0751
7.505	0.0654
7.51	0.0658
7.515	0.0912
7.52	0.1206
7.525	0.1419
7.53	0.1653
7.535	0.1759
7.54	0.1370
7.545	0.0645
7.55	0.0217
7.555	0.0218
7.56	0.0006
7.565	-0.0568
7.57	-0.0693
7.575	-0.0077
7.58	0.0700
7.585	0.1119
7.59	0.1187
7.595	0.1104
7.6	0.0884
7.605	0.0531
7.61	0.0261
7.615	0.0264
7.62	0.0414
7.625	0.0525
7.63	0.0539
7.635	0.0368
7.64	-0.0083
7.645	-0.0653
7.65	-0.0977
7.655	-0.0932
7.66	-0.0693
7.665	-0.0394
7.67	-0.0147
7.675	-0.0262
7.68	-0.0842
7.685	-0.1318
7.69	-0.1045
7.695	-0.0206
7.7	0.0346
7.705	0.0230
7.71	-0.0111
7.715	-0.0088
7.72	0.0295
7.725	0.0592
7.73	0.0551
7.735	0.0431
7.74	0.0497
7.745	0.0463
7.75	0.0035
7.755	-0.0393
7.76	-0.0277
7.765	0.0269
7.77	0.0682
7.775	0.0758
7.78	0.0691
7.785	0.0549
7.79	0.0296
7.795	0.0098
7.8	0.0103
7.805	0.0146
7.81	0.0023
7.815	-0.0164
7.82	-0.0322
7.825	-0.0627
7.83	-0.1091
7.835	-0.1396
7.84	-0.1303
7.845	-0.0967
7.85	-0.0706
7.855	-0.0692
7.86	-0.0771
7.865	-0.0699
7.87	-0.0520
7.875	-0.0373
7.88	-0.0308
7.885	-0.0358
7.89	-0.0464
7.895	-0.0488
7.9	-0.0500
7.905	-0.0615
7.91	-0.0612
7.915	-0.0275
7.92	0.0175
7.925	0.0367
7.93	0.0290
7.935	0.0335
7.94	0.0578
7.945	0.0507
7.95	-0.0074
7.955	-0.0629
7.96	-0.0571
7.965	-0.0035
7.97	0.0277
7.975	0.0086
7.98	-0.0204
7.985	-0.0253
7.99	-0.0265
7.995	-0.0403
8	-0.0422
8.005	-0.0216
8.01	-0.0089
8.015	-0.0283
8.02	-0.0558
8.025	-0.0403
8.03	0.0267
8.035	0.0938
8.04	0.1176
8.045	0.1040
8.05	0.0729
8.055	0.0381
8.06	0.0112
8.065	-0.0084
8.07	-0.0344
8.075	-0.0673
8.08	-0.0883
8.085	-0.0848
8.09	-0.0653
8.095	-0.0463
8.1	-0.0319
8.105	-0.0147
8.11	0.0067
8.115	0.0223
8.12	0.0289
8.125	0.0375
8.13	0.0654
8.135	0.1116
8.14	0.1351
8.145	0.0932
8.15	0.0263
8.155	0.0274
8.16	0.0903
8.165	0.1066
8.17	0.0223
8.175	-0.0914
8.18	-0.1304
8.185	-0.0826
8.19	-0.0204
8.195	-0.0055
8.2	-0.0157
8.205	-0.0120
8.21	0.0036
8.215	0.0206
8.22	0.0413
8.225	0.0534
8.23	0.0234
8.235	-0.0387
8.24	-0.0584
8.245	-0.0249
8.25	0.0070
8.255	0.0261
8.26	0.0631
8.265	0.0988
8.27	0.0904
8.275	0.0823
8.28	0.1455
8.285	0.2252
8.29	0.2200
8.295	0.1441
8.3	0.0860
8.305	0.0754
8.31	0.0716
8.315	0.0539
8.32	0.0516
8.325	0.0816
8.33	0.1201
8.335	0.1304
8.34	0.1127
8.345	0.1068
8.35	0.1183
8.355	0.1000
8.36	0.0537
8.365	0.0548
8.37	0.0980
8.375	0.0978
8.38	0.0508
8.385	0.0313
8.39	0.0523
8.395	0.0538
8.4	0.0236
8.405	0.0058
8.41	0.0037
8.415	-0.0088
8.42	-0.0202
8.425	-0.0206
8.43	-0.0366
8.435	-0.0803
8.44	-0.1112
8.445	-0.0928
8.45	-0.0695
8.455	-0.0892
8.46	-0.1133
8.465	-0.0774
8.47	-0.0049
8.475	0.0263
8.48	0.0069
8.485	0.0139
8.49	0.0734
8.495	0.1046
8.5	0.0563
8.505	-0.0023
8.51	-0.0111
8.515	-0.0144
8.52	-0.0647
8.525	-0.1184
8.53	-0.1168
8.535	-0.0863
8.54	-0.0718
8.545	-0.0671
8.55	-0.0470
8.555	-0.0029
8.56	0.0553
8.565	0.1074
8.57	0.1302
8.575	0.1311
8.58	0.1255
8.585	0.1206
8.59	0.1153
8.595	0.1007
8.6	0.0732
8.605	0.0470
8.61	0.0392
8.615	0.0503
8.62	0.0683
8.625	0.0781
8.63	0.0624
8.635	0.0180
8.64	-0.0321
8.645	-0.0563
8.65	-0.0523
8.655	-0.0341
8.66	-0.0026
8.665	0.0392
8.67	0.0602
8.675	0.0407
8.68	0.0187
8.685	0.0521
8.69	0.1112
8.695	0.1011
8.7	0.0276
8.705	-0.0253
8.71	-0.0137
8.715	0.0398
8.72	0.0836
8.725	0.0857
8.73	0.0384
8.735	-0.0328
8.74	-0.0645
8.745	-0.0284
8.75	0.0365
8.755	0.0632
8.76	0.0369
8.765	0.0150
8.77	0.0448
8.775	0.0737
8.78	0.0233
8.785	-0.0567
8.79	-0.0549
8.795	0.0146
8.8	0.0424
8.805	0.0010
8.81	-0.0302
8.815	-0.0268
8.82	-0.0403
8.825	-0.0698
8.83	-0.0663
8.835	-0.0363
8.84	-0.0246
8.845	-0.0198
8.85	0.0271
8.855	0.1091
8.86	0.1480
8.865	0.0908
8.87	-0.0103
8.875	-0.0572
8.88	-0.0239
8.885	0.0178
8.89	0.0054
8.895	-0.0133
8.9	0.0449
8.905	0.1287
8.91	0.1334
8.915	0.0926
8.92	0.0909
8.925	0.1121
8.93	0.1052
8.935	0.0936
8.94	0.0974
8.945	0.0722
8.95	0.0199
8.955	0.0209
8.96	0.1077
8.965	0.1904
8.97	0.1712
8.975	0.0782
8.98	0.0064
8.985	-0.0208
8.99	-0.0460
8.995	-0.0647
9	-0.0376
9.005	0.0092
9.01	0.0201
9.015	-0.0148
9.02	-0.0549
9.025	-0.0384
9.03	0.0448
9.035	0.0895
9.04	0.0011
9.045	-0.1601
9.05	-0.2226
9.055	-0.1157
9.06	0.0193
9.065	0.0413
9.07	0.0105
9.075	0.0654
9.08	0.1724
9.085	0.1586
9.09	-0.0205
9.095	-0.1623
9.1	-0.0950
9.105	0.0848
9.11	0.1440
9.115	0.0247
9.12	-0.1145
9.125	-0.1372
9.13	-0.0749
9.135	-0.0229
9.14	-0.0240
9.145	-0.0608
9.15	-0.0916
9.155	-0.0891
9.16	-0.0651
9.165	-0.0438
9.17	-0.0157
9.175	0.0296
9.18	0.0473
9.185	-0.0156
9.19	-0.1083
9.195	-0.1258
9.2	-0.0921
9.205	-0.0844
9.21	-0.1014
9.215	-0.1022
9.22	-0.0870
9.225	-0.0699
9.23	-0.0616
9.235	-0.0997
9.24	-0.1944
9.245	-0.2637
9.25	-0.2264
9.255	-0.1337
9.26	-0.0870
9.265	-0.0904
9.27	-0.0549
9.275	0.0589
9.28	0.1570
9.285	0.1462
9.29	0.0726
9.295	0.0366
9.3	0.0724
9.305	0.1391
9.31	0.1655
9.315	0.0846
9.32	-0.0901
9.325	-0.2066
9.33	-0.1292
9.335	0.0842
9.34	0.2302
9.345	0.2006
9.35	0.0699
9.355	-0.0201
9.36	0.0015
9.365	0.0945
9.37	0.2002
9.375	0.2747
9.38	0.2636
9.385	0.1512
9.39	0.0313
9.395	0.0313
9.4	0.1159
9.405	0.1273
9.41	0.0398
9.415	-0.0272
9.42	-0.0284
9.425	-0.0330
9.43	-0.0872
9.435	-0.1441
9.44	-0.1334
9.445	-0.0450
9.45	0.0504
9.455	0.0910
9.46	0.0734
9.465	0.0346
9.47	0.0059
9.475	-0.0118
9.48	-0.0451
9.485	-0.1097
9.49	-0.1696
9.495	-0.1566
9.5	-0.0295
9.505	0.1466
9.51	0.2528
9.515	0.2267
9.52	0.1075
9.525	0.0138
9.53	0.0233
9.535	0.0939
9.54	0.1527
9.545	0.1937
9.55	0.2142
9.555	0.1690
9.56	0.0420
9.565	-0.0678
9.57	-0.0293
9.575	0.0868
9.58	0.1103
9.585	0.0039
9.59	-0.1104
9.595	-0.1231
9.6	-0.0601
9.605	0.0094
9.61	0.0743
9.615	0.1303
9.62	0.1419
9.625	0.0969
9.63	0.0523
9.635	0.0600
9.64	0.0968
9.645	0.1037
9.65	0.0734
9.655	0.0385
9.66	-0.0193
9.665	-0.1390
9.67	-0.2697
9.675	-0.2897
9.68	-0.1641
9.685	0.0062
9.69	0.1178
9.695	0.1502
9.7	0.1472
9.705	0.1026
9.71	-0.0054
9.715	-0.1027
9.72	-0.0804
9.725	0.0534
9.73	0.1792
9.735	0.2003
9.74	0.1378
9.745	0.0619
9.75	0.0220
9.755	0.0413
9.76	0.0966
9.765	0.1168
9.77	0.0710
9.775	0.0314
9.78	0.0647
9.785	0.1330
9.79	0.1772
9.795	0.2044
9.8	0.2323
9.805	0.2266
9.81	0.1363
9.815	0.0069
9.82	-0.0234
9.825	0.0410
9.83	0.0716
9.835	0.0209
9.84	-0.0171
9.845	0.0342
9.85	0.1239
9.855	0.1528
9.86	0.0924
9.865	0.0156
9.87	0.0107
9.875	0.1056
9.88	0.2262
9.885	0.2672
9.89	0.2055
9.895	0.1075
9.9	0.0223
9.905	-0.0762
9.91	-0.1960
9.915	-0.2623
9.92	-0.2158
9.925	-0.1018
9.93	-0.0153
9.935	0.0118
9.94	0.0361
9.945	0.1112
9.95	0.2096
9.955	0.2833
9.96	0.3237
9.965	0.3294
9.97	0.2799
9.975	0.1791
9.98	0.0801
9.985	0.0332
9.99	0.0254
9.995	0.0121
10	-0.0129
10.005	-0.0331
10.01	-0.0486
10.015	-0.0519
10.02	-0.0103
10.025	0.0677
10.03	0.0894
10.035	0.0047
10.04	-0.0894
10.045	-0.0930
10.05	-0.0445
10.055	-0.0334
10.06	-0.0567
10.065	-0.0624
10.07	-0.0621
10.075	-0.0861
10.08	-0.0858
10.085	0.0070
10.09	0.1566
10.095	0.2403
10.1	0.2022
10.105	0.0883
10.11	-0.0171
10.115	-0.0518
10.12	-0.0205
10.125	0.0412
10.13	0.0952
10.135	0.1266
10.14	0.1642
10.145	0.2417
10.15	0.3403
10.155	0.4090
10.16	0.4395
10.165	0.4641
10.17	0.5018
10.175	0.5376
10.18	0.5345
10.185	0.4817
10.19	0.4478
10.195	0.5244
10.2	0.6683
10.205	0.7628
10.21	0.7580
10.215	0.6773
10.22	0.5533
10.225	0.4020
10.23	0.2558
10.235	0.1733
10.24	0.1750
10.245	0.2056
10.25	0.2100
10.255	0.1953
10.26	0.1998
10.265	0.2432
10.27	0.3019
10.275	0.3490
10.28	0.3981
10.285	0.4716
10.29	0.5443
10.295	0.5734
10.3	0.5205
10.305	0.3672
10.31	0.1303
10.315	-0.1180
10.32	-0.2671
10.325	-0.2998
10.33	-0.2373
10.335	-0.1056
10.34	0.0028
10.345	-0.0126
10.35	-0.1408
10.355	-0.2518
10.36	-0.2299
10.365	-0.1240
10.37	-0.0707
10.375	-0.1318
10.38	-0.2355
10.385	-0.2899
10.39	-0.2813
10.395	-0.2606
10.4	-0.2728
10.405	-0.2982
10.41	-0.2840
10.415	-0.2393
10.42	-0.2184
10.425	-0.2409
10.43	-0.2773
10.435	-0.3007
10.44	-0.3186
10.445	-0.3433
10.45	-0.3666
10.455	-0.3727
10.46	-0.3601
10.465	-0.3426
10.47	-0.3438
10.475	-0.3897
10.48	-0.4817
10.485	-0.5789
10.49	-0.6372
10.495	-0.6652
10.5	-0.6778
10.505	-0.6681
10.51	-0.6473
10.515	-0.6522
10.52	-0.7026
10.525	-0.7773
10.53	-0.8427
10.535	-0.8931
10.54	-0.9208
10.545	-0.8964
10.55	-0.8001
10.555	-0.6516
10.56	-0.4880
10.565	-0.3414
10.57	-0.2393
10.575	-0.1514
10.58	-0.0413
10.585	0.0802
10.59	0.1806
10.595	0.2414
10.6	0.2574
10.605	0.2322
10.61	0.1875
10.615	0.1394
10.62	0.0598
10.625	-0.0551
10.63	-0.1463
10.635	-0.1771
10.64	-0.1914
10.645	-0.2498
10.65	-0.3450
10.655	-0.4264
10.66	-0.4791
10.665	-0.5146
10.67	-0.5161
10.675	-0.4412
10.68	-0.2901
10.685	-0.1339
10.69	-0.0404
10.695	-0.0081
10.7	0.0245
10.705	0.0929
10.71	0.1856
10.715	0.2684
10.72	0.3020
10.725	0.2711
10.73	0.1909
10.735	0.0851
10.74	-0.0278
10.745	-0.1289
10.75	-0.1852
10.755	-0.2044
10.76	-0.2347
10.765	-0.2818
10.77	-0.2901
10.775	-0.2338
10.78	-0.1659
10.785	-0.1309
10.79	-0.1035
10.795	-0.0497
10.8	0.0253
10.805	0.0869
10.81	0.1037
10.815	0.0742
10.82	0.0257
10.825	-0.0109
10.83	-0.0278
10.835	-0.0300
10.84	-0.0204
10.845	0.0023
10.85	0.0405
10.855	0.1007
10.86	0.1823
10.865	0.2569
10.87	0.2842
10.875	0.2418
10.88	0.1702
10.885	0.1397
10.89	0.1728
10.895	0.2228
10.9	0.2312
10.905	0.1974
10.91	0.1641
10.915	0.1428
10.92	0.1090
10.925	0.0585
10.93	0.0218
10.935	0.0201
10.94	0.0273
10.945	-0.0071
10.95	-0.0832
10.955	-0.1525
10.96	-0.1674
10.965	-0.1259
10.97	-0.0805
10.975	-0.0786
10.98	-0.1302
10.985	-0.2158
10.99	-0.2949
10.995	-0.3453
11	-0.3518
11.005	-0.3090
11.01	-0.2240
11.015	-0.1031
11.02	0.0323
11.025	0.1114
11.03	0.0506
11.035	-0.1228
11.04	-0.2768
11.045	-0.3231
11.05	-0.2835
11.055	-0.2297
11.06	-0.1839
11.065	-0.1175
11.07	-0.0519
11.075	-0.0583
11.08	-0.1628
11.085	-0.2899
11.09	-0.3238
11.095	-0.2522
11.1	-0.1659
11.105	-0.1368
11.11	-0.1478
11.115	-0.1422
11.12	-0.1164
11.125	-0.1052
11.13	-0.1100
11.135	-0.1018
11.14	-0.0682
11.145	-0.0281
11.15	-0.0277
11.155	-0.1031
11.16	-0.2247
11.165	-0.3223
11.17	-0.3725
11.175	-0.4018
11.18	-0.4179
11.185	-0.3857
11.19	-0.3076
11.195	-0.2693
11.2	-0.3121
11.205	-0.3831
11.21	-0.4057
11.215	-0.3557
11.22	-0.2688
11.225	-0.1779
11.23	-0.0968
11.235	-0.0607
11.24	-0.0999
11.245	-0.1791
11.25	-0.2342
11.255	-0.2535
11.26	-0.2652
11.265	-0.2739
11.27	-0.2499
11.275	-0.1808
11.28	-0.1086
11.285	-0.0916
11.29	-0.1311
11.295	-0.1708
11.3	-0.1446
11.305	-0.0401
11.31	0.0887
11.315	0.1940
11.32	0.2743
11.325	0.3582
11.33	0.4370
11.335	0.4631
11.34	0.4189
11.345	0.3703
11.35	0.4029
11.355	0.5094
11.36	0.5782
11.365	0.5454
11.37	0.4946
11.375	0.5001
11.38	0.5009
11.385	0.4222
11.39	0.3061
11.395	0.2496
11.4	0.2543
11.405	0.2508
11.41	0.2371
11.415	0.2653
11.42	0.3127
11.425	0.3092
11.43	0.2751
11.435	0.3103
11.44	0.4100
11.445	0.4526
11.45	0.4188
11.455	0.3859
11.46	0.3861
11.465	0.3891
11.47	0.3587
11.475	0.2781
11.48	0.1307
11.485	-0.0552
11.49	-0.1793
11.495	-0.2192
11.5	-0.2346
11.505	-0.2663
11.51	-0.3080
11.515	-0.3549
11.52	-0.4238
11.525	-0.5049
11.53	-0.5403
11.535	-0.4981
11.54	-0.4074
11.545	-0.3056
11.55	-0.2344
11.555	-0.2454
11.56	-0.3443
11.565	-0.4592
11.57	-0.4957
11.575	-0.4569
11.58	-0.4020
11.585	-0.3774
11.59	-0.4029
11.595	-0.4644
11.6	-0.5273
11.605	-0.5735
11.61	-0.6024
11.615	-0.5918
11.62	-0.5072
11.625	-0.3590
11.63	-0.2124
11.635	-0.1049
11.64	-0.0081
11.645	0.1125
11.65	0.2368
11.655	0.3105
11.66	0.3458
11.665	0.4131
11.67	0.5331
11.675	0.6362
11.68	0.6420
11.685	0.5493
11.69	0.4421
11.695	0.4079
11.7	0.4127
11.705	0.3922
11.71	0.3437
11.715	0.2856
11.72	0.2121
11.725	0.1146
11.73	0.0045
11.735	-0.0874
11.74	-0.1281
11.745	-0.1209
11.75	-0.0925
11.755	-0.0615
11.76	-0.0253
11.765	0.0126
11.77	0.0256
11.775	0.0104
11.78	0.0124
11.785	0.0530
11.79	0.0831
11.795	0.0654
11.8	0.0298
11.805	0.0126
11.81	-0.0133
11.815	-0.0930
11.82	-0.1851
11.825	-0.1907
11.83	-0.0686
11.835	0.1048
11.84	0.2038
11.845	0.1892
11.85	0.1245
11.855	0.0840
11.86	0.0834
11.865	0.0887
11.87	0.0818
11.875	0.0713
11.88	0.0653
11.885	0.0637
11.89	0.0601
11.895	0.0440
11.9	0.0128
11.905	-0.0215
11.91	-0.0402
11.915	-0.0395
11.92	-0.0313
11.925	-0.0448
11.93	-0.1048
11.935	-0.2027
11.94	-0.2883
11.945	-0.3013
11.95	-0.2558
11.955	-0.2003
11.96	-0.1546
11.965	-0.1204
11.97	-0.1044
11.975	-0.1139
11.98	-0.1225
11.985	-0.0726
11.99	0.0586
11.995	0.2162
12	0.3080
12.005	0.3031
12.01	0.2677
12.015	0.2811
12.02	0.3268
12.025	0.3022
12.03	0.1805
12.035	0.0603
12.04	0.0134
12.045	0.0156
12.05	0.0392
12.055	0.0908
12.06	0.1594
12.065	0.1813
12.07	0.1000
12.075	-0.0276
12.08	-0.1228
12.085	-0.1796
12.09	-0.2406
12.095	-0.3300
12.1	-0.4238
12.105	-0.4839
12.11	-0.5163
12.115	-0.5668
12.12	-0.6458
12.125	-0.7065
12.13	-0.7139
12.135	-0.6928
12.14	-0.6838
12.145	-0.6837
12.15	-0.6504
12.155	-0.5699
12.16	-0.4803
12.165	-0.4176
12.17	-0.3784
12.175	-0.3488
12.18	-0.3291
12.185	-0.3210
12.19	-0.3046
12.195	-0.2528
12.2	-0.1878
12.205	-0.1524
12.21	-0.1515
12.215	-0.1449
12.22	-0.0955
12.225	-0.0084
12.23	0.0713
12.235	0.0959
12.24	0.0670
12.245	0.0399
12.25	0.0603
12.255	0.1111
12.26	0.1352
12.265	0.0884
12.27	-0.0201
12.275	-0.1180
12.28	-0.1343
12.285	-0.0769
12.29	-0.0028
12.295	0.0609
12.3	0.1101
12.305	0.1315
12.31	0.1193
12.315	0.1112
12.32	0.1659
12.325	0.2663
12.33	0.3330
12.335	0.3067
12.34	0.2095
12.345	0.1362
12.35	0.1483
12.355	0.2157
12.36	0.2547
12.365	0.2211
12.37	0.1603
12.375	0.1316
12.38	0.1356
12.385	0.1455
12.39	0.1526
12.395	0.1686
12.4	0.1920
12.405	0.1869
12.41	0.1326
12.415	0.0683
12.42	0.0461
12.425	0.0799
12.43	0.1373
12.435	0.1637
12.44	0.1268
12.445	0.0521
12.45	0.0092
12.455	0.0308
12.46	0.0688
12.465	0.0549
12.47	-0.0004
12.475	-0.0341
12.48	-0.0227
12.485	0.0000
12.49	0.0060
12.495	0.0111
12.5	0.0247
12.505	0.0248
12.51	0.0018
12.515	-0.0253
12.52	-0.0503
12.525	-0.1036
12.53	-0.1980
12.535	-0.2855
12.54	-0.3120
12.545	-0.2870
12.55	-0.2760
12.555	-0.3234
12.56	-0.3921
12.565	-0.4116
12.57	-0.3650
12.575	-0.3111
12.58	-0.2888
12.585	-0.2737
12.59	-0.2223
12.595	-0.1399
12.6	-0.0816
12.605	-0.1119
12.61	-0.2130
12.615	-0.2611
12.62	-0.2003
12.625	-0.0949
12.63	-0.0429
12.635	-0.0898
12.64	-0.1970
12.645	-0.2625
12.65	-0.2102
12.655	-0.0830
12.66	-0.0097
12.665	-0.0392
12.67	-0.0992
12.675	-0.1033
12.68	-0.0422
12.685	0.0298
12.69	0.0639
12.695	0.0518
12.7	0.0360
12.705	0.0576
12.71	0.1073
12.715	0.1422
12.72	0.1441
12.725	0.1369
12.73	0.1465
12.735	0.1650
12.74	0.1676
12.745	0.1605
12.75	0.1717
12.755	0.2056
12.76	0.2294
12.765	0.1938
12.77	0.0940
12.775	0.0261
12.78	0.0834
12.785	0.2015
12.79	0.2431
12.795	0.1873
12.8	0.1329
12.805	0.1460
12.81	0.1784
12.815	0.1785
12.82	0.1718
12.825	0.1782
12.83	0.1431
12.835	0.0189
12.84	-0.1325
12.845	-0.1976
12.85	-0.1607
12.855	-0.1091
12.86	-0.1110
12.865	-0.1326
12.87	-0.1139
12.875	-0.0604
12.88	-0.0192
12.885	-0.0017
12.89	0.0157
12.895	0.0451
12.9	0.0779
12.905	0.1114
12.91	0.1531
12.915	0.1853
12.92	0.1674
12.925	0.0961
12.93	0.0313
12.935	0.0336
12.94	0.0635
12.945	0.0111
12.95	-0.1287
12.955	-0.2468
12.96	-0.2376
12.965	-0.1007
12.97	0.0517
12.975	0.1295
12.98	0.1398
12.985	0.1373
12.99	0.1538
12.995	0.1603
13	0.1061
13.005	-0.0082
13.01	-0.1248
13.015	-0.1820
13.02	-0.1596
13.025	-0.0846
13.03	0.0121
13.035	0.1067
13.04	0.1658
13.045	0.1671
13.05	0.1327
13.055	0.1016
13.06	0.0702
13.065	0.0125
13.07	-0.0493
13.075	-0.0788
13.08	-0.0707
13.085	-0.0350
13.09	0.0214
13.095	0.0778
13.1	0.1052
13.105	0.0744
13.11	-0.0109
13.115	-0.0827
13.12	-0.0803
13.125	-0.0038
13.13	0.0781
13.135	0.1023
13.14	0.0797
13.145	0.0789
13.15	0.1360
13.155	0.1986
13.16	0.1912
13.165	0.1091
13.17	0.0185
13.175	-0.0064
13.18	0.0349
13.185	0.0573
13.19	0.0272
13.195	0.0085
13.2	0.0260
13.205	0.0200
13.21	-0.0399
13.215	-0.0973
13.22	-0.0990
13.225	-0.0681
13.23	-0.0642
13.235	-0.0981
13.24	-0.0999
13.245	-0.0158
13.25	0.1195
13.255	0.2162
13.26	0.2272
13.265	0.1748
13.27	0.1113
13.275	0.0744
13.28	0.0614
13.285	0.0394
13.29	0.0008
13.295	-0.0219
13.3	0.0027
13.305	0.0608
13.31	0.1158
13.315	0.1633
13.32	0.2133
13.325	0.2569
13.33	0.2828
13.335	0.3061
13.34	0.3516
13.345	0.3981
13.35	0.3908
13.355	0.2734
13.36	0.0722
13.365	-0.0607
13.37	-0.0535
13.375	0.0175
13.38	0.0417
13.385	0.0066
13.39	-0.0190
13.395	0.0006
13.4	0.0238
13.405	0.0265
13.41	0.0519
13.415	0.1157
13.42	0.1603
13.425	0.1415
13.43	0.0868
13.435	0.0419
13.44	0.0128
13.445	0.0010
13.45	0.0068
13.455	0.0026
13.46	-0.0484
13.465	-0.1354
13.47	-0.1977
13.475	-0.2017
13.48	-0.1674
13.485	-0.1209
13.49	-0.0588
13.495	0.0264
13.5	0.0922
13.505	0.0817
13.51	-0.0006
13.515	-0.0789
13.52	-0.0803
13.525	-0.0190
13.53	0.0360
13.535	0.0666
13.54	0.1043
13.545	0.1454
13.55	0.1385
13.555	0.0631
13.56	-0.0366
13.565	-0.1050
13.57	-0.1169
13.575	-0.1120
13.58	-0.1350
13.585	-0.1815
13.59	-0.2063
13.595	-0.1778
13.6	-0.1148
13.605	-0.0624
13.61	-0.0359
13.615	-0.0086
13.62	0.0384
13.625	0.0769
13.63	0.0714
13.635	0.0399
13.64	0.0467
13.645	0.1245
13.65	0.2143
13.655	0.2498
13.66	0.2605
13.665	0.2956
13.67	0.3391
13.675	0.3447
13.68	0.2896
13.685	0.1629
13.69	-0.0131
13.695	-0.1397
13.7	-0.1635
13.705	-0.1142
13.71	-0.0431
13.715	0.0090
13.72	0.0180
13.725	-0.0176
13.73	-0.0573
13.735	-0.0411
13.74	0.0290
13.745	0.0846
13.75	0.0816
13.755	0.0617
13.76	0.0780
13.765	0.1083
13.77	0.0822
13.775	-0.0043
13.78	-0.0640
13.785	-0.0472
13.79	-0.0096
13.795	-0.0141
13.8	-0.0585
13.805	-0.0993
13.81	-0.1030
13.815	-0.0699
13.82	-0.0219
13.825	0.0201
13.83	0.0370
13.835	0.0247
13.84	0.0191
13.845	0.0660
13.85	0.1517
13.855	0.2111
13.86	0.2156
13.865	0.2100
13.87	0.2026
13.875	0.1271
13.88	-0.0347
13.885	-0.1997
13.89	-0.2816
13.895	-0.2824
13.9	-0.2581
13.905	-0.2157
13.91	-0.1398
13.915	-0.0734
13.92	-0.0720
13.925	-0.1047
13.93	-0.0854
13.935	0.0199
13.94	0.1534
13.945	0.2163
13.95	0.1940
13.955	0.1382
13.96	0.1037
13.965	0.1060
13.97	0.1012
13.975	0.0459
13.98	-0.0413
13.985	-0.0913
13.99	-0.0606
13.995	0.0013
14	0.0115
14.005	-0.0448
14.01	-0.1065
14.015	-0.1001
14.02	-0.0139
14.025	0.0833
14.03	0.1373
14.035	0.1803
14.04	0.2417
14.045	0.2760
14.05	0.2227
14.055	0.0977
14.06	-0.0259
14.065	-0.1083
14.07	-0.1399
14.075	-0.1318
14.08	-0.0992
14.085	-0.0703
14.09	-0.0634
14.095	-0.0441
14.1	0.0262
14.105	0.1166
14.11	0.1536
14.115	0.1225
14.12	0.0911
14.125	0.1101
14.13	0.1551
14.135	0.1799
14.14	0.1606
14.145	0.0804
14.15	-0.0584
14.155	-0.2019
14.16	-0.2802
14.165	-0.2679
14.17	-0.1782
14.175	-0.0432
14.18	0.0914
14.185	0.2054
14.19	0.3097
14.195	0.3818
14.2	0.3764
14.205	0.2643
14.21	0.0781
14.215	-0.0926
14.22	-0.1753
14.225	-0.1704
14.23	-0.1101
14.235	-0.0264
14.24	0.0350
14.245	0.0467
14.25	0.0195
14.255	0.0113
14.26	0.0681
14.265	0.1405
14.27	0.1213
14.275	-0.0062
14.28	-0.1407
14.285	-0.2135
14.29	-0.2449
14.295	-0.2467
14.3	-0.1933
14.305	-0.0969
14.31	-0.0125
14.315	0.0463
14.32	0.1201
14.325	0.2209
14.33	0.2854
14.335	0.2568
14.34	0.1682
14.345	0.0819
14.35	-0.0072
14.355	-0.1362
14.36	-0.2683
14.365	-0.3214
14.37	-0.3257
14.375	-0.3628
14.38	-0.4310
14.385	-0.4616
14.39	-0.3980
14.395	-0.2369
14.4	-0.0471
14.405	0.0657
14.41	0.0518
14.415	-0.0435
14.42	-0.1357
14.425	-0.1627
14.43	-0.1327
14.435	-0.1117
14.44	-0.1157
14.445	-0.0976
14.45	-0.0528
14.455	-0.0231
14.46	-0.0127
14.465	0.0145
14.47	0.0547
14.475	0.0541
14.48	-0.0122
14.485	-0.0696
14.49	-0.0128
14.495	0.1130
14.5	0.1542
14.505	0.0645
14.51	-0.0538
14.515	-0.0905
14.52	-0.0294
14.525	0.0578
14.53	0.1017
14.535	0.0959
14.54	0.0718
14.545	0.0469
14.55	0.0391
14.555	0.0678
14.56	0.1109
14.565	0.1153
14.57	0.0740
14.575	0.0447
14.58	0.0518
14.585	0.0488
14.59	-0.0032
14.595	-0.0735
14.6	-0.1172
14.605	-0.1356
14.61	-0.1540
14.615	-0.1787
14.62	-0.1911
14.625	-0.1633
14.63	-0.0908
14.635	-0.0079
14.64	0.0304
14.645	-0.0088
14.65	-0.0854
14.655	-0.1221
14.66	-0.0911
14.665	-0.0279
14.67	0.0371
14.675	0.0790
14.68	0.0548
14.685	-0.0726
14.69	-0.2494
14.695	-0.3268
14.7	-0.2725
14.705	-0.1873
14.71	-0.1544
14.715	-0.1599
14.72	-0.1343
14.725	-0.0500
14.73	0.0747
14.735	0.2082
14.74	0.3098
14.745	0.3570
14.75	0.3233
14.755	0.2173
14.76	0.1059
14.765	0.0532
14.77	0.0386
14.775	-0.0133
14.78	-0.0908
14.785	-0.1023
14.79	-0.0378
14.795	0.0074
14.8	-0.0443
14.805	-0.1540
14.81	-0.2127
14.815	-0.1727
14.82	-0.0749
14.825	0.0167
14.83	0.0778
14.835	0.1233
14.84	0.1728
14.845	0.2050
14.85	0.1714
14.855	0.0358
14.86	-0.1604
14.865	-0.2878
14.87	-0.2918
14.875	-0.2176
14.88	-0.1596
14.885	-0.1887
14.89	-0.2903
14.895	-0.3760
14.9	-0.3670
14.905	-0.2581
14.91	-0.1064
14.915	0.0216
14.92	0.0874
14.925	0.0756
14.93	-0.0029
14.935	-0.1076
14.94	-0.1956
14.945	-0.2484
14.95	-0.3032
14.955	-0.3783
14.96	-0.4226
14.965	-0.3750
14.97	-0.2421
14.975	-0.0752
14.98	0.0903
14.985	0.2300
14.99	0.3028
14.995	0.3055
15	0.2582
15.005	0.1726
15.01	0.0461
15.015	-0.0965
15.02	-0.1794
15.025	-0.1461
15.03	-0.0591
15.035	-0.0428
15.04	-0.0955
15.045	-0.1031
15.05	-0.0094
15.055	0.1218
15.06	0.1982
15.065	0.1973
15.07	0.1568
15.075	0.1251
15.08	0.1132
15.085	0.0962
15.09	0.0426
15.095	-0.0324
15.1	-0.0707
15.105	-0.0186
15.11	0.0934
15.115	0.1439
15.12	0.0714
15.125	-0.0801
15.13	-0.2124
15.135	-0.2539
15.14	-0.1971
15.145	-0.0915
15.15	-0.0112
15.155	0.0017
15.16	-0.0309
15.165	-0.0592
15.17	-0.0534
15.175	-0.0113
15.18	0.0458
15.185	0.0813
15.19	0.0582
15.195	-0.0384
15.2	-0.1643
15.205	-0.2563
15.21	-0.2898
15.215	-0.2851
15.22	-0.2642
15.225	-0.2184
15.23	-0.1298
15.235	-0.0163
15.24	0.0756
15.245	0.1456
15.25	0.2067
15.255	0.2458
15.26	0.2490
15.265	0.2323
15.27	0.2289
15.275	0.2413
15.28	0.2242
15.285	0.1537
15.29	0.0721
15.295	0.0221
15.3	-0.0111
15.305	-0.0673
15.31	-0.1554
15.315	-0.2279
15.32	-0.2127
15.325	-0.1155
15.33	0.0009
15.335	0.0695
15.34	0.0567
15.345	0.0096
15.35	0.0032
15.355	0.0496
15.36	0.0921
15.365	0.0942
15.37	0.0893
15.375	0.1000
15.38	0.1037
15.385	0.1013
15.39	0.1333
15.395	0.2074
15.4	0.2679
15.405	0.2703
15.41	0.2456
15.415	0.2409
15.42	0.2554
15.425	0.2451
15.43	0.1716
15.435	0.0507
15.44	-0.0328
15.445	0.0037
15.45	0.0965
15.455	0.1337
15.46	0.0922
15.465	0.0309
15.47	0.0152
15.475	0.0501
15.48	0.0872
15.485	0.0841
15.49	0.0436
15.495	-0.0180
15.5	-0.0839
15.505	-0.1202
15.51	-0.0985
15.515	-0.0354
15.52	0.0193
15.525	0.0290
15.53	-0.0112
15.535	-0.0865
15.54	-0.1732
15.545	-0.2445
15.55	-0.2503
15.555	-0.1440
15.56	0.0564
15.565	0.2366
15.57	0.2507
15.575	0.1311
15.58	0.0052
15.585	-0.0567
15.59	-0.0553
15.595	-0.0314
15.6	-0.0157
15.605	-0.0064
15.61	0.0023
15.615	-0.0027
15.62	-0.0191
15.625	-0.0180
15.63	0.0080
15.635	0.0277
15.64	0.0126
15.645	-0.0335
15.65	-0.0834
15.655	-0.1033
15.66	-0.0739
15.665	-0.0148
15.67	0.0308
15.675	0.0377
15.68	0.0254
15.685	0.0232
15.69	0.0089
15.695	-0.0601
15.7	-0.1613
15.705	-0.2244
15.71	-0.2042
15.715	-0.1214
15.72	-0.0313
15.725	0.0504
15.73	0.1562
15.735	0.2842
15.74	0.3542
15.745	0.3253
15.75	0.2359
15.755	0.1520
15.76	0.0996
15.765	0.0675
15.77	0.0469
15.775	0.0358
15.78	0.0140
15.785	-0.0427
15.79	-0.1098
15.795	-0.1307
15.8	-0.0748
15.805	0.0313
15.81	0.1299
15.815	0.1888
15.82	0.2065
15.825	0.2072
15.83	0.2018
15.835	0.1842
15.84	0.1359
15.845	0.0351
15.85	-0.1134
15.855	-0.2499
15.86	-0.2985
15.865	-0.2545
15.87	-0.1858
15.875	-0.1328
15.88	-0.0748
15.885	0.0098
15.89	0.0906
15.895	0.1269
15.9	0.1429
15.905	0.1936
15.91	0.2686
15.915	0.2963
15.92	0.2376
15.925	0.1382
15.93	0.0895
15.935	0.1552
15.94	0.2840
15.945	0.3052
15.95	0.1462
15.955	-0.0998
15.96	-0.2871
15.965	-0.3396
15.97	-0.2825
15.975	-0.1633
15.98	-0.0009
15.985	0.1718
15.99	0.2781
15.995	0.2946
16	0.2333
16.005	0.1097
16.01	-0.0426
16.015	-0.1437
16.02	-0.1157
16.025	0.0169
16.03	0.1387
16.035	0.1748
16.04	0.1461
16.045	0.1078
16.05	0.0937
16.055	0.0968
16.06	0.0681
16.065	-0.0166
16.07	-0.1056
16.075	-0.1442
16.08	-0.1388
16.085	-0.1247
16.09	-0.1020
16.095	-0.0347
16.1	0.0833
16.105	0.1995
16.11	0.2457
16.115	0.2064
16.12	0.1238
16.125	0.0425
16.13	-0.0103
16.135	-0.0200
16.14	0.0134
16.145	0.0687
16.15	0.0986
16.155	0.0656
16.16	-0.0031
16.165	-0.0468
16.17	-0.0542
16.175	-0.0699
16.18	-0.1280
16.185	-0.1944
16.19	-0.2004
16.195	-0.1216
16.2	-0.0155
16.205	0.0640
16.21	0.1103
16.215	0.1434
16.22	0.1776
16.225	0.2005
16.23	0.1850
16.235	0.1327
16.24	0.0813
16.245	0.0323
16.25	-0.0321
16.255	-0.0775
16.26	-0.0474
16.265	0.0549
16.27	0.1548
16.275	0.1808
16.28	0.1200
16.285	0.0206
16.29	-0.0536
16.295	-0.0728
16.3	-0.0493
16.305	-0.0133
16.31	0.0114
16.315	0.0126
16.32	-0.0024
16.325	0.0063
16.33	0.0673
16.335	0.1502
16.34	0.1842
16.345	0.1384
16.35	0.0548
16.355	0.0045
16.36	0.0097
16.365	0.0248
16.37	0.0231
16.375	0.0263
16.38	0.0451
16.385	0.0569
16.39	0.0480
16.395	0.0335
16.4	0.0264
16.405	0.0221
16.41	0.0261
16.415	0.0580
16.42	0.1070
16.425	0.1180
16.43	0.0631
16.435	-0.0057
16.44	-0.0268
16.445	-0.0025
16.45	0.0172
16.455	0.0209
16.46	0.0317
16.465	0.0542
16.47	0.0729
16.475	0.0850
16.48	0.0912
16.485	0.0803
16.49	0.0426
16.495	-0.0187
16.5	-0.0962
16.505	-0.1748
16.51	-0.2269
16.515	-0.2181
16.52	-0.1419
16.525	-0.0467
16.53	0.0068
16.535	0.0204
16.54	0.0388
16.545	0.0862
16.55	0.1551
16.555	0.2226
16.56	0.2593
16.565	0.2450
16.57	0.1720
16.575	0.0552
16.58	-0.0876
16.585	-0.2226
16.59	-0.2959
16.595	-0.2687
16.6	-0.1426
16.605	0.0613
16.61	0.2648
16.615	0.3296
16.62	0.2310
16.625	0.0729
16.63	-0.0231
16.635	-0.0159
16.64	0.0521
16.645	0.1006
16.65	0.0660
16.655	-0.0312
16.66	-0.1133
16.665	-0.1493
16.67	-0.1687
16.675	-0.1843
16.68	-0.1622
16.685	-0.0678
16.69	0.0540
16.695	0.0940
16.7	0.0381
16.705	-0.0625
16.71	-0.1770
16.715	-0.2652
16.72	-0.2634
16.725	-0.1613
16.73	-0.0436
16.735	-0.0144
16.74	-0.0778
16.745	-0.1473
16.75	-0.1675
16.755	-0.1644
16.76	-0.1753
16.765	-0.1929
16.77	-0.1916
16.775	-0.1661
16.78	-0.1210
16.785	-0.0557
16.79	0.0222
16.795	0.0976
16.8	0.1487
16.805	0.1512
16.81	0.1040
16.815	0.0511
16.82	0.0503
16.825	0.0883
16.83	0.1134
16.835	0.0987
16.84	0.0399
16.845	-0.0473
16.85	-0.1292
16.855	-0.1603
16.86	-0.1279
16.865	-0.0898
16.87	-0.0973
16.875	-0.1313
16.88	-0.1337
16.885	-0.0780
16.89	0.0085
16.895	0.0757
16.9	0.0900
16.905	0.0534
16.91	0.0021
16.915	-0.0230
16.92	-0.0081
16.925	0.0223
16.93	0.0291
16.935	0.0077
16.94	-0.0022
16.945	0.0342
16.95	0.0904
16.955	0.1127
16.96	0.0740
16.965	0.0051
16.97	-0.0366
16.975	-0.0390
16.98	-0.0519
16.985	-0.1110
16.99	-0.1686
16.995	-0.1636
17	-0.0923
17.005	0.0023
17.01	0.0891
17.015	0.1542
17.02	0.1738
17.025	0.1297
17.03	0.0459
17.035	-0.0215
17.04	-0.0486
17.045	-0.0576
17.05	-0.0836
17.055	-0.1378
17.06	-0.1935
17.065	-0.2026
17.07	-0.1426
17.075	-0.0623
17.08	-0.0232
17.085	-0.0410
17.09	-0.0792
17.095	-0.0787
17.1	-0.0160
17.105	0.0833
17.11	0.1551
17.115	0.1326
17.12	0.0334
17.125	-0.0608
17.13	-0.1003
17.135	-0.1163
17.14	-0.1688
17.145	-0.2456
17.15	-0.2503
17.155	-0.1308
17.16	0.0347
17.165	0.1328
17.17	0.1298
17.175	0.0643
17.18	-0.0015
17.185	-0.0188
17.19	0.0205
17.195	0.0797
17.2	0.1033
17.205	0.0499
17.21	-0.0837
17.215	-0.2450
17.22	-0.3532
17.225	-0.3722
17.23	-0.3131
17.235	-0.2018
17.24	-0.0661
17.245	0.0841
17.25	0.2100
17.255	0.2529
17.26	0.1994
17.265	0.1044
17.27	0.0478
17.275	0.0738
17.28	0.1572
17.285	0.2290
17.29	0.2370
17.295	0.1717
17.3	0.0493
17.305	-0.0958
17.31	-0.2189
17.315	-0.2598
17.32	-0.1669
17.325	0.0096
17.33	0.1580
17.335	0.1882
17.34	0.0977
17.345	-0.0024
17.35	-0.0035
17.355	0.1127
17.36	0.2503
17.365	0.2632
17.37	0.1428
17.375	0.0084
17.38	-0.0403
17.385	-0.0053
17.39	0.0511
17.395	0.0843
17.4	0.0881
17.405	0.0564
17.41	-0.0084
17.415	-0.0654
17.42	-0.0694
17.425	-0.0103
17.43	0.0829
17.435	0.1708
17.44	0.2243
17.445	0.2230
17.45	0.1852
17.455	0.1409
17.46	0.1072
17.465	0.0834
17.47	0.0508
17.475	-0.0063
17.48	-0.0767
17.485	-0.1194
17.49	-0.1010
17.495	-0.0462
17.5	0.0001
17.505	0.0332
17.51	0.0692
17.515	0.0902
17.52	0.0557
17.525	-0.0316
17.53	-0.1108
17.535	-0.1397
17.54	-0.1340
17.545	-0.1175
17.55	-0.0965
17.555	-0.0786
17.56	-0.0771
17.565	-0.0846
17.57	-0.0642
17.575	0.0009
17.58	0.0850
17.585	0.1449
17.59	0.1532
17.595	0.1145
17.6	0.0530
17.605	0.0114
17.61	0.0256
17.615	0.0714
17.62	0.0955
17.625	0.0759
17.63	0.0413
17.635	0.0287
17.64	0.0402
17.645	0.0502
17.65	0.0441
17.655	0.0216
17.66	-0.0306
17.665	-0.1102
17.67	-0.1717
17.675	-0.1529
17.68	-0.0504
17.685	0.0546
17.69	0.0805
17.695	0.0268
17.7	-0.0222
17.705	-0.0218
17.71	-0.0076
17.715	-0.0154
17.72	-0.0268
17.725	-0.0137
17.73	0.0066
17.735	-0.0073
17.74	-0.0552
17.745	-0.1104
17.75	-0.1595
17.755	-0.1946
17.76	-0.1973
17.765	-0.1641
17.77	-0.1225
17.775	-0.0999
17.78	-0.0885
17.785	-0.0695
17.79	-0.0512
17.795	-0.0500
17.8	-0.0516
17.805	-0.0338
17.81	-0.0069
17.815	0.0111
17.82	0.0361
17.825	0.0904
17.83	0.1582
17.835	0.2042
17.84	0.2207
17.845	0.2220
17.85	0.2057
17.855	0.1421
17.86	0.0351
17.865	-0.0499
17.87	-0.0934
17.875	-0.1208
17.88	-0.1300
17.885	-0.0993
17.89	-0.0426
17.895	0.0016
17.9	0.0326
17.905	0.0797
17.91	0.1368
17.915	0.1614
17.92	0.1372
17.925	0.0874
17.93	0.0409
17.935	0.0158
17.94	0.0291
17.945	0.0801
17.95	0.1273
17.955	0.1318
17.96	0.0945
17.965	0.0457
17.97	0.0179
17.975	0.0213
17.98	0.0455
17.985	0.0715
17.99	0.0842
17.995	0.0856
18	0.0801
18.005	0.0633
18.01	0.0354
18.015	0.0133
18.02	0.0162
18.025	0.0360
18.03	0.0503
18.035	0.0606
18.04	0.0848
18.045	0.1219
18.05	0.1575
18.055	0.1886
18.06	0.2091
18.065	0.1853
18.07	0.1007
18.075	0.0079
18.08	-0.0267
18.085	0.0076
18.09	0.0665
18.095	0.0928
18.1	0.0634
18.105	-0.0141
18.11	-0.1018
18.115	-0.1383
18.12	-0.1037
18.125	-0.0247
18.13	0.0557
18.135	0.1166
18.14	0.1495
18.145	0.1282
18.15	0.0512
18.155	-0.0114
18.16	0.0021
18.165	0.0621
18.17	0.1017
18.175	0.0842
18.18	0.0202
18.185	-0.0579
18.19	-0.1250
18.195	-0.1369
18.2	-0.0607
18.205	0.0848
18.21	0.2081
18.215	0.2181
18.22	0.1381
18.225	0.0532
18.23	-0.0069
18.235	-0.0544
18.24	-0.0716
18.245	-0.0392
18.25	0.0165
18.255	0.0438
18.26	0.0332
18.265	0.0187
18.27	0.0214
18.275	0.0262
18.28	0.0171
18.285	-0.0036
18.29	-0.0294
18.295	-0.0502
18.3	-0.0459
18.305	-0.0158
18.31	-0.0017
18.315	-0.0283
18.32	-0.0488
18.325	-0.0111
18.33	0.0729
18.335	0.1421
18.34	0.1425
18.345	0.0847
18.35	0.0211
18.355	-0.0065
18.36	0.0069
18.365	0.0332
18.37	0.0477
18.375	0.0515
18.38	0.0644
18.385	0.0966
18.39	0.1291
18.395	0.1338
18.4	0.1067
18.405	0.0776
18.41	0.0780
18.415	0.1000
18.42	0.1153
18.425	0.1250
18.43	0.1544
18.435	0.2004
18.44	0.2173
18.445	0.1780
18.45	0.1256
18.455	0.0960
18.46	0.0710
18.465	0.0280
18.47	-0.0178
18.475	-0.0407
18.48	-0.0463
18.485	-0.0726
18.49	-0.1330
18.495	-0.2012
18.5	-0.2437
18.505	-0.2500
18.51	-0.2267
18.515	-0.1927
18.52	-0.1740
18.525	-0.1689
18.53	-0.1386
18.535	-0.0572
18.54	0.0503
18.545	0.1454
18.55	0.1983
18.555	0.1888
18.56	0.1202
18.565	0.0326
18.57	-0.0003
18.575	0.0423
18.58	0.1254
18.585	0.1994
18.59	0.2263
18.595	0.1988
18.6	0.1307
18.605	0.0573
18.61	0.0300
18.615	0.0598
18.62	0.0954
18.625	0.1004
18.63	0.0999
18.635	0.1221
18.64	0.1514
18.645	0.1551
18.65	0.1340
18.655	0.1169
18.66	0.1153
18.665	0.1141
18.67	0.1067
18.675	0.0881
18.68	0.0416
18.685	-0.0403
18.69	-0.1149
18.695	-0.1132
18.7	-0.0447
18.705	0.0283
18.71	0.0590
18.715	0.0369
18.72	-0.0081
18.725	-0.0439
18.73	-0.0443
18.735	0.0029
18.74	0.0579
18.745	0.0705
18.75	0.0348
18.755	-0.0070
18.76	-0.0249
18.765	-0.0325
18.77	-0.0611
18.775	-0.1112
18.78	-0.1413
18.785	-0.1198
18.79	-0.0593
18.795	0.0186
18.8	0.0998
18.805	0.1568
18.81	0.1471
18.815	0.0692
18.82	0.0004
18.825	0.0012
18.83	0.0497
18.835	0.0818
18.84	0.0616
18.845	0.0235
18.85	0.0240
18.855	0.0845
18.86	0.1707
18.865	0.2229
18.87	0.2304
18.875	0.2122
18.88	0.1828
18.885	0.1493
18.89	0.1104
18.895	0.0523
18.9	-0.0289
18.905	-0.0998
18.91	-0.1224
18.915	-0.0993
18.92	-0.0572
18.925	-0.0237
18.93	-0.0174
18.935	-0.0499
18.94	-0.1178
18.945	-0.1799
18.95	-0.2003
18.955	-0.1851
18.96	-0.1629
18.965	-0.1450
18.97	-0.1182
18.975	-0.0736
18.98	-0.0203
18.985	0.0212
18.99	0.0358
18.995	0.0294
19	0.0113
19.005	-0.0096
19.01	-0.0227
19.015	-0.0302
19.02	-0.0486
19.025	-0.0781
19.03	-0.0847
19.035	-0.0430
19.04	0.0234
19.045	0.0767
19.05	0.1089
19.055	0.1350
19.06	0.1590
19.065	0.1652
19.07	0.1441
19.075	0.1044
19.08	0.0469
19.085	-0.0294
19.09	-0.0992
19.095	-0.1283
19.1	-0.1163
19.105	-0.0944
19.11	-0.0889
19.115	-0.0945
19.12	-0.0905
19.125	-0.0664
19.13	-0.0313
19.135	-0.0036
19.14	-0.0008
19.145	-0.0235
19.15	-0.0470
19.155	-0.0546
19.16	-0.0620
19.165	-0.0808
19.17	-0.0982
19.175	-0.1056
19.18	-0.1122
19.185	-0.1170
19.19	-0.0984
19.195	-0.0594
19.2	-0.0413
19.205	-0.0643
19.21	-0.0918
19.215	-0.0721
19.22	-0.0122
19.225	0.0308
19.23	0.0263
19.235	0.0125
19.24	0.0381
19.245	0.0881
19.25	0.1157
19.255	0.1052
19.26	0.0747
19.265	0.0415
19.27	-0.0011
19.275	-0.0713
19.28	-0.1448
19.285	-0.1619
19.29	-0.1093
19.295	-0.0399
19.3	-0.0083
19.305	-0.0122
19.31	-0.0179
19.315	-0.0299
19.32	-0.0703
19.325	-0.1138
19.33	-0.1225
19.335	-0.1121
19.34	-0.1298
19.345	-0.1720
19.35	-0.1838
19.355	-0.1190
19.36	-0.0042
19.365	0.0720
19.37	0.0756
19.375	0.0162
19.38	-0.0842
19.385	-0.1828
19.39	-0.2199
19.395	-0.1653
19.4	-0.0621
19.405	0.0159
19.41	0.0495
19.415	0.0680
19.42	0.0956
19.425	0.1427
19.43	0.1978
19.435	0.2143
19.44	0.1580
19.445	0.0662
19.45	0.0085
19.455	0.0028
19.46	0.0103
19.465	-0.0061
19.47	-0.0434
19.475	-0.0797
19.48	-0.0994
19.485	-0.0915
19.49	-0.0553
19.495	-0.0186
19.5	-0.0205
19.505	-0.0594
19.51	-0.0989
19.515	-0.1153
19.52	-0.1082
19.525	-0.0832
19.53	-0.0562
19.535	-0.0557
19.54	-0.0893
19.545	-0.1331
19.55	-0.1497
19.555	-0.1189
19.56	-0.0509
19.565	0.0249
19.57	0.0681
19.575	0.0624
19.58	0.0114
19.585	-0.0563
19.59	-0.0877
19.595	-0.0677
19.6	-0.0411
19.605	-0.0464
19.61	-0.0658
19.615	-0.0618
19.62	-0.0465
19.625	-0.0529
19.63	-0.0771
19.635	-0.0948
19.64	-0.0988
19.645	-0.0963
19.65	-0.0894
19.655	-0.0731
19.66	-0.0468
19.665	-0.0249
19.67	-0.0271
19.675	-0.0602
19.68	-0.1116
19.685	-0.1549
19.69	-0.1663
19.695	-0.1438
19.7	-0.1180
19.705	-0.1053
19.71	-0.0871
19.715	-0.0476
19.72	0.0034
19.725	0.0549
19.73	0.1023
19.735	0.1278
19.74	0.1116
19.745	0.0698
19.75	0.0401
19.755	0.0403
19.76	0.0594
19.765	0.0793
19.77	0.0832
19.775	0.0514
19.78	-0.0294
19.785	-0.1363
19.79	-0.2124
19.795	-0.2237
19.8	-0.1952
19.805	-0.1768
19.81	-0.1774
19.815	-0.1513
19.82	-0.0624
19.825	0.0568
19.83	0.1448
19.835	0.1631
19.84	0.1205
19.845	0.0683
19.85	0.0452
19.855	0.0406
19.86	0.0147
19.865	-0.0429
19.87	-0.1007
19.875	-0.1239
19.88	-0.1182
19.885	-0.1145
19.89	-0.1318
19.895	-0.1629
19.9	-0.1831
19.905	-0.1767
19.91	-0.1571
19.915	-0.1457
19.92	-0.1416
19.925	-0.1299
19.93	-0.1131
19.935	-0.1159
19.94	-0.1448
19.945	-0.1730
19.95	-0.1879
19.955	-0.1963
19.96	-0.1918
19.965	-0.1571
19.97	-0.0953
19.975	-0.0302
19.98	0.0125
19.985	0.0268
19.99	0.0369
19.995	0.0657
20	0.1037
20.005	0.1255
20.01	0.1178
20.015	0.0820
20.02	0.0343
20.025	0.0066
20.03	0.0171
20.035	0.0381
20.04	0.0324
20.045	0.0036
20.05	-0.0197
20.055	-0.0265
20.06	-0.0398
20.065	-0.0686
20.07	-0.0834
20.075	-0.0713
20.08	-0.0535
20.085	-0.0426
20.09	-0.0219
20.095	0.0151
20.1	0.0431
20.105	0.0227
20.11	-0.0517
20.115	-0.1227
20.12	-0.1532
20.125	-0.1551
20.13	-0.1533
20.135	-0.1463
20.14	-0.1153
20.145	-0.0616
20.15	-0.0178
20.155	-0.0075
20.16	-0.0238
20.165	-0.0486
20.17	-0.0645
20.175	-0.0510
20.18	-0.0063
20.185	0.0434
20.19	0.0679
20.195	0.0520
20.2	0.0182
20.205	-0.0043
20.21	-0.0115
20.215	-0.0146
20.22	-0.0128
20.225	0.0069
20.23	0.0301
20.235	0.0118
20.24	-0.0505
20.245	-0.0996
20.25	-0.0929
20.255	-0.0527
20.26	-0.0184
20.265	0.0038
20.27	0.0305
20.275	0.0578
20.28	0.0525
20.285	0.0089
20.29	-0.0324
20.295	-0.0388
20.3	-0.0210
20.305	-0.0159
20.31	-0.0463
20.315	-0.0882
20.32	-0.0921
20.325	-0.0585
20.33	-0.0269
20.335	-0.0208
20.34	-0.0245
20.345	-0.0068
20.35	0.0379
20.355	0.0730
20.36	0.0540
20.365	-0.0066
20.37	-0.0514
20.375	-0.0475
20.38	-0.0218
20.385	-0.0081
20.39	-0.0027
20.395	0.0193
20.4	0.0588
20.405	0.0801
20.41	0.0531
20.415	-0.0059
20.42	-0.0594
20.425	-0.0759
20.43	-0.0438
20.435	0.0247
20.44	0.0973
20.445	0.1262
20.45	0.0997
20.455	0.0401
20.46	-0.0203
20.465	-0.0506
20.47	-0.0488
20.475	-0.0407
20.48	-0.0578
20.485	-0.1004
20.49	-0.1239
20.495	-0.0969
20.5	-0.0328
20.505	0.0297
20.51	0.0684
20.515	0.0890
20.52	0.0986
20.525	0.0869
20.53	0.0523
20.535	0.0238
20.54	0.0204
20.545	0.0211
20.55	0.0054
20.555	-0.0055
20.56	0.0293
20.565	0.1071
20.57	0.1625
20.575	0.1501
20.58	0.0833
20.585	0.0132
20.59	-0.0173
20.595	-0.0113
20.6	0.0053
20.605	0.0239
20.61	0.0406
20.615	0.0310
20.62	-0.0104
20.625	-0.0439
20.63	-0.0313
20.635	0.0097
20.64	0.0268
20.645	-0.0034
20.65	-0.0503
20.655	-0.0744
20.66	-0.0724
20.665	-0.0617
20.67	-0.0469
20.675	-0.0298
20.68	-0.0244
20.685	-0.0379
20.69	-0.0494
20.695	-0.0294
20.7	0.0196
20.705	0.0785
20.71	0.1286
20.715	0.1465
20.72	0.1160
20.725	0.0463
20.73	-0.0262
20.735	-0.0624
20.74	-0.0653
20.745	-0.0729
20.75	-0.0854
20.755	-0.0627
20.76	-0.0032
20.765	0.0450
20.77	0.0521
20.775	0.0429
20.78	0.0399
20.785	0.0293
20.79	0.0096
20.795	0.0125
20.8	0.0512
20.805	0.0926
20.81	0.1037
20.815	0.0950
20.82	0.0885
20.825	0.0742
20.83	0.0390
20.835	0.0053
20.84	-0.0034
20.845	-0.0108
20.85	-0.0541
20.855	-0.1181
20.86	-0.1438
20.865	-0.1053
20.87	-0.0357
20.875	0.0219
20.88	0.0458
20.885	0.0363
20.89	0.0129
20.895	0.0062
20.9	0.0362
20.905	0.0923
20.91	0.1385
20.915	0.1432
20.92	0.1038
20.925	0.0491
20.93	0.0118
20.935	-0.0113
20.94	-0.0381
20.945	-0.0551
20.95	-0.0423
20.955	-0.0133
20.96	-0.0023
20.965	-0.0169
20.97	-0.0254
20.975	-0.0006
20.98	0.0590
20.985	0.1286
20.99	0.1637
20.995	0.1450
21	0.0838
21.005	0.0099
21.01	-0.0572
21.015	-0.1191
21.02	-0.1747
21.025	-0.1990
21.03	-0.1697
21.035	-0.1001
21.04	-0.0211
21.045	0.0461
21.05	0.0736
21.055	0.0452
21.06	-0.0023
21.065	-0.0019
21.07	0.0765
21.075	0.1853
21.08	0.2659
21.085	0.2978
21.09	0.2724
21.095	0.1808
21.1	0.0398
21.105	-0.0649
21.11	-0.0376
21.115	0.0810
21.12	0.1528
21.125	0.1061
21.13	0.0039
21.135	-0.0680
21.14	-0.0945
21.145	-0.1158
21.15	-0.1541
21.155	-0.1596
21.16	-0.0801
21.165	0.0459
21.17	0.1344
21.175	0.1477
21.18	0.1232
21.185	0.1274
21.19	0.1663
21.195	0.1898
21.2	0.1822
21.205	0.1682
21.21	0.1599
21.215	0.1473
21.22	0.1183
21.225	0.0683
21.23	-0.0066
21.235	-0.0889
21.24	-0.1322
21.245	-0.1304
21.25	-0.1085
21.255	-0.0714
21.26	-0.0097
21.265	0.0552
21.27	0.0735
21.275	0.0393
21.28	0.0115
21.285	0.0289
21.29	0.0558
21.295	0.0548
21.3	0.0384
21.305	0.0369
21.31	0.0563
21.315	0.0748
21.32	0.0610
21.325	0.0151
21.33	-0.0334
21.335	-0.0565
21.34	-0.0546
21.345	-0.0471
21.35	-0.0384
21.355	-0.0157
21.36	0.0216
21.365	0.0499
21.37	0.0572
21.375	0.0563
21.38	0.0701
21.385	0.1018
21.39	0.1216
21.395	0.1026
21.4	0.0626
21.405	0.0395
21.41	0.0382
21.415	0.0332
21.42	0.0033
21.425	-0.0456
21.43	-0.0782
21.435	-0.0486
21.44	0.0403
21.445	0.1123
21.45	0.1194
21.455	0.0890
21.46	0.0670
21.465	0.0687
21.47	0.0739
21.475	0.0624
21.48	0.0261
21.485	-0.0277
21.49	-0.0717
21.495	-0.0927
21.5	-0.0902
21.505	-0.0700
21.51	-0.0420
21.515	-0.0143
21.52	0.0142
21.525	0.0444
21.53	0.0659
21.535	0.0740
21.54	0.0787
21.545	0.0851
21.55	0.0788
21.555	0.0436
21.56	-0.0034
21.565	-0.0234
21.57	-0.0041
21.575	0.0237
21.58	0.0402
21.585	0.0486
21.59	0.0448
21.595	0.0242
21.6	-0.0019
21.605	-0.0195
21.61	-0.0281
21.615	-0.0297
21.62	-0.0233
21.625	-0.0087
21.63	0.0164
21.635	0.0561
21.64	0.0927
21.645	0.0889
21.65	0.0484
21.655	0.0232
21.66	0.0278
21.665	0.0184
21.67	-0.0228
21.675	-0.0613
21.68	-0.0678
21.685	-0.0512
21.69	-0.0309
21.695	-0.0146
21.7	-0.0004
21.705	0.0119
21.71	0.0224
21.715	0.0354
21.72	0.0530
21.725	0.0718
21.73	0.0875
21.735	0.0903
21.74	0.0719
21.745	0.0426
21.75	0.0288
21.755	0.0387
21.76	0.0516
21.765	0.0482
21.77	0.0323
21.775	0.0165
21.78	0.0066
21.785	0.0016
21.79	-0.0026
21.795	-0.0108
21.8	-0.0205
21.805	-0.0214
21.81	-0.0034
21.815	0.0327
21.82	0.0660
21.825	0.0716
21.83	0.0439
21.835	0.0031
21.84	-0.0223
21.845	-0.0239
21.85	-0.0132
21.855	-0.0025
21.86	0.0041
21.865	0.0060
21.87	-0.0002
21.875	-0.0163
21.88	-0.0358
21.885	-0.0534
21.89	-0.0721
21.895	-0.0883
21.9	-0.0794
21.905	-0.0351
21.91	0.0194
21.915	0.0563
21.92	0.0729
21.925	0.0748
21.93	0.0627
21.935	0.0442
21.94	0.0417
21.945	0.0689
21.95	0.0977
21.955	0.0954
21.96	0.0669
21.965	0.0382
21.97	0.0121
21.975	-0.0268
21.98	-0.0842
21.985	-0.1401
21.99	-0.1593
21.995	-0.1327
22	-0.0797
22.005	-0.0342
22.01	-0.0136
22.015	-0.0044
22.02	0.0183
22.025	0.0609
22.03	0.1019
22.035	0.1213
22.04	0.1219
22.045	0.1141
22.05	0.0984
22.055	0.0704
22.06	0.0269
22.065	-0.0279
22.07	-0.0755
22.075	-0.1008
22.08	-0.0983
22.085	-0.0726
22.09	-0.0383
22.095	-0.0064
22.1	0.0231
22.105	0.0519
22.11	0.0744
22.115	0.0737
22.12	0.0432
22.125	0.0013
22.13	-0.0191
22.135	-0.0107
22.14	0.0024
22.145	0.0001
22.15	-0.0101
22.155	-0.0136
22.16	-0.0117
22.165	-0.0113
22.17	-0.0090
22.175	-0.0017
22.18	0.0013
22.185	-0.0137
22.19	-0.0418
22.195	-0.0571
22.2	-0.0521
22.205	-0.0382
22.21	-0.0245
22.215	-0.0180
22.22	-0.0253
22.225	-0.0452
22.23	-0.0636
22.235	-0.0617
22.24	-0.0346
22.245	0.0069
22.25	0.0426
22.255	0.0539
22.26	0.0396
22.265	0.0118
22.27	-0.0218
22.275	-0.0561
22.28	-0.0764
22.285	-0.0745
22.29	-0.0624
22.295	-0.0511
22.3	-0.0410
22.305	-0.0336
22.31	-0.0293
22.315	-0.0147
22.32	0.0201
22.325	0.0589
22.33	0.0778
22.335	0.0700
22.34	0.0496
22.345	0.0351
22.35	0.0323
22.355	0.0324
22.36	0.0210
22.365	-0.0049
22.37	-0.0304
22.375	-0.0380
22.38	-0.0294
22.385	-0.0194
22.39	-0.0156
22.395	-0.0088
22.4	0.0147
22.405	0.0461
22.41	0.0570
22.415	0.0302
22.42	-0.0265
22.425	-0.0780
22.43	-0.0887
22.435	-0.0671
22.44	-0.0509
22.445	-0.0530
22.45	-0.0480
22.455	-0.0210
22.46	0.0116
22.465	0.0282
22.47	0.0285
22.475	0.0246
22.48	0.0122
22.485	-0.0212
22.49	-0.0584
22.495	-0.0692
22.5	-0.0467
22.505	-0.0193
22.51	-0.0060
22.515	0.0073
22.52	0.0338
22.525	0.0534
22.53	0.0405
22.535	0.0032
22.54	-0.0352
22.545	-0.0698
22.55	-0.1015
22.555	-0.1198
22.56	-0.1168
22.565	-0.1013
22.57	-0.0881
22.575	-0.0743
22.58	-0.0514
22.585	-0.0220
22.59	0.0058
22.595	0.0276
22.6	0.0425
22.605	0.0529
22.61	0.0585
22.615	0.0500
22.62	0.0239
22.625	-0.0023
22.63	-0.0051
22.635	0.0103
22.64	0.0127
22.645	-0.0078
22.65	-0.0188
22.655	-0.0004
22.66	0.0219
22.665	0.0222
22.67	0.0092
22.675	-0.0010
22.68	-0.0107
22.685	-0.0291
22.69	-0.0496
22.695	-0.0553
22.7	-0.0458
22.705	-0.0300
22.71	-0.0135
22.715	-0.0015
22.72	0.0054
22.725	0.0122
22.73	0.0242
22.735	0.0383
22.74	0.0390
22.745	0.0188
22.75	-0.0123
22.755	-0.0348
22.76	-0.0381
22.765	-0.0226
22.77	0.0058
22.775	0.0340
22.78	0.0447
22.785	0.0314
22.79	0.0019
22.795	-0.0343
22.8	-0.0649
22.805	-0.0763
22.81	-0.0666
22.815	-0.0476
22.82	-0.0339
22.825	-0.0275
22.83	-0.0223
22.835	-0.0159
22.84	-0.0038
22.845	0.0242
22.85	0.0681
22.855	0.1088
22.86	0.1208
22.865	0.0924
22.87	0.0278
22.875	-0.0603
22.88	-0.1417
22.885	-0.1867
22.89	-0.1793
22.895	-0.1094
22.9	0.0110
22.905	0.1164
22.91	0.1352
22.915	0.0706
22.92	-0.0199
22.925	-0.0795
22.93	-0.0821
22.935	-0.0464
22.94	-0.0152
22.945	-0.0217
22.95	-0.0524
22.955	-0.0751
22.96	-0.0680
22.965	-0.0313
22.97	0.0074
22.975	0.0224
22.98	0.0197
22.985	0.0219
22.99	0.0299
22.995	0.0282
23	0.0211
23.005	0.0254
23.01	0.0347
23.015	0.0251
23.02	-0.0079
23.025	-0.0414
23.03	-0.0543
23.035	-0.0489
23.04	-0.0365
23.045	-0.0220
23.05	-0.0146
23.055	-0.0250
23.06	-0.0436
23.065	-0.0455
23.07	-0.0254
23.075	-0.0087
23.08	-0.0073
23.085	-0.0078
23.09	-0.0001
23.095	0.0102
23.1	0.0159
23.105	0.0126
23.11	0.0024
23.115	-0.0005
23.12	0.0053
23.125	-0.0009
23.13	-0.0321
23.135	-0.0708
23.14	-0.0834
23.145	-0.0544
23.15	-0.0067
23.155	0.0247
23.16	0.0343
23.165	0.0384
23.17	0.0424
23.175	0.0395
23.18	0.0270
23.185	0.0124
23.19	0.0004
23.195	-0.0137
23.2	-0.0373
23.205	-0.0639
23.21	-0.0722
23.215	-0.0536
23.22	-0.0295
23.225	-0.0195
23.23	-0.0177
23.235	-0.0110
23.24	-0.0048
23.245	-0.0103
23.25	-0.0188
23.255	-0.0126
23.26	0.0067
23.265	0.0197
23.27	0.0117
23.275	-0.0108
23.28	-0.0259
23.285	-0.0186
23.29	0.0041
23.295	0.0272
23.3	0.0378
23.305	0.0278
23.31	-0.0004
23.315	-0.0332
23.32	-0.0518
23.325	-0.0568
23.33	-0.0624
23.335	-0.0768
23.34	-0.0903
23.345	-0.0829
23.35	-0.0477
23.355	-0.0028
23.36	0.0233
23.365	0.0205
23.37	0.0066
23.375	-0.0015
23.38	0.0006
23.385	0.0077
23.39	0.0102
23.395	-0.0006
23.4	-0.0263
23.405	-0.0592
23.41	-0.0822
23.415	-0.0770
23.42	-0.0396
23.425	0.0120
23.43	0.0523
23.435	0.0696
23.44	0.0701
23.445	0.0669
23.45	0.0644
23.455	0.0528
23.46	0.0258
23.465	-0.0081
23.47	-0.0356
23.475	-0.0527
23.48	-0.0553
23.485	-0.0407
23.49	-0.0192
23.495	-0.0002
23.5	0.0172
23.505	0.0331
23.51	0.0407
23.515	0.0378
23.52	0.0368
23.525	0.0521
23.53	0.0729
23.535	0.0687
23.54	0.0306
23.545	-0.0161
23.55	-0.0428
23.555	-0.0516
23.56	-0.0621
23.565	-0.0675
23.57	-0.0472
23.575	-0.0186
23.58	-0.0088
23.585	-0.0098
23.59	0.0058
23.595	0.0373
23.6	0.0586
23.605	0.0467
23.61	0.0090
23.615	-0.0171
23.62	-0.0184
23.625	-0.0099
23.63	-0.0060
23.635	-0.0143
23.64	-0.0360
23.645	-0.0516
23.65	-0.0352
23.655	-0.0018
23.66	0.0105
23.665	0.0051
23.67	0.0103
23.675	0.0254
23.68	0.0295
23.685	0.0203
23.69	0.0085
23.695	-0.0045
23.7	-0.0161
23.705	-0.0143
23.71	0.0005
23.715	0.0063
23.72	-0.0089
23.725	-0.0313
23.73	-0.0341
23.735	-0.0053
23.74	0.0328
23.745	0.0506
23.75	0.0357
23.755	0.0042
23.76	-0.0164
23.765	-0.0136
23.77	-0.0016
23.775	-0.0069
23.78	-0.0298
23.785	-0.0381
23.79	-0.0152
23.795	0.0238
23.8	0.0529
23.805	0.0588
23.81	0.0448
23.815	0.0222
23.82	0.0042
23.825	-0.0057
23.83	-0.0119
23.835	-0.0203
23.84	-0.0317
23.845	-0.0349
23.85	-0.0203
23.855	0.0068
23.86	0.0267
23.865	0.0244
23.87	0.0002
23.875	-0.0382
23.88	-0.0745
23.885	-0.0898
23.89	-0.0770
23.895	-0.0441
23.9	-0.0068
23.905	0.0181
23.91	0.0261
23.915	0.0264
23.92	0.0258
23.925	0.0223
23.93	0.0123
23.935	-0.0048
23.94	-0.0251
23.945	-0.0366
23.95	-0.0297
23.955	-0.0071
23.96	0.0155
23.965	0.0223
23.97	0.0159
23.975	0.0084
23.98	0.0056
23.985	0.0044
23.99	0.0043
23.995	0.0111
24	0.0233
24.005	0.0272
24.01	0.0118
24.015	-0.0163
24.02	-0.0348
24.025	-0.0247
24.03	0.0066
24.035	0.0296
24.04	0.0272
24.045	0.0053
24.05	-0.0223
24.055	-0.0459
24.06	-0.0578
24.065	-0.0504
24.07	-0.0283
24.075	-0.0113
24.08	-0.0106
24.085	-0.0156
24.09	-0.0072
24.095	0.0169
24.1	0.0401
24.105	0.0438
24.11	0.0255
24.115	0.0027
24.12	-0.0144
24.125	-0.0282
24.13	-0.0393
24.135	-0.0424
24.14	-0.0317
24.145	-0.0088
24.15	0.0099
24.155	0.0083
24.16	-0.0017
24.165	0.0056
24.17	0.0317
24.175	0.0547
24.18	0.0569
24.185	0.0394
24.19	0.0143
24.195	-0.0036
24.2	-0.0118
24.205	-0.0149
24.21	-0.0153
24.215	-0.0183
24.22	-0.0293
24.225	-0.0455
24.23	-0.0531
24.235	-0.0408
24.24	-0.0183
24.245	-0.0008
24.25	0.0079
24.255	0.0163
24.26	0.0321
24.265	0.0531
24.27	0.0686
24.275	0.0701
24.28	0.0531
24.285	0.0209
24.29	-0.0126
24.295	-0.0321
24.3	-0.0358
24.305	-0.0385
24.31	-0.0518
24.315	-0.0627
24.32	-0.0504
24.325	-0.0219
24.33	0.0047
24.335	0.0275
24.34	0.0500
24.345	0.0612
24.35	0.0467
24.355	0.0175
24.36	0.0084
24.365	0.0285
24.37	0.0433
24.375	0.0272
24.38	-0.0017
24.385	-0.0178
24.39	-0.0194
24.395	-0.0167
24.4	-0.0129
24.405	-0.0068
24.41	-0.0032
24.415	-0.0062
24.42	-0.0076
24.425	0.0021
24.43	0.0179
24.435	0.0244
24.44	0.0152
24.445	0.0010
24.45	-0.0043
24.455	0.0033
24.46	0.0170
24.465	0.0274
24.47	0.0331
24.475	0.0357
24.48	0.0273
24.485	0.0009
24.49	-0.0278
24.495	-0.0428
24.5	-0.0444
24.505	-0.0384
24.51	-0.0255
24.515	-0.0102
24.52	-0.0058
24.525	-0.0144
24.53	-0.0186
24.535	-0.0053
24.54	0.0138
24.545	0.0214
24.55	0.0083
24.555	-0.0233
24.56	-0.0587
24.565	-0.0767
24.57	-0.0623
24.575	-0.0268
24.58	0.0098
24.585	0.0331
24.59	0.0396
24.595	0.0355
24.6	0.0262
24.605	0.0128
24.61	-0.0028
24.615	-0.0183
24.62	-0.0286
24.625	-0.0213
24.63	0.0051
24.635	0.0324
24.64	0.0435
24.645	0.0372
24.65	0.0231
24.655	0.0080
24.66	-0.0075
24.665	-0.0234
24.67	-0.0354
24.675	-0.0396
24.68	-0.0359
24.685	-0.0218
24.69	0.0041
24.695	0.0263
24.7	0.0311
24.705	0.0275
24.71	0.0343
24.715	0.0534
24.72	0.0675
24.725	0.0679
24.73	0.0640
24.735	0.0628
24.74	0.0546
24.745	0.0293
24.75	-0.0066
24.755	-0.0330
24.76	-0.0412
24.765	-0.0411
24.77	-0.0425
24.775	-0.0416
24.78	-0.0355
24.785	-0.0314
24.79	-0.0309
24.795	-0.0268
24.8	-0.0162
24.805	-0.0011
24.81	0.0203
24.815	0.0455
24.82	0.0587
24.825	0.0550
24.83	0.0464
24.835	0.0443
24.84	0.0471
24.845	0.0444
24.85	0.0357
24.855	0.0286
24.86	0.0236
24.865	0.0138
24.87	0.0009
24.875	-0.0058
24.88	-0.0068
24.885	-0.0073
24.89	-0.0055
24.895	0.0028
24.9	0.0128
24.905	0.0157
24.91	0.0122
24.915	0.0104
24.92	0.0133
24.925	0.0171
24.93	0.0174
24.935	0.0129
24.94	0.0024
24.945	-0.0126
24.95	-0.0238
24.955	-0.0247
24.96	-0.0174
24.965	-0.0099
24.97	-0.0049
24.975	-0.0010
24.98	0.0053
24.985	0.0189
24.99	0.0338
24.995	0.0379
25	0.0321
25.005	0.0313
25.01	0.0368
25.015	0.0314
25.02	0.0109
25.025	-0.0032
25.03	0.0038
25.035	0.0185
25.04	0.0247
25.045	0.0231
25.05	0.0174
25.055	0.0080
25.06	-0.0031
25.065	-0.0070
25.07	0.0002
25.075	0.0045
25.08	-0.0062
25.085	-0.0233
25.09	-0.0294
25.095	-0.0229
25.1	-0.0137
25.105	-0.0074
25.11	-0.0035
25.115	-0.0012
25.12	-0.0006
25.125	-0.0021
25.13	-0.0068
25.135	-0.0133
25.14	-0.0163
25.145	-0.0097
25.15	0.0058
25.155	0.0204
25.16	0.0246
25.165	0.0170
25.17	0.0026
25.175	-0.0108
25.18	-0.0158
25.185	-0.0062
25.19	0.0187
25.195	0.0420
25.2	0.0454
25.205	0.0270
25.21	0.0033
25.215	-0.0069
25.22	-0.0012
25.225	0.0103
25.23	0.0188
25.235	0.0212
25.24	0.0147
25.245	0.0007
25.25	-0.0132
25.255	-0.0210
25.26	-0.0242
25.265	-0.0227
25.27	-0.0119
25.275	0.0077
25.28	0.0276
25.285	0.0432
25.29	0.0548
25.295	0.0590
25.3	0.0562
25.305	0.0542
25.31	0.0516
25.315	0.0352
25.32	0.0092
25.325	-0.0075
25.33	-0.0096
25.335	-0.0083
25.34	-0.0123
25.345	-0.0216
25.35	-0.0329
25.355	-0.0412
25.36	-0.0433
25.365	-0.0396
25.37	-0.0275
25.375	-0.0058
25.38	0.0185
25.385	0.0383
25.39	0.0473
25.395	0.0368
25.4	0.0088
25.405	-0.0176
25.41	-0.0282
25.415	-0.0288
25.42	-0.0327
25.425	-0.0408
25.43	-0.0392
25.435	-0.0173
25.44	0.0109
25.445	0.0234
25.45	0.0297
25.455	0.0456
25.46	0.0609
25.465	0.0563
25.47	0.0334
25.475	0.0094
25.48	-0.0021
25.485	0.0023
25.49	0.0144
25.495	0.0232
25.5	0.0200
25.505	0.0051
25.51	-0.0113
25.515	-0.0146
25.52	0.0042
25.525	0.0349
25.53	0.0553
25.535	0.0563
25.54	0.0452
25.545	0.0308
25.55	0.0147
25.555	-0.0068
25.56	-0.0374
25.565	-0.0656
25.57	-0.0653
25.575	-0.0362
25.58	0.0000
25.585	0.0263
25.59	0.0358
25.595	0.0313
25.6	0.0210
25.605	0.0107
25.61	-0.0024
25.615	-0.0218
25.62	-0.0415
25.625	-0.0494
25.63	-0.0436
25.635	-0.0329
25.64	-0.0233
25.645	-0.0101
25.65	0.0126
25.655	0.0328
25.66	0.0315
25.665	0.0122
25.67	-0.0047
25.675	-0.0075
25.68	0.0007
25.685	0.0122
25.69	0.0197
25.695	0.0193
25.7	0.0178
25.705	0.0177
25.71	0.0099
25.715	-0.0069
25.72	-0.0187
25.725	-0.0162
25.73	-0.0033
25.735	0.0113
25.74	0.0192
25.745	0.0213
25.75	0.0245
25.755	0.0276
25.76	0.0202
25.765	-0.0024
25.77	-0.0262
25.775	-0.0257
25.78	0.0064
25.785	0.0451
25.79	0.0602
25.795	0.0450
25.8	0.0142
25.805	-0.0144
25.81	-0.0323
25.815	-0.0367
25.82	-0.0282
25.825	-0.0140
25.83	0.0021
25.835	0.0185
25.84	0.0250
25.845	0.0136
25.85	-0.0070
25.855	-0.0210
25.86	-0.0224
25.865	-0.0144
25.87	-0.0008
25.875	0.0094
25.88	0.0038
25.885	-0.0161
25.89	-0.0306
25.895	-0.0216
25.9	0.0009
25.905	0.0105
25.91	0.0052
25.915	0.0078
25.92	0.0256
25.925	0.0413
25.93	0.0419
25.935	0.0343
25.94	0.0299
25.945	0.0298
25.95	0.0258
25.955	0.0107
25.96	-0.0131
25.965	-0.0298
25.97	-0.0270
25.975	-0.0138
25.98	-0.0096
25.985	-0.0164
25.99	-0.0174
25.995	-0.0073
26	-0.0006
26.005	-0.0079
26.01	-0.0200
26.015	-0.0186
26.02	-0.0006
26.025	0.0202
26.03	0.0351
26.035	0.0463
26.04	0.0512
26.045	0.0437
26.05	0.0236
26.055	-0.0044
26.06	-0.0350
26.065	-0.0545
26.07	-0.0463
26.075	-0.0216
26.08	-0.0035
26.085	0.0005
26.09	0.0006
26.095	0.0092
26.1	0.0251
26.105	0.0373
26.11	0.0420
26.115	0.0478
26.12	0.0527
26.125	0.0411
26.13	0.0128
26.135	-0.0182
26.14	-0.0418
26.145	-0.0549
26.15	-0.0565
26.155	-0.0496
26.16	-0.0395
26.165	-0.0242
26.17	0.0020
26.175	0.0329
26.18	0.0508
26.185	0.0439
26.19	0.0231
26.195	0.0117
26.2	0.0091
26.205	-0.0034
26.21	-0.0278
26.215	-0.0468
26.22	-0.0532
26.225	-0.0590
26.23	-0.0689
26.235	-0.0703
26.24	-0.0560
26.245	-0.0348
26.25	-0.0152
26.255	0.0032
26.26	0.0225
26.265	0.0384
26.27	0.0428
26.275	0.0359
26.28	0.0290
26.285	0.0286
26.29	0.0304
26.295	0.0280
26.3	0.0197
26.305	0.0058
26.31	-0.0122
26.315	-0.0348
26.32	-0.0534
26.325	-0.0548
26.33	-0.0339
26.335	-0.0043
26.34	0.0148
26.345	0.0220
26.35	0.0286
26.355	0.0301
26.36	0.0101
26.365	-0.0261
26.37	-0.0572
26.375	-0.0690
26.38	-0.0631
26.385	-0.0467
26.39	-0.0238
26.395	0.0048
26.4	0.0331
26.405	0.0437
26.41	0.0307
26.415	0.0099
26.42	-0.0038
26.425	-0.0083
26.43	-0.0059
26.435	-0.0002
26.44	0.0020
26.445	-0.0021
26.45	-0.0020
26.455	0.0077
26.46	0.0166
26.465	0.0141
26.47	0.0023
26.475	-0.0100
26.48	-0.0158
26.485	-0.0131
26.49	-0.0081
26.495	-0.0034
26.5	0.0032
26.505	0.0088
26.51	0.0104
26.515	0.0115
26.52	0.0128
26.525	0.0066
26.53	-0.0032
26.535	-0.0069
26.54	-0.0103
26.545	-0.0180
26.55	-0.0206
26.555	-0.0145
26.56	-0.0124
26.565	-0.0174
26.57	-0.0158
26.575	-0.0043
26.58	0.0060
26.585	0.0105
26.59	0.0133
26.595	0.0156
26.6	0.0150
26.605	0.0122
26.61	0.0096
26.615	0.0053
26.62	-0.0035
26.625	-0.0096
26.63	-0.0037
26.635	0.0121
26.64	0.0238
26.645	0.0208
26.65	0.0076
26.655	-0.0013
26.66	0.0007
26.665	0.0045
26.67	0.0008
26.675	-0.0079
26.68	-0.0128
26.685	-0.0100
26.69	-0.0038
26.695	-0.0021
26.7	-0.0074
26.705	-0.0171
26.71	-0.0268
26.715	-0.0335
26.72	-0.0373
26.725	-0.0384
26.73	-0.0324
26.735	-0.0182
26.74	-0.0051
26.745	0.0025
26.75	0.0065
26.755	0.0073
26.76	0.0044
26.765	0.0003
26.77	-0.0007
26.775	0.0003
26.78	-0.0024
26.785	-0.0077
26.79	-0.0089
26.795	-0.0049
26.8	-0.0008
26.805	-0.0002
26.81	-0.0008
26.815	-0.0006
26.82	-0.0005
26.825	0.0006
26.83	0.0057
26.835	0.0125
26.84	0.0133
26.845	0.0043
26.85	-0.0120
26.855	-0.0313
26.86	-0.0494
26.865	-0.0606
26.87	-0.0600
26.875	-0.0435
26.88	-0.0151
26.885	0.0156
26.89	0.0427
26.895	0.0657
26.9	0.0832
26.905	0.0862
26.91	0.0689
26.915	0.0368
26.92	0.0002
26.925	-0.0317
26.93	-0.0527
26.935	-0.0628
26.94	-0.0658
26.945	-0.0617
26.95	-0.0473
26.955	-0.0202
26.96	0.0115
26.965	0.0306
26.97	0.0291
26.975	0.0182
26.98	0.0165
26.985	0.0285
26.99	0.0384
26.995	0.0328
27	0.0129
27.005	-0.0097
27.01	-0.0264
27.015	-0.0386
27.02	-0.0520
27.025	-0.0612
27.03	-0.0533
27.035	-0.0311
27.04	-0.0082
27.045	0.0113
27.05	0.0275
27.055	0.0363
27.06	0.0358
27.065	0.0281
27.07	0.0176
27.075	0.0066
27.08	-0.0080
27.085	-0.0253
27.09	-0.0328
27.095	-0.0199
27.1	0.0038
27.105	0.0161
27.11	0.0062
27.115	-0.0131
27.12	-0.0256
27.125	-0.0244
27.13	-0.0103
27.135	0.0118
27.14	0.0330
27.145	0.0420
27.15	0.0351
27.155	0.0186
27.16	-0.0006
27.165	-0.0176
27.17	-0.0252
27.175	-0.0174
27.18	-0.0023
27.185	0.0034
27.19	-0.0029
27.195	-0.0058
27.2	0.0021
27.205	0.0103
27.21	0.0086
27.215	0.0030
27.22	0.0033
27.225	0.0055
27.23	-0.0038
27.235	-0.0231
27.24	-0.0313
27.245	-0.0228
27.25	-0.0113
27.255	-0.0064
27.26	-0.0052
27.265	-0.0019
27.27	0.0019
27.275	0.0004
27.28	-0.0088
27.285	-0.0222
27.29	-0.0301
27.295	-0.0263
27.3	-0.0163
27.305	-0.0098
27.31	-0.0082
27.315	-0.0092
27.32	-0.0111
27.325	-0.0077
27.33	0.0082
27.335	0.0334
27.34	0.0577
27.345	0.0708
27.35	0.0655
27.355	0.0310
27.36	-0.0310
27.365	-0.0866
27.37	-0.1131
27.375	-0.1131
27.38	-0.0981
27.385	-0.0698
27.39	-0.0256
27.395	0.0261
27.4	0.0632
27.405	0.0737
27.41	0.0684
27.415	0.0599
27.42	0.0537
27.425	0.0496
27.43	0.0400
27.435	0.0197
27.44	-0.0047
27.445	-0.0244
27.45	-0.0454
27.455	-0.0718
27.46	-0.0928
27.465	-0.0945
27.47	-0.0779
27.475	-0.0525
27.48	-0.0179
27.485	0.0257
27.49	0.0594
27.495	0.0715
27.5	0.0650
27.505	0.0503
27.51	0.0373
27.515	0.0298
27.52	0.0257
27.525	0.0210
27.53	0.0133
27.535	0.0023
27.54	-0.0111
27.545	-0.0258
27.55	-0.0428
27.555	-0.0583
27.56	-0.0563
27.565	-0.0235
27.57	0.0219
27.575	0.0509
27.58	0.0539
27.585	0.0414
27.59	0.0223
27.595	-0.0018
27.6	-0.0263
27.605	-0.0323
27.61	-0.0098
27.615	0.0174
27.62	0.0292
27.625	0.0281
27.63	0.0238
27.635	0.0218
27.64	0.0220
27.645	0.0197
27.65	0.0129
27.655	0.0073
27.66	0.0032
27.665	-0.0057
27.67	-0.0201
27.675	-0.0324
27.68	-0.0383
27.685	-0.0371
27.69	-0.0268
27.695	-0.0096
27.7	0.0054
27.705	0.0133
27.71	0.0163
27.715	0.0165
27.72	0.0146
27.725	0.0124
27.73	0.0090
27.735	0.0043
27.74	-0.0009
27.745	-0.0105
27.75	-0.0273
27.755	-0.0440
27.76	-0.0511
27.765	-0.0458
27.77	-0.0291
27.775	-0.0047
27.78	0.0178
27.785	0.0327
27.79	0.0424
27.795	0.0489
27.8	0.0495
27.805	0.0407
27.81	0.0212
27.815	-0.0036
27.82	-0.0214
27.825	-0.0308
27.83	-0.0388
27.835	-0.0453
27.84	-0.0444
27.845	-0.0394
27.85	-0.0392
27.855	-0.0385
27.86	-0.0190
27.865	0.0199
27.87	0.0590
27.875	0.0810
27.88	0.0831
27.885	0.0694
27.89	0.0473
27.895	0.0249
27.9	0.0058
27.905	-0.0110
27.91	-0.0240
27.915	-0.0296
27.92	-0.0285
27.925	-0.0283
27.93	-0.0327
27.935	-0.0354
27.94	-0.0323
27.945	-0.0301
27.95	-0.0306
27.955	-0.0257
27.96	-0.0137
27.965	-0.0016
27.97	0.0089
27.975	0.0212
27.98	0.0272
27.985	0.0156
27.99	-0.0027
27.995	-0.0094
28	-0.0034
28.005	0.0024
28.01	0.0051
28.015	0.0128
28.02	0.0249
28.025	0.0256
28.03	0.0042
28.035	-0.0245
28.04	-0.0378
28.045	-0.0336
28.05	-0.0227
28.055	-0.0116
28.06	0.0012
28.065	0.0143
28.07	0.0233
28.075	0.0283
28.08	0.0305
28.085	0.0276
28.09	0.0196
28.095	0.0087
28.1	-0.0026
28.105	-0.0155
28.11	-0.0313
28.115	-0.0454
28.12	-0.0513
28.125	-0.0446
28.13	-0.0278
28.135	-0.0068
28.14	0.0141
28.145	0.0341
28.15	0.0518
28.155	0.0596
28.16	0.0549
28.165	0.0431
28.17	0.0242
28.175	-0.0039
28.18	-0.0308
28.185	-0.0373
28.19	-0.0251
28.195	-0.0202
28.2	-0.0314
28.205	-0.0386
28.21	-0.0272
28.215	-0.0086
28.22	0.0000
28.225	-0.0021
28.23	-0.0049
28.235	-0.0009
28.24	0.0060
28.245	0.0095
28.25	0.0133
28.255	0.0248
28.26	0.0363
28.265	0.0307
28.27	0.0020
28.275	-0.0301
28.28	-0.0398
28.285	-0.0281
28.29	-0.0158
28.295	-0.0111
28.3	-0.0054
28.305	0.0092
28.31	0.0283
28.315	0.0375
28.32	0.0273
28.325	0.0111
28.33	0.0062
28.335	0.0117
28.34	0.0103
28.345	-0.0067
28.35	-0.0257
28.355	-0.0268
28.36	-0.0092
28.365	0.0068
28.37	0.0122
28.375	0.0157
28.38	0.0249
28.385	0.0371
28.39	0.0441
28.395	0.0392
28.4	0.0219
28.405	-0.0007
28.41	-0.0172
28.415	-0.0208
28.42	-0.0144
28.425	-0.0060
28.43	-0.0017
28.435	-0.0012
28.44	0.0003
28.445	0.0062
28.45	0.0140
28.455	0.0193
28.46	0.0183
28.465	0.0097
28.47	-0.0007
28.475	-0.0037
28.48	0.0039
28.485	0.0153
28.49	0.0220
28.495	0.0247
28.5	0.0254
28.505	0.0205
28.51	0.0082
28.515	-0.0047
28.52	-0.0081
28.525	-0.0013
28.53	0.0053
28.535	0.0072
28.54	0.0096
28.545	0.0152
28.55	0.0176
28.555	0.0113
28.56	0.0006
28.565	-0.0077
28.57	-0.0099
28.575	-0.0109
28.58	-0.0178
28.585	-0.0294
28.59	-0.0340
28.595	-0.0240
28.6	-0.0053
28.605	0.0105
28.61	0.0160
28.615	0.0122
28.62	0.0062
28.625	0.0036
28.63	0.0018
28.635	-0.0037
28.64	-0.0098
28.645	-0.0088
28.65	-0.0025
28.655	0.0009
28.66	0.0015
28.665	0.0024
28.67	0.0030
28.675	0.0013
28.68	-0.0019
28.685	-0.0038
28.69	-0.0033
28.695	-0.0027
28.7	-0.0052
28.705	-0.0096
28.71	-0.0109
28.715	-0.0056
28.72	0.0027
28.725	0.0076
28.73	0.0035
28.735	-0.0094
28.74	-0.0201
28.745	-0.0221
28.75	-0.0216
28.755	-0.0254
28.76	-0.0321
28.765	-0.0339
28.77	-0.0263
28.775	-0.0111
28.78	0.0041
28.785	0.0142
28.79	0.0204
28.795	0.0267
28.8	0.0355
28.805	0.0459
28.81	0.0509
28.815	0.0443
28.82	0.0286
28.825	0.0088
28.83	-0.0139
28.835	-0.0340
28.84	-0.0393
28.845	-0.0272
28.85	-0.0103
28.855	0.0004
28.86	0.0055
28.865	0.0101
28.87	0.0144
28.875	0.0179
28.88	0.0227
28.885	0.0274
28.89	0.0242
28.895	0.0077
28.9	-0.0169
28.905	-0.0357
28.91	-0.0411
28.915	-0.0351
28.92	-0.0218
28.925	-0.0039
28.93	0.0144
28.935	0.0280
28.94	0.0294
28.945	0.0160
28.95	0.0021
28.955	0.0008
28.96	0.0074
28.965	0.0084
28.97	0.0006
28.975	-0.0101
28.98	-0.0183
28.985	-0.0184
28.99	-0.0072
28.995	0.0060
29	0.0095
29.005	0.0060
29.01	0.0051
29.015	0.0058
29.02	0.0024
29.025	-0.0028
29.03	-0.0036
29.035	-0.0013
29.04	-0.0006
29.045	-0.0001
29.05	0.0012
29.055	-0.0007
29.06	-0.0075
29.065	-0.0131
29.07	-0.0107
29.075	-0.0027
29.08	0.0073
29.085	0.0203
29.09	0.0350
29.095	0.0431
29.1	0.0403
29.105	0.0295
29.11	0.0149
29.115	-0.0020
29.12	-0.0200
29.125	-0.0336
29.13	-0.0385
29.135	-0.0349
29.14	-0.0241
29.145	-0.0122
29.15	-0.0090
29.155	-0.0132
29.16	-0.0099
29.165	0.0070
29.17	0.0268
29.175	0.0335
29.18	0.0229
29.185	0.0098
29.19	0.0059
29.195	0.0043
29.2	-0.0044
29.205	-0.0158
29.21	-0.0218
29.215	-0.0218
29.22	-0.0200
29.225	-0.0167
29.23	-0.0121
29.235	-0.0092
29.24	-0.0084
29.245	-0.0054
29.25	0.0024
29.255	0.0115
29.26	0.0156
29.265	0.0126
29.27	0.0083
29.275	0.0077
29.28	0.0097
29.285	0.0107
29.29	0.0111
29.295	0.0103
29.3	0.0062
29.305	0.0002
29.31	-0.0048
29.315	-0.0126
29.32	-0.0248
29.325	-0.0308
29.33	-0.0214
29.335	-0.0011
29.34	0.0189
29.345	0.0309
29.35	0.0325
29.355	0.0277
29.36	0.0249
29.365	0.0253
29.37	0.0218
29.375	0.0098
29.38	-0.0074
29.385	-0.0233
29.39	-0.0300
29.395	-0.0276
29.4	-0.0257
29.405	-0.0265
29.41	-0.0232
29.415	-0.0148
29.42	-0.0073
29.425	-0.0009
29.43	0.0077
29.435	0.0171
29.44	0.0179
29.445	0.0079
29.45	-0.0007
29.455	0.0006
29.46	0.0035
29.465	0.0020
29.47	0.0026
29.475	0.0098
29.48	0.0174
29.485	0.0214
29.49	0.0241
29.495	0.0267
29.5	0.0256
29.505	0.0180
29.51	0.0062
29.515	-0.0034
29.52	-0.0038
29.525	0.0027
29.53	0.0087
29.535	0.0110
29.54	0.0069
29.545	-0.0049
29.55	-0.0193
29.555	-0.0283
29.56	-0.0315
29.565	-0.0310
29.57	-0.0246
29.575	-0.0114
29.58	0.0055
29.585	0.0202
29.59	0.0225
29.595	0.0102
29.6	-0.0051
29.605	-0.0084
29.61	-0.0008
29.615	0.0027
29.62	-0.0014
29.625	-0.0054
29.63	-0.0049
29.635	-0.0007
29.64	0.0071
29.645	0.0184
29.65	0.0285
29.655	0.0269
29.66	0.0094
29.665	-0.0113
29.67	-0.0216
29.675	-0.0221
29.68	-0.0220
29.685	-0.0232
29.69	-0.0208
29.695	-0.0153
29.7	-0.0103
29.705	-0.0062
29.71	-0.0052
29.715	-0.0102
29.72	-0.0140
29.725	-0.0070
29.73	0.0057
29.735	0.0098
29.74	-0.0006
29.745	-0.0141
29.75	-0.0188
29.755	-0.0152
29.76	-0.0105
29.765	-0.0083
29.77	-0.0077
29.775	-0.0069
29.78	-0.0044
29.785	0.0008
29.79	0.0069
29.795	0.0074
29.8	-0.0007
29.805	-0.0122
29.81	-0.0177
29.815	-0.0131
29.82	-0.0041
29.825	-0.0002
29.83	-0.0043
29.835	-0.0119
29.84	-0.0144
29.845	-0.0078
29.85	0.0035
29.855	0.0095
29.86	0.0054
29.865	-0.0005
29.87	0.0003
29.875	0.0052
29.88	0.0076
29.885	0.0078
29.89	0.0096
29.895	0.0111
29.9	0.0081
29.905	0.0025
29.91	0.0006
29.915	0.0025
29.92	0.0024
29.925	-0.0068
29.93	-0.0237
29.935	-0.0381
29.94	-0.0438
29.945	-0.0417
29.95	-0.0344
29.955	-0.0208
29.96	-0.0021
29.965	0.0144
29.97	0.0199
29.975	0.0117
29.98	-0.0043
29.985	-0.0197
29.99	-0.0293
29.995	-0.0318
30	-0.0231
