1 7.2185e-05 0.000208457 0.000292827 0.000363489 0.000427748 0.000493034 0.00054271 0.000537312 0.000612708 0.000684931 0.000748734 0.000747882 0.000794775 0.000824902 0.000840777 0.000857234
2 7.05371e-05 0.000272603 0.000388473 0.000512361 0.000887354 0.000877705 0.00119061 0.00142478 0.00128782 0.00152799 0.00162142 0.00164289 0.00218874 0.00147999 0.00220659 0.00162676
3 5.41678e-05 0.000245835 0.000337375 0.000503612 0.00108234 0.00100512 0.00154243 0.0019872 0.00168044 0.00205507 0.00216844 0.00207228 0.00289789 0.00176862 0.00297668 0.0020072
4 4.54001e-05 0.000209043 0.000285665 0.00044838 0.00109798 0.000992727 0.00166548 0.00223429 0.00184735 0.00228908 0.00239806 0.00213 0.00314595 0.00189807 0.00323843 0.00210301
5 4.22455e-05 0.00018873 0.000258117 0.000407709 0.00106999 0.000951213 0.00170453 0.00235202 0.00192966 0.00240963 0.00250894 0.00211363 0.00321303 0.0019484 0.00334926 0.00209485
6 4.11875e-05 0.000178896 0.00024554 0.00038392 0.00104013 0.000910842 0.00171622 0.00241805 0.00198225 0.00249213 0.00257765 0.00207701 0.00321632 0.00196748 0.0034351 0.00207111
7 4.07612e-05 0.000174172 0.000239764 0.000370747 0.00101581 0.000878088 0.00171666 0.00245931 0.00202163 0.00255637 0.0026272 0.00203755 0.00319819 0.00197275 0.00350211 0.00204153
8 4.05616e-05 0.000171869 0.000237032 0.000363597 0.000997848 0.000853507 0.00171296 0.00248714 0.00205406 0.00261074 0.00266695 0.0020014 0.00317546 0.00197185 0.00355504 0.00201302
9 4.04538e-05 0.000170695 0.000235665 0.000359694 0.000985108 0.000835745 0.00170803 0.00250692 0.00208211 0.0026585 0.00270041 0.00197 0.00315369 0.00196788 0.00359695 0.00198707
10 4.03893e-05 0.000170059 0.000234932 0.000357521 0.000976241 0.000823147 0.00170311 0.00252149 0.00210692 0.00270109 0.00272906 0.00194327 0.00313446 0.00196224 0.00363012 0.00196373
11 4.03485e-05 0.000169693 0.000234517 0.000356285 0.000970145 0.000814328 0.00169871 0.00253253 0.00212913 0.0027393 0.00275367 0.0019207 0.00311802 0.00195564 0.00365629 0.00194293
12 4.03224e-05 0.000169472 0.000234277 0.000355571 0.000966002 0.000808226 0.00169504 0.00254114 0.00214914 0.00277366 0.00277474 0.00190171 0.00310412 0.00194851 0.00367684 0.00192453
13 4.03062e-05 0.000169338 0.00023414 0.000355162 0.00096323 0.000804062 0.00169212 0.00254802 0.00216726 0.0028046 0.00279272 0.00188574 0.00309244 0.00194114 0.0036929 0.00190834
14 4.02974e-05 0.000169259 0.000234073 0.000354939 0.00096143 0.000801281 0.00168995 0.00255372 0.0021838 0.00283264 0.00280802 0.00187232 0.00308264 0.0019337 0.00370543 0.00189419
15 4.02931e-05 0.000169215 0.000234048 0.000354831 0.000960301 0.00079947 0.00168843 0.00255855 0.00219892 0.00285802 0.0028209 0.00186101 0.00307437 0.00192632 0.00371513 0.0018819
16 4.0292e-05 0.000169194 0.000234051 0.000354796 0.00095964 0.000798339 0.00168746 0.00256272 0.00221276 0.00288097 0.00283162 0.00185146 0.00306735 0.00191908 0.00372255 0.00187127
17 4.02933e-05 0.00016919 0.000234074 0.000354809 0.000959304 0.000797684 0.00168696 0.00256641 0.00222546 0.00290171 0.00284043 0.00184338 0.00306137 0.00191206 0.00372813 0.00186215
18 4.02962e-05 0.000169197 0.00023411 0.000354853 0.000959195 0.00079736 0.00168683 0.00256972 0.00223713 0.00292044 0.00284757 0.00183653 0.00305627 0.0019053 0.00373226 0.00185436
19 4.03002e-05 0.000169212 0.000234154 0.000354918 0.000959242 0.000797267 0.00168701 0.00257275 0.00224785 0.00293737 0.00285325 0.00183071 0.00305191 0.00189885 0.00373521 0.00184775
20 4.03049e-05 0.000169233 0.000234203 0.000354995 0.000959396 0.00079733 0.00168742 0.00257555 0.00225773 0.00295265 0.00285766 0.00182575 0.00304816 0.00189273 0.00373723 0.00184219