1 3.16836e-05 9.49579e-05 0.000163422 0.000251043 0.000323523 0.000380049 0.000480693 0.000570724 0.000641902 0.000598158 0.000655354 0.000707699 0.000751833 0.000784572
2 4.24983e-05 0.000141928 0.000304668 0.000388718 0.000843856 0.000805784 0.00106693 0.00129016 0.00147869 0.00140938 0.00169858 0.00177184 0.00227037 0.00206155
3 4.1869e-05 0.000147956 0.000366714 0.000446371 0.00133114 0.00119528 0.00169552 0.00223075 0.00272432 0.00250915 0.00308975 0.00322793 0.0040519 0.00367771
4 3.7515e-05 0.000134774 0.000360152 0.000437455 0.00162747 0.00146261 0.00223342 0.00324037 0.00421782 0.00362881 0.00436087 0.00456641 0.00553465 0.00522829
5 3.36089e-05 0.000120037 0.000328085 0.000396591 0.00173236 0.0016017 0.00262368 0.00417701 0.00570006 0.00454215 0.00554677 0.0059752 0.00712435 0.00725802
6 3.02862e-05 0.000106889 0.000290613 0.000345221 0.00170598 0.00163247 0.00286143 0.00497581 0.00702843 0.00526874 0.00648396 0.00752854 0.00904273 0.00992812
7 2.80387e-05 9.74671e-05 0.000256094 0.000301238 0.00161386 0.00158151 0.00296218 0.00562555 0.00841512 0.00569059 0.00737241 0.00916521 0.0108671 0.0127891
8 2.68074e-05 9.22662e-05 0.000235682 0.000273534 0.00146994 0.00148109 0.00297323 0.00625801 0.00981563 0.00599789 0.00797223 0.0105585 0.0120989 0.0151917
9 2.59156e-05 8.85697e-05 0.00021971 0.000255595 0.0013406 0.00135544 0.00290173 0.00675714 0.0112654 0.00620727 0.0081412 0.0114317 0.0125166 0.0167056
10 2.51958e-05 8.57023e-05 0.000208359 0.000243444 0.00123002 0.00123713 0.00280812 0.00725535 0.0127352 0.00633439 0.00804326 0.0119337 0.0122944 0.0174189
11 2.47023e-05 8.37893e-05 0.000202596 0.000235641 0.00114134 0.00113163 0.00270114 0.00775974 0.0143414 0.00641889 0.00778788 0.012357 0.0117447 0.0177041
12 2.45358e-05 8.30488e-05 0.000199284 0.00023163 0.00107227 0.00104097 0.00258796 0.00827247 0.0161222 0.00646866 0.0074407 0.0127595 0.0110402 0.0179557
13 2.44238e-05 8.25769e-05 0.000196982 0.000229523 0.00101764 0.000964198 0.00247022 0.00878477 0.0180792 0.00647905 0.00704357 0.0131563 0.010334 0.0182171
14 2.43055e-05 8.212e-05 0.000194986 0.000227958 0.000972708 0.000899112 0.00234761 0.00928138 0.0202014 0.00644492 0.00662345 0.0135498 0.00967332 0.0184967
15 2.41663e-05 8.15996e-05 0.000192963 0.000226398 0.000933989 0.000843436 0.00221986 0.00974279 0.0224667 0.00637412 0.00618828 0.0139388 0.00905644 0.0187919
16 2.40041e-05 8.09991e-05 0.000190793 0.000224661 0.000899847 0.00079561 0.00208766 0.0101645 0.0248472 0.00628006 0.00574513 0.0143221 0.00848274 0.0191002
17 2.38207e-05 8.03217e-05 0.000188444 0.000222706 0.00087356 0.000754099 0.00196502 0.010586 0.027417 0.00615989 0.00530144 0.0146979 0.00794977 0.0194171
18 2.36151e-05 7.95636e-05 0.000185884 0.000220512 0.000851712 0.000717364 0.0018505 0.0109889 0.0301939 0.00600844 0.00486348 0.0150626 0.00745513 0.0197338
19 2.33848e-05 7.8717e-05 0.000183089 0.000218058 0.000831927 0.000687857 0.00174187 0.0113517 0.0331431 0.00582235 0.00443567 0.0154119 0.00699547 0.0200402
20 2.31343e-05 7.77971e-05 0.000180105 0.000215379 0.000812766 0.000663621 0.00163764 0.0116528 0.0362191 0.00560122 0.00402398 0.0157419 0.00656782 0.0203444