1 6.3642e-05 0.000189601 0.000285563 0.000392056 0.000488418 0.000579396 0.000656074 0.000630957 0.000714877 0.000797597 0.000878663 0.000896316 0.000989084 0.00107945 0.00115619 0.00122011
2 8.28971e-05 0.000331071 0.000476798 0.000707672 0.00126403 0.00126069 0.00173879 0.0020828 0.00193976 0.00239535 0.0026703 0.00286059 0.00414991 0.00328809 0.00512957 0.00411667
3 7.54366e-05 0.000358787 0.000508241 0.000838838 0.00189897 0.00184775 0.00293767 0.003892 0.00358857 0.00480137 0.00566948 0.00609148 0.00980745 0.0075911 0.0127247 0.00985999
4 6.60268e-05 0.000332278 0.000476962 0.000833906 0.00221511 0.00223537 0.00398558 0.00559997 0.00550834 0.00790784 0.0099744 0.0105131 0.0174871 0.0141498 0.0231057 0.0179601
5 5.82219e-05 0.000290044 0.000423361 0.000750211 0.00221491 0.00236741 0.00464229 0.00675574 0.00728936 0.0110678 0.0147534 0.0147828 0.024016 0.0201597 0.0299916 0.0230494
6 4.9257e-05 0.000236352 0.000349098 0.000607386 0.00190636 0.00215081 0.00458499 0.00683894 0.00818228 0.013027 0.01815 0.0168534 0.0255948 0.0216913 0.0324941 0.0264199
7 4.44525e-05 0.000202076 0.000298478 0.000499051 0.00159422 0.00184715 0.00423042 0.00644857 0.00854658 0.0142521 0.0206425 0.0175128 0.0243337 0.0215815 0.035081 0.0301451
8 4.18316e-05 0.000182124 0.000268131 0.000429879 0.00135157 0.0015598 0.00378455 0.0058918 0.00860719 0.0150436 0.0226121 0.0174198 0.0219253 0.0215252 0.0375857 0.0340061
9 4.00593e-05 0.000169616 0.00024914 0.000386132 0.00117487 0.00131464 0.00332598 0.00528683 0.00845497 0.015488 0.0241543 0.0168731 0.0194192 0.0214282 0.0399409 0.0379658
10 3.87128e-05 0.000160869 0.000235767 0.000357474 0.00104453 0.00111835 0.00289622 0.00468872 0.00812452 0.0156291 0.0253108 0.0160032 0.0171622 0.0212742 0.0421699 0.0419911
11 3.75048e-05 0.000153902 0.000225365 0.00033671 0.000945709 0.000964156 0.00250856 0.00412322 0.00765085 0.0154545 0.0260238 0.0149077 0.0151269 0.0210486 0.0442257 0.0460916
12 3.64248e-05 0.000147956 0.000216762 0.000320431 0.000868671 0.000845299 0.00217137 0.00360854 0.00706668 0.0149871 0.0262847 0.0136787 0.0132968 0.0207351 0.0460956 0.0503176
13 3.54445e-05 0.000142643 0.000209175 0.000306727 0.000806478 0.000753847 0.00188413 0.00315227 0.00640518 0.0142593 0.0260956 0.012381 0.011662 0.020325 0.0478218 0.0547015
14 3.44999e-05 0.000137587 0.000202002 0.000294236 0.000753764 0.000681975 0.00164164 0.00275125 0.00569262 0.0132952 0.0254416 0.0110533 0.0102174 0.0198103 0.0493778 0.0592706
15 3.3515e-05 0.000132512 0.000195174 0.000282365 0.000705631 0.000624419 0.00143854 0.00240344 0.00495622 0.0121118 0.0242895 0.00972934 0.00895612 0.0191852 0.0507308 0.0640484
16 3.24632e-05 0.000127268 0.000187882 0.000270134 0.000659677 0.000574628 0.0012636 0.00209562 0.00421527 0.0107359 0.0226148 0.00842168 0.00787045 0.0184485 0.0518403 0.0690461
17 3.12291e-05 0.000121363 0.000179878 0.000256857 0.000612052 0.00052837 0.00110837 0.00181762 0.00348648 0.00919008 0.0203852 0.00713519 0.00696087 0.0176062 0.0526573 0.0742443
18 2.97384e-05 0.000114312 0.000170283 0.000241274 0.000559768 0.000481614 0.000964593 0.00155704 0.00278193 0.00752196 0.0176085 0.00587047 0.0062289 0.016688 0.0531404 0.0795818
19 2.78763e-05 0.00010563 0.000158348 0.000222322 0.000500242 0.000431614 0.000824774 0.00130439 0.00211838 0.00579295 0.0143379 0.00464061 0.00566673 0.0157282 0.0532879 0.0850005
20 2.54962e-05 9.49571e-05 0.000143614 0.000199628 0.000431493 0.000375901 0.000683469 0.00107472 0.00152002 0.00428113 0.0112226 0.00373291 0.00526344 0.0147422 0.0531374 0.0906314