t(s)	a(g)
0	0.000293722
0.005	0.000294374
0.01	0.000295025
0.015	0.000295675
0.02	0.000296326
0.025	0.000296975
0.03	0.000297624
0.035	0.000298273
0.04	0.000298921
0.045	0.000299569
0.05	0.000300216
0.055	0.000300863
0.06	0.000301509
0.065	0.000302155
0.07	0.0003028
0.075	0.000303445
0.08	0.000304089
0.085	0.000304733
0.09	0.000305376
0.095	0.000306018
0.1	0.000306661
0.105	0.000307302
0.11	0.000307943
0.115	0.000308584
0.12	0.000309224
0.125	0.000309864
0.13	0.000310503
0.135	0.000311141
0.14	0.000311779
0.145	0.000312417
0.15	0.000313054
0.155	0.000313691
0.16	0.000314327
0.165	0.000314962
0.17	0.000315597
0.175	0.000316231
0.18	0.000316865
0.185	0.000317499
0.19	0.000318131
0.195	0.000318764
0.2	0.000319396
0.205	0.000320027
0.21	0.000320658
0.215	0.000321288
0.22	0.000321917
0.225	0.000322546
0.23	0.000323175
0.235	0.000323803
0.24	0.000324431
0.245	0.000325058
0.25	0.000325684
0.255	0.00032631
0.26	0.000326935
0.265	0.00032756
0.27	0.000328184
0.275	0.000328808
0.28	0.000329431
0.285	0.000330054
0.29	0.000330676
0.295	0.000331298
0.3	0.000331919
0.305	0.000332539
0.31	0.000333159
0.315	0.000333778
0.32	0.000334397
0.325	0.000335015
0.33	0.000335633
0.335	0.00033625
0.34	0.000336866
0.345	0.000337482
0.35	0.000338098
0.355	0.000338713
0.36	0.000339327
0.365	0.000339941
0.37	0.000340554
0.375	0.000341167
0.38	0.000341779
0.385	0.00034239
0.39	0.000343001
0.395	0.000343611
0.4	0.000344221
0.405	0.00034483
0.41	0.000345439
0.415	0.000346047
0.42	0.000346655
0.425	0.000347261
0.43	0.000347868
0.435	0.000348474
0.44	0.000349079
0.445	0.000349683
0.45	0.000350287
0.455	0.000350891
0.46	0.000351494
0.465	0.000352096
0.47	0.000352698
0.475	0.000353299
0.48	0.000353899
0.485	0.000354499
0.49	0.000355098
0.495	0.000355697
0.5	0.000356295
0.505	0.000356893
0.51	0.00035749
0.515	0.000358086
0.52	0.000358682
0.525	0.000359277
0.53	0.000359872
0.535	0.000360466
0.54	0.000361059
0.545	0.000361652
0.55	0.000362244
0.555	0.000362836
0.56	0.000363427
0.565	0.000364017
0.57	0.000364607
0.575	0.000365196
0.58	0.000365785
0.585	0.000366373
0.59	0.00036696
0.595	0.000367547
0.6	0.000368133
0.605	0.000368718
0.61	0.000369303
0.615	0.000369888
0.62	0.000370471
0.625	0.000371054
0.63	0.000371637
0.635	0.000372219
0.64	0.0003728
0.645	0.000373381
0.65	0.000373961
0.655	0.00037454
0.66	0.000375119
0.665	0.000375697
0.67	0.000376274
0.675	0.000376851
0.68	0.000377427
0.685	0.000378003
0.69	0.000378578
0.695	0.000379152
0.7	0.000379726
0.705	0.000380299
0.71	0.000380872
0.715	0.000381444
0.72	0.000382015
0.725	0.000382585
0.73	0.000383155
0.735	0.000383725
0.74	0.000384293
0.745	0.000384861
0.75	0.000385429
0.755	0.000385995
0.76	0.000386562
0.765	0.000387127
0.77	0.000387692
0.775	0.000388256
0.78	0.00038882
0.785	0.000389382
0.79	0.000389945
0.795	0.000390506
0.8	0.000391067
0.805	0.000391628
0.81	0.000392187
0.815	0.000392746
0.82	0.000393305
0.825	0.000393862
0.83	0.000394419
0.835	0.000394976
0.84	0.000395531
0.845	0.000396087
0.85	0.000396641
0.855	0.000397195
0.86	0.000397748
0.865	0.0003983
0.87	0.000398852
0.875	0.000399403
0.88	0.000399954
0.885	0.000400503
0.89	0.000401053
0.895	0.000401601
0.9	0.000402149
0.905	0.000402696
0.91	0.000403242
0.915	0.000403788
0.92	0.000404333
0.925	0.000404878
0.93	0.000405422
0.935	0.000405965
0.94	0.000406507
0.945	0.000407049
0.95	0.00040759
0.955	0.00040813
0.96	0.00040867
0.965	0.000409209
0.97	0.000409748
0.975	0.000410285
0.98	0.000410822
0.985	0.000411359
0.99	0.000411894
0.995	0.000412429
1	0.000412963
1.005	0.000413497
1.01	0.00041403
1.015	0.000414562
1.02	0.000415094
1.025	0.000415625
1.03	0.000416155
1.035	0.000416684
1.04	0.000417213
1.045	0.000417741
1.05	0.000418268
1.055	0.000418795
1.06	0.000419321
1.065	0.000419846
1.07	0.000420371
1.075	0.000420895
1.08	0.000421418
1.085	0.000421941
1.09	0.000422462
1.095	0.000422983
1.1	0.000423504
1.105	0.000424024
1.11	0.000424543
1.115	0.000425061
1.12	0.000425578
1.125	0.000426095
1.13	0.000426612
1.135	0.000427127
1.14	0.000427642
1.145	0.000428156
1.15	0.000428669
1.155	0.000429182
1.16	0.000429694
1.165	0.000430205
1.17	0.000430715
1.175	0.000431225
1.18	0.000431734
1.185	0.000432242
1.19	0.00043275
1.195	0.000433257
1.2	0.000433763
1.205	0.000434269
1.21	0.000434773
1.215	0.000435277
1.22	0.000435781
1.225	0.000436283
1.23	0.000436785
1.235	0.000437286
1.24	0.000437787
1.245	0.000438286
1.25	0.000438785
1.255	0.000439283
1.26	0.000439781
1.265	0.000440278
1.27	0.000440774
1.275	0.000441269
1.28	0.000441764
1.285	0.000442257
1.29	0.000442751
1.295	0.000443243
1.3	0.000443735
1.305	0.000444225
1.31	0.000444716
1.315	0.000445205
1.32	0.000445694
1.325	0.000446182
1.33	0.000446669
1.335	0.000447155
1.34	0.000447641
1.345	0.000448126
1.35	0.00044861
1.355	0.000449094
1.36	0.000449576
1.365	0.000450058
1.37	0.00045054
1.375	0.00045102
1.38	0.0004515
1.385	0.000451979
1.39	0.000452457
1.395	0.000452935
1.4	0.000453411
1.405	0.000453887
1.41	0.000454363
1.415	0.000454837
1.42	0.000455311
1.425	0.000455784
1.43	0.000456256
1.435	0.000456727
1.44	0.000457198
1.445	0.000457668
1.45	0.000458137
1.455	0.000458606
1.46	0.000459073
1.465	0.00045954
1.47	0.000460006
1.475	0.000460472
1.48	0.000460936
1.485	0.0004614
1.49	0.000461863
1.495	0.000462326
1.5	0.000462787
1.505	0.000463248
1.51	0.000463708
1.515	0.000464167
1.52	0.000464626
1.525	0.000465083
1.53	0.00046554
1.535	0.000465996
1.54	0.000466452
1.545	0.000466906
1.55	0.00046736
1.555	0.000467813
1.56	0.000468266
1.565	0.000468717
1.57	0.000469168
1.575	0.000469618
1.58	0.000470067
1.585	0.000470515
1.59	0.000470963
1.595	0.00047141
1.6	0.000471856
1.605	0.000472301
1.61	0.000472745
1.615	0.000473189
1.62	0.000473632
1.625	0.000474074
1.63	0.000474515
1.635	0.000474956
1.64	0.000475396
1.645	0.000475835
1.65	0.000476273
1.655	0.00047671
1.66	0.000477147
1.665	0.000477583
1.67	0.000478018
1.675	0.000478452
1.68	0.000478885
1.685	0.000479318
1.69	0.00047975
1.695	0.000480181
1.7	0.000480611
1.705	0.00048104
1.71	0.000481469
1.715	0.000481897
1.72	0.000482324
1.725	0.00048275
1.73	0.000483176
1.735	0.0004836
1.74	0.000484024
1.745	0.000484447
1.75	0.000484869
1.755	0.000485291
1.76	0.000485711
1.765	0.000486131
1.77	0.00048655
1.775	0.000486969
1.78	0.000487386
1.785	0.000487802
1.79	0.000488218
1.795	0.000488633
1.8	0.000489047
1.805	0.000489461
1.81	0.000489873
1.815	0.000490285
1.82	0.000490696
1.825	0.000491106
1.83	0.000491515
1.835	0.000491924
1.84	0.000492331
1.845	0.000492738
1.85	0.000493144
1.855	0.000493549
1.86	0.000493954
1.865	0.000494357
1.87	0.00049476
1.875	0.000495162
1.88	0.000495563
1.885	0.000495963
1.89	0.000496363
1.895	0.000486761
1.9	0.000487159
1.905	0.000477556
1.91	0.000467952
1.915	0.000458347
1.92	0.000448742
1.925	0.000439136
1.93	0.000439528
1.935	0.00041992
1.94	0.000410312
1.945	0.000390702
1.95	0.000381091
1.955	0.00037148
1.96	0.000351868
1.965	0.000332255
1.97	0.000312641
1.975	0.000293026
1.98	0.000273411
1.985	0.000253795
1.99	0.000224177
1.995	0.000204559
2	0.000184941
2.005	0.000165321
2.01	0.0001357
2.015	0.000106079
2.02	7.64569E-05
2.025	4.68338E-05
2.03	1.721E-05
2.035	-1.24147E-05
2.04	-4.20403E-05
2.045	-8.16667E-05
2.05	-0.000111294
2.055	-0.000150922
2.06	-0.000190551
2.065	-0.000230181
2.07	-0.000259811
2.075	-0.000299443
2.08	-0.000339075
2.085	-0.000388708
2.09	-0.000438342
2.095	-0.000477977
2.1	-0.000527613
2.105	-0.00057725
2.11	-0.000626887
2.115	-0.000676525
2.12	-0.000726164
2.125	-0.000785804
2.13	-0.000835445
2.135	-0.000895087
2.14	-0.000964729
2.145	-0.001024373
2.15	-0.001084017
2.155	-0.001143662
2.16	-0.001203308
2.165	-0.001272955
2.17	-0.001352603
2.175	-0.001432251
2.18	-0.001541901
2.185	-0.001661551
2.19	-0.001771202
2.195	-0.001890854
2.2	-0.002000507
2.205	-0.00212016
2.21	-0.002249815
2.215	-0.00240947
2.22	-0.002569127
2.225	-0.002738784
2.23	-0.002898442
2.235	-0.003048101
2.24	-0.00320776
2.245	-0.003407421
2.25	-0.003617083
2.255	-0.003806745
2.26	-0.004006408
2.265	-0.004206072
2.27	-0.004405737
2.275	-0.004595403
2.28	-0.00479507
2.285	-0.005024737
2.29	-0.005254406
2.295	-0.005484075
2.3	-0.005713745
2.305	-0.005943416
2.31	-0.006163088
2.315	-0.006392761
2.32	-0.006622435
2.325	-0.006872109
2.33	-0.007121785
2.335	-0.007371461
2.34	-0.007631138
2.345	-0.007880816
2.35	-0.008130495
2.355	-0.008380175
2.36	-0.008629856
2.365	-0.008899537
2.37	-0.00916922
2.375	-0.009448903
2.38	-0.009708587
2.385	-0.009978273
2.39	-0.010237959
2.395	-0.010507645
2.4	-0.010777333
2.405	-0.011047022
2.41	-0.011316711
2.415	-0.011596402
2.42	-0.011876093
2.425	-0.012145785
2.43	-0.012425478
2.435	-0.012705172
2.44	-0.012974867
2.445	-0.013244563
2.45	-0.01352426
2.455	-0.013803957
2.46	-0.014083655
2.465	-0.014363355
2.47	-0.014643055
2.475	-0.014912756
2.48	-0.015182458
2.485	-0.015452161
2.49	-0.015711865
2.495	-0.015991569
2.5	-0.016271275
2.505	-0.016550981
2.51	-0.016820689
2.515	-0.017090397
2.52	-0.017350106
2.525	-0.017599816
2.53	-0.017859527
2.535	-0.018139239
2.54	-0.018398951
2.545	-0.018668665
2.55	-0.018928379
2.555	-0.019168095
2.56	-0.019407811
2.565	-0.019657528
2.57	-0.019897246
2.575	-0.020146965
2.58	-0.020396685
2.585	-0.020656406
2.59	-0.020906128
2.595	-0.02114585
2.6	-0.021405574
2.605	-0.021635298
2.61	-0.021855024
2.615	-0.02207475
2.62	-0.022294477
2.625	-0.022524205
2.63	-0.022733934
2.635	-0.022973664
2.64	-0.023153395
2.645	-0.023343126
2.65	-0.023532859
2.655	-0.023712592
2.66	-0.023892327
2.665	-0.024082062
2.67	-0.024251798
2.675	-0.024441535
2.68	-0.024581273
2.685	-0.024711012
2.69	-0.024850752
2.695	-0.024990493
2.7	-0.025110234
2.705	-0.025249977
2.71	-0.025389721
2.715	-0.025529465
2.72	-0.02559921
2.725	-0.025678957
2.73	-0.025758704
2.735	-0.025848452
2.74	-0.025928201
2.745	-0.025997951
2.75	-0.026057701
2.755	-0.026127453
2.76	-0.026187206
2.765	-0.026186959
2.77	-0.026176714
2.775	-0.026176469
2.78	-0.026176226
2.785	-0.026145983
2.79	-0.026105741
2.795	-0.0260855
2.8	-0.02604526
2.805	-0.025935021
2.81	-0.025824783
2.815	-0.025714546
2.82	-0.025574309
2.825	-0.025424074
2.83	-0.025283839
2.835	-0.025143606
2.84	-0.024913373
2.845	-0.024683141
2.85	-0.024452911
2.855	-0.024222681
2.86	-0.024002452
2.865	-0.023772224
2.87	-0.023541997
2.875	-0.023321771
2.88	-0.023101545
2.885	-0.022881321
2.89	-0.022661098
2.895	-0.022440875
2.9	-0.022220654
2.905	-0.022000433
2.91	-0.021780214
2.915	-0.021569995
2.92	-0.021349777
2.925	-0.02112956
2.93	-0.020919344
2.935	-0.020709129
2.94	-0.020498915
2.945	-0.020288702
2.95	-0.02007849
2.955	-0.019868278
2.96	-0.019658068
2.965	-0.019447859
2.97	-0.01924765
2.975	-0.019037443
2.98	-0.018837236
2.985	-0.01862703
2.99	-0.018426826
2.995	-0.018226622
3	-0.018026419
3.005	-0.017816217
3.01	-0.016996016
3.015	-0.016765816
3.02	-0.016535617
3.025	-0.016315419
3.03	-0.016105221
3.035	-0.015785025
3.04	-0.01529483
3.045	-0.014854635
3.05	-0.014534442
3.055	-0.014214249
3.06	-0.013864057
3.065	-0.013303867
3.07	-0.012373677
3.075	-0.011063488
3.08	-0.0098333
3.085	-0.009203113
3.09	-0.009292927
3.095	-0.009902742
3.1	-0.010572558
3.105	-0.011462375
3.11	-0.012582193
3.115	-0.014172011
3.12	-0.015721831
3.125	-0.016081652
3.13	-0.014781473
3.135	-0.012301296
3.14	-0.010261119
3.145	-0.009060944
3.15	-0.008940769
3.155	-0.008780595
3.16	-0.008420422
3.165	-0.00798025
3.17	-0.00752008
3.175	-0.00718991
3.18	-0.006999741
3.185	-0.006869573
3.19	-0.006659405
3.195	-0.006279239
3.2	-0.005719074
3.205	-0.00524891
3.21	-0.005208746
3.215	-0.006278584
3.22	-0.008688423
3.225	-0.011178262
3.23	-0.010778103
3.235	-0.009267944
3.24	-0.006807786
3.245	-0.00398763
3.25	-0.003427474
3.255	-0.004327319
3.26	-0.006437165
3.265	-0.009587013
3.27	-0.011946861
3.275	-0.01393671
3.28	-0.01390656
3.285	-0.011686411
3.29	-0.008466262
3.295	-0.005696115
3.3	-0.003405969
3.305	-0.002215824
3.31	-0.001955679
3.315	-0.002165536
3.32	-0.003855394
3.325	-0.007485252
3.33	-0.011615112
3.335	-0.014274972
3.34	-0.016204834
3.345	-0.017514696
3.35	-0.017524559
3.355	-0.017214424
3.36	-0.016124289
3.365	-0.013624155
3.37	-0.010524022
3.375	-0.00786389
3.38	-0.004383759
3.385	-0.000873629
3.39	0.0033365
3.395	0.006276628
3.4	0.008676755
3.405	0.012396881
3.41	0.015227006
3.415	0.017957131
3.42	0.018017254
3.425	0.016777376
3.43	0.014427498
3.435	0.011427618
3.44	0.010367738
3.445	0.009637856
3.45	0.009937974
3.455	0.00845809
3.46	0.004798206
3.465	-0.00091168
3.47	-0.006201566
3.475	-0.008501453
3.48	-0.007061341
3.485	-0.003471231
3.49	0.000368879
3.495	0.003028988
3.5	0.002879096
3.505	0.000609203
3.51	-0.002000691
3.515	-0.002610586
3.52	-0.001420482
3.525	0.000629621
3.53	0.003039724
3.535	0.004359825
3.54	0.004149925
3.545	0.004290024
3.55	0.004930123
3.555	0.00539022
3.56	0.004560316
3.565	0.001290412
3.57	-0.004239494
3.575	-0.0090794
3.58	-0.013109308
3.585	-0.017609216
3.59	-0.024769125
3.595	-0.035689036
3.6	-0.048918947
3.605	-0.059018859
3.61	-0.066608773
3.615	-0.071248687
3.62	-0.070988602
3.625	-0.065558518
3.63	-0.054208435
3.635	-0.038308353
3.64	-0.020528272
3.645	-0.003838192
3.65	0.009061887
3.655	0.021881965
3.66	0.037302042
3.665	0.053172118
3.67	0.066742193
3.675	0.077032267
3.68	0.079742341
3.685	0.076992413
3.69	0.068542484
3.695	0.054202554
3.7	0.036922624
3.705	0.023372692
3.71	0.01774276
3.715	0.018942826
3.72	0.026942892
3.725	0.039612956
3.73	0.05228302
3.735	0.062303082
3.74	0.066643144
3.745	0.064173205
3.75	0.056813264
3.755	0.047393323
3.76	0.037063381
3.765	0.030113438
3.77	0.022623493
3.775	0.015623548
3.78	0.009663602
3.785	0.001363655
3.79	-0.005636293
3.795	-0.010536242
3.8	-0.013416192
3.805	-0.012066143
3.81	-0.005446095
3.815	0.004443952
3.82	0.013683998
3.825	0.019264044
3.83	0.021654088
3.835	0.022364131
3.84	0.022994173
3.845	0.027394215
3.85	0.036544255
3.855	0.046844294
3.86	0.054554333
3.865	0.05872437
3.87	0.054784406
3.875	0.042834442
3.88	0.026104476
3.885	0.01000451
3.89	-0.003185457
3.895	-0.009655426
3.9	-0.009295395
3.905	-0.005035366
3.91	-7.53369E-05
3.915	0.000474691
3.92	-0.004745282
3.925	-0.013145257
3.93	-0.015695232
3.935	-0.005405208
3.94	0.005764815
3.945	0.002414837
3.95	-0.001455142
3.955	-0.004615122
3.96	-0.007425104
3.965	-0.011405086
3.97	-0.016775068
3.975	-0.023675052
3.98	-0.032945037
3.985	-0.042555023
3.99	-0.05108501
3.995	-0.056994998
4	-0.057034987
4.005	-0.050594976
4.01	-0.041704967
4.015	-0.030554959
4.02	-0.015594952
4.025	-0.000524945
4.03	0.01380506
4.035	0.030515065
4.04	0.048405068
4.045	0.05962507
4.05	0.064505072
4.055	0.066345073
4.06	0.062825072
4.065	0.053975071
4.07	0.041885068
4.075	0.029715065
4.08	0.020545061
4.085	0.020685055
4.09	0.029255049
4.095	0.040875042
4.1	0.052095034
4.105	0.061145024
4.11	0.065945014
4.115	0.065165003
4.12	0.061944991
4.125	0.057864978
4.13	0.055414964
4.135	0.055854949
4.14	0.057274933
4.145	0.056754916
4.15	0.051244898
4.155	0.038074879
4.16	0.015084859
4.165	-0.013415162
4.17	-0.037535183
4.175	-0.056255206
4.18	-0.06934523
4.185	-0.072165255
4.19	-0.06514528
4.195	-0.053615307
4.2	-0.041715335
4.205	-0.029785363
4.21	-0.019985393
4.215	-0.014205423
4.22	-0.011095455
4.225	-0.010235487
4.23	-0.012085521
4.235	-0.014545555
4.24	-0.017255591
4.245	-0.022805627
4.25	-0.030555664
4.255	-0.040265703
4.26	-0.049625742
4.265	-0.054095782
4.27	-0.052375823
4.275	-0.046645865
4.28	-0.036785909
4.285	-0.026185953
4.29	-0.014435998
4.295	-0.006896044
4.3	-0.005196091
4.305	-0.004236139
4.31	-0.000846188
4.315	0.004423762
4.32	0.013123711
4.325	0.023253659
4.33	0.035273607
4.335	0.046853553
4.34	0.054343498
4.345	0.059953442
4.35	0.064393386
4.355	0.063503328
4.36	0.058793269
4.365	0.05234321
4.37	0.043243149
4.375	0.031703088
4.38	0.020573025
4.385	0.009652962
4.39	-0.003497103
4.395	-0.015507168
4.4	-0.025187235
4.405	-0.031837302
4.41	-0.03323737
4.415	-0.02821744
4.42	-0.01781751
4.425	-0.004437581
4.43	0.009952347
4.435	0.022572273
4.44	0.031412199
4.445	0.038512124
4.45	0.043442048
4.455	0.044131971
4.46	0.041721893
4.465	0.038691814
4.47	0.035741734
4.475	0.031371653
4.48	0.026981572
4.485	0.022151489
4.49	0.016781405
4.495	0.01407132
4.5	0.011741235
4.505	0.011331148
4.51	0.01216106
4.515	0.014270972
4.52	0.017110882
4.525	0.017300791
4.53	0.0126207
4.535	0.003380608
4.54	-0.007609486
4.545	-0.01765958
4.55	-0.027339676
4.555	-0.038279772
4.56	-0.051159869
4.565	-0.060219967
4.57	-0.066890067
4.575	-0.073440167
4.58	-0.077830268
4.585	-0.08307037
4.59	-0.084370473
4.595	-0.078790577
4.6	-0.069110682
4.605	-0.057130788
4.61	-0.041800895
4.615	-0.028181003
4.62	-0.020831112
4.625	-0.015741221
4.63	-0.011211332
4.635	-0.007021444
4.64	0.001108444
4.645	0.01218833
4.65	0.025538215
4.655	0.0412381
4.66	0.053537983
4.665	0.060597866
4.67	0.062767747
4.675	0.059177628
4.68	0.049407508
4.685	0.037787386
4.69	0.027607264
4.695	0.019957141
4.7	0.015527017
4.705	0.012496892
4.71	0.008686766
4.715	0.002756638
4.72	-0.00595349
4.725	-0.015603618
4.73	-0.026673748
4.735	-0.040253879
4.74	-0.053864011
4.745	-0.066714144
4.75	-0.078814278
4.755	-0.086544412
4.76	-0.087774548
4.765	-0.083834685
4.77	-0.074044822
4.775	-0.059494961
4.78	-0.0445551
4.785	-0.03095524
4.79	-0.018005382
4.795	-0.006765524
4.8	0.000374333
4.805	0.004844188
4.81	0.006644043
4.815	0.004833897
4.82	0.00175375
4.825	-0.001956398
4.83	-0.005796547
4.835	-0.008996697
4.84	-0.012806848
4.845	-0.016037
4.85	-0.017487153
4.855	-0.019477306
4.86	-0.023577461
4.865	-0.028447617
4.87	-0.033777773
4.875	-0.040837931
4.88	-0.047048089
4.885	-0.050958249
4.89	-0.053668409
4.895	-0.056108571
4.9	-0.057118733
4.905	-0.057458896
4.91	-0.05776906
4.915	-0.057309226
4.92	-0.055459392
4.925	-0.052479559
4.93	-0.050279727
4.935	-0.048039896
4.94	-0.047270065
4.945	-0.049700236
4.95	-0.054630408
4.955	-0.060220581
4.96	-0.066640754
4.965	-0.074630929
4.97	-0.082911105
4.975	-0.087941281
4.98	-0.089131458
4.985	-0.086941637
4.99	-0.084511816
4.995	-0.085081996
5	-0.085882178
5.005	-0.08598236
5.01	-0.085282543
5.015	-0.083372727
5.02	-0.080412912
5.025	-0.076893098
5.03	-0.069093285
5.035	-0.058013472
5.04	-0.046023661
5.045	-0.038053851
5.05	-0.031154042
5.055	-0.024354233
5.06	-0.015754426
5.065	-0.005744619
5.07	0.003305187
5.075	0.011674991
5.08	0.017774795
5.085	0.021404598
5.09	0.0231644
5.095	0.022344201
5.1	0.019054001
5.105	0.0141138
5.11	0.010923598
5.115	0.009493395
5.12	0.009193191
5.125	0.009672987
5.13	0.009892781
5.135	0.009962575
5.14	0.009952367
5.145	0.009982159
5.15	0.010351949
5.155	0.011721739
5.16	0.014651528
5.165	0.018621316
5.17	0.021451103
5.175	0.024790889
5.18	0.028210674
5.185	0.032370458
5.19	0.035200241
5.195	0.035800023
5.2	0.033379805
5.205	0.029739585
5.21	0.025249365
5.215	0.020289143
5.22	0.017768921
5.225	0.018538697
5.23	0.021408473
5.235	0.024578248
5.24	0.025998022
5.245	0.026447795
5.25	0.025567567
5.255	0.021607338
5.26	0.014147108
5.265	0.006796878
5.27	0.002206646
5.275	-0.002843586
5.28	-0.00937382
5.285	-0.016954054
5.29	-0.02503429
5.295	-0.031964526
5.3	-0.038324763
5.305	-0.041285001
5.31	-0.03845524
5.315	-0.03352548
5.32	-0.028985721
5.325	-0.027225963
5.33	-0.028646205
5.335	-0.032986449
5.34	-0.040236693
5.345	-0.046716939
5.35	-0.050747185
5.355	-0.052297433
5.36	-0.052237681
5.365	-0.05371793
5.37	-0.05753818
5.375	-0.061938431
5.38	-0.066998683
5.385	-0.068728935
5.39	-0.064869189
5.395	-0.056559444
5.4	-0.044879699
5.405	-0.029999956
5.41	-0.013950213
5.415	0.000889529
5.42	0.014589269
5.425	0.026839009
5.43	0.035748748
5.435	0.044778487
5.44	0.054378224
5.445	0.06282796
5.45	0.069447695
5.455	0.07521743
5.46	0.082507163
5.465	0.087886896
5.47	0.088646628
5.475	0.085316359
5.48	0.077266088
5.485	0.064735818
5.49	0.044445546
5.495	0.019435273
5.5	-0.004365001
5.505	-0.026545275
5.51	-0.047815551
5.515	-0.069245827
5.52	-0.090316105
5.525	-0.110216383
5.53	-0.130626662
5.535	-0.145116942
5.54	-0.154687223
5.545	-0.159627505
5.55	-0.159877788
5.555	-0.157668071
5.56	-0.155288356
5.565	-0.155338641
5.57	-0.157318927
5.575	-0.160489215
5.58	-0.163259503
5.585	-0.161799792
5.59	-0.156680082
5.595	-0.147730373
5.6	-0.136880664
5.605	-0.127520957
5.61	-0.12332125
5.615	-0.122451545
5.62	-0.12299184
5.625	-0.124442136
5.63	-0.127172433
5.635	-0.130472731
5.64	-0.13508303
5.645	-0.13924333
5.65	-0.14257363
5.655	-0.145963932
5.66	-0.148154234
5.665	-0.148484538
5.67	-0.148044842
5.675	-0.145855147
5.68	-0.140935453
5.685	-0.13479576
5.69	-0.129396067
5.695	-0.125336376
5.7	-0.122736686
5.705	-0.120346996
5.71	-0.119647307
5.715	-0.119727619
5.72	-0.119507933
5.725	-0.118838246
5.73	-0.117038561
5.735	-0.113968877
5.74	-0.110619194
5.745	-0.107599511
5.75	-0.104609829
5.755	-0.101960149
5.76	-0.100380469
5.765	-0.09996079
5.77	-0.100611112
5.775	-0.103471434
5.78	-0.108331758
5.785	-0.112322082
5.79	-0.115242408
5.795	-0.118042734
5.8	-0.117823061
5.805	-0.115663389
5.81	-0.114373718
5.815	-0.112834048
5.82	-0.109744378
5.825	-0.10607471
5.83	-0.101735042
5.835	-0.097745375
5.84	-0.093895709
5.845	-0.088286044
5.85	-0.08307638
5.855	-0.079006717
5.86	-0.075347055
5.865	-0.070677393
5.87	-0.066967732
5.875	-0.063818072
5.88	-0.059988413
5.885	-0.055668755
5.89	-0.051689098
5.895	-0.048649442
5.9	-0.043489786
5.905	-0.036160132
5.91	-0.026440478
5.915	-0.013220825
5.92	0.000298827
5.925	0.011518478
5.93	0.021298129
5.935	0.032287778
5.94	0.041707427
5.945	0.049517074
5.95	0.057066721
5.955	0.063416367
5.96	0.067576012
5.965	0.070065657
5.97	0.0723853
5.975	0.073704943
5.98	0.077284585
5.985	0.083504226
5.99	0.089653866
5.995	0.097173505
6	0.107293143
6.005	0.119622781
6.01	0.133522417
6.015	0.148312053
6.02	0.162471688
6.025	0.176451322
6.03	0.190730955
6.035	0.202280588
6.04	0.210780219
6.045	0.21936985
6.05	0.23114948
6.055	0.244219109
6.06	0.258078737
6.065	0.272458364
6.07	0.287017991
6.075	0.299927616
6.08	0.312547241
6.085	0.326276865
6.09	0.336186488
6.095	0.34340611
6.1	0.349025732
6.105	0.353525352
6.11	0.356474972
6.115	0.358864591
6.12	0.360904209
6.125	0.361853826
6.13	0.362413443
6.135	0.363003058
6.14	0.362902673
6.145	0.360852287
6.15	0.3566119
6.155	0.351351512
6.16	0.343921124
6.165	0.338670734
6.17	0.333550344
6.175	0.327549953
6.18	0.322269561
6.185	0.316439168
6.19	0.309328775
6.195	0.30094838
6.2	0.292407985
6.205	0.283237589
6.21	0.273117192
6.215	0.264926794
6.22	0.258106396
6.225	0.250915996
6.23	0.245235596
6.235	0.240685195
6.24	0.235344793
6.245	0.231434391
6.25	0.226323987
6.255	0.220423583
6.26	0.214743178
6.265	0.209342772
6.27	0.202992365
6.275	0.194801958
6.28	0.185301549
6.285	0.17635114
6.29	0.16551073
6.295	0.153470319
6.3	0.140199907
6.305	0.125819495
6.31	0.112059082
6.315	0.098568668
6.32	0.084848253
6.325	0.071197837
6.33	0.057407421
6.335	0.044787003
6.34	0.032046585
6.345	0.017706166
6.35	0.003165746
6.355	-0.011924674
6.36	-0.028415096
6.365	-0.043485518
6.37	-0.058885941
6.375	-0.068916364
6.38	-0.078516789
6.385	-0.089877214
6.39	-0.097557641
6.395	-0.105768068
6.4	-0.113468495
6.405	-0.119278924
6.41	-0.125709353
6.415	-0.133239783
6.42	-0.141290214
6.425	-0.149030646
6.43	-0.156351079
6.435	-0.164751512
6.44	-0.172611946
6.445	-0.179812381
6.45	-0.187032817
6.455	-0.192333253
6.46	-0.196413691
6.465	-0.201454129
6.47	-0.205044568
6.475	-0.204795007
6.48	-0.201015448
6.485	-0.193965889
6.49	-0.186026331
6.495	-0.178626774
6.5	-0.170947218
6.505	-0.162637662
6.51	-0.156058107
6.515	-0.148558553
6.52	-0.140359
6.525	-0.132869448
6.53	-0.124079896
6.535	-0.114900345
6.54	-0.105550795
6.545	-0.096241246
6.55	-0.088631697
6.555	-0.081302149
6.56	-0.071942602
6.565	-0.058923056
6.57	-0.04098351
6.575	-0.021853966
6.58	-0.003514422
6.585	0.015095121
6.59	0.032094664
6.595	0.047814205
6.6	0.060363746
6.605	0.068003286
6.61	0.074122825
6.615	0.078122364
6.62	0.081141902
6.625	0.083931439
6.63	0.086900975
6.635	0.09032051
6.64	0.095350045
6.645	0.102129579
6.65	0.109889112
6.655	0.118578645
6.66	0.131048176
6.665	0.148957707
6.67	0.171117237
6.675	0.198806767
6.68	0.230866295
6.685	0.259585823
6.69	0.28527535
6.695	0.306554876
6.7	0.315564402
6.705	0.315143927
6.71	0.308493451
6.715	0.299232974
6.72	0.290732497
6.725	0.288022019
6.73	0.28881154
6.735	0.28968106
6.74	0.29082058
6.745	0.292400098
6.75	0.293529616
6.755	0.296349134
6.76	0.30104865
6.765	0.303768166
6.77	0.304227681
6.775	0.304477196
6.78	0.303116709
6.785	0.297296222
6.79	0.286225734
6.795	0.273305246
6.8	0.257454756
6.805	0.238354266
6.81	0.219783775
6.815	0.199533284
6.82	0.181632791
6.825	0.163522298
6.83	0.146221805
6.835	0.13304131
6.84	0.120090815
6.845	0.106600319
6.85	0.093089822
6.855	0.076539325
6.86	0.057078827
6.865	0.036458328
6.87	0.011547828
6.875	-0.015582672
6.88	-0.038953173
6.885	-0.059593675
6.89	-0.079964178
6.895	-0.104714681
6.9	-0.130845185
6.905	-0.152725689
6.91	-0.175086195
6.915	-0.198826701
6.92	-0.221717208
6.925	-0.247267715
6.93	-0.272768224
6.935	-0.295378733
6.94	-0.314069242
6.945	-0.329189753
6.95	-0.343800264
6.955	-0.356320776
6.96	-0.366121288
6.965	-0.375841802
6.97	-0.383632316
6.975	-0.38980283
6.98	-0.395593346
6.985	-0.399853862
6.99	-0.401134379
6.995	-0.399474896
7	-0.395735414
7.005	-0.390245933
7.01	-0.381706453
7.015	-0.368096973
7.02	-0.350727494
7.025	-0.333698016
7.03	-0.316358539
7.035	-0.296039062
7.04	-0.274419586
7.045	-0.25208011
7.05	-0.230570635
7.055	-0.209351161
7.06	-0.187161688
7.065	-0.165822215
7.07	-0.143442743
7.075	-0.119593272
7.08	-0.096443801
7.085	-0.072294331
7.09	-0.046014862
7.095	-0.019135394
7.1	0.007994074
7.105	0.031813541
7.11	0.054273008
7.115	0.075482474
7.12	0.093051939
7.125	0.108641403
7.13	0.124370867
7.135	0.13710033
7.14	0.150009792
7.145	0.165199254
7.15	0.181418715
7.155	0.199498175
7.16	0.216147635
7.165	0.230857094
7.17	0.242996552
7.175	0.25285601
7.18	0.263845467
7.185	0.273554923
7.19	0.277714379
7.195	0.282403834
7.2	0.290403288
7.205	0.297402741
7.21	0.306132194
7.215	0.317121647
7.22	0.327221098
7.225	0.336170549
7.23	0.345119999
7.235	0.355829449
7.24	0.364898898
7.245	0.373698346
7.25	0.383757794
7.255	0.392437241
7.26	0.399646687
7.265	0.405946133
7.27	0.408915578
7.275	0.408575022
7.28	0.407564466
7.285	0.405473909
7.29	0.402283351
7.295	0.398582793
7.3	0.393112234
7.305	0.388191674
7.31	0.384801114
7.315	0.382530553
7.32	0.381039991
7.325	0.380739429
7.33	0.380428866
7.335	0.380058303
7.34	0.380077739
7.345	0.380387174
7.35	0.380406609
7.355	0.378726042
7.36	0.373875476
7.365	0.365914908
7.37	0.35636434
7.375	0.346893772
7.38	0.339083203
7.385	0.331202633
7.39	0.321302062
7.395	0.308631491
7.4	0.292450919
7.405	0.274240347
7.41	0.254579774
7.415	0.2338892
7.42	0.214488626
7.425	0.193438051
7.43	0.167407475
7.435	0.139206899
7.44	0.109176322
7.445	0.077845745
7.45	0.043305167
7.455	0.004414588
7.46	-0.032375991
7.465	-0.066996571
7.47	-0.097747152
7.475	-0.117467733
7.48	-0.133098315
7.485	-0.147248897
7.49	-0.15793948
7.495	-0.166640064
7.5	-0.175080648
7.505	-0.182181233
7.51	-0.190021818
7.515	-0.199952405
7.52	-0.210742991
7.525	-0.223023579
7.53	-0.233494166
7.535	-0.243734755
7.54	-0.255895344
7.545	-0.266015934
7.55	-0.274046524
7.555	-0.276797115
7.56	-0.275707707
7.565	-0.272768299
7.57	-0.267608892
7.575	-0.262549485
7.58	-0.257690079
7.585	-0.252640673
7.59	-0.247291269
7.595	-0.241781864
7.6	-0.236342461
7.605	-0.231393058
7.61	-0.227523655
7.615	-0.224944253
7.62	-0.223294852
7.625	-0.226555451
7.63	-0.233486051
7.635	-0.241546651
7.64	-0.249957253
7.645	-0.256447854
7.65	-0.262338456
7.655	-0.266179059
7.66	-0.268119663
7.665	-0.266990267
7.67	-0.263540871
7.675	-0.258601476
7.68	-0.253792082
7.685	-0.248802688
7.69	-0.242353295
7.695	-0.233583902
7.7	-0.22269451
7.705	-0.211535119
7.71	-0.199465728
7.715	-0.185986338
7.72	-0.171946948
7.725	-0.159037559
7.73	-0.146388171
7.735	-0.134588783
7.74	-0.121379395
7.745	-0.106630008
7.75	-0.091380622
7.755	-0.074881236
7.76	-0.060691851
7.765	-0.049772466
7.77	-0.039253082
7.775	-0.029763699
7.78	-0.022424316
7.785	-0.016874934
7.79	-0.012555552
7.795	-0.01062617
7.8	-0.01129679
7.805	-0.01454741
7.81	-0.02090803
7.815	-0.028388651
7.82	-0.035159272
7.825	-0.042759894
7.83	-0.050150517
7.835	-0.05678114
7.84	-0.063681764
7.845	-0.069502388
7.85	-0.074143013
7.855	-0.077913638
7.86	-0.078224264
7.865	-0.07618489
7.87	-0.073825517
7.875	-0.073306145
7.88	-0.074586773
7.885	-0.076517401
7.89	-0.07824803
7.895	-0.07771866
7.9	-0.07379929
7.905	-0.068769921
7.91	-0.063760552
7.915	-0.057331184
7.92	-0.049751816
7.925	-0.041612449
7.93	-0.033943082
7.935	-0.026533716
7.94	-0.01928435
7.945	-0.010804985
7.95	2.43793E-05
7.955	0.010823743
7.96	0.021283107
7.965	0.03331247
7.97	0.048961832
7.975	0.068421194
7.98	0.088150556
7.985	0.108519917
7.99	0.128329277
7.995	0.147358637
8	0.167697997
8.005	0.187337355
8.01	0.203286714
8.015	0.217646072
8.02	0.227905429
8.025	0.236934786
8.03	0.245494142
8.035	0.251143498
8.04	0.254952854
8.045	0.257612208
8.05	0.260271563
8.055	0.261110917
8.06	0.26099027
8.065	0.260049623
8.07	0.257748975
8.075	0.254638327
8.08	0.252637678
8.085	0.249557029
8.09	0.24620638
8.095	0.240485729
8.1	0.234405079
8.105	0.228894428
8.11	0.224003776
8.115	0.220123124
8.12	0.216722471
8.125	0.212241818
8.13	0.206931165
8.135	0.203040511
8.14	0.200689856
8.145	0.198559201
8.15	0.198918546
8.155	0.19937789
8.16	0.198307234
8.165	0.194536577
8.17	0.187615919
8.175	0.180175261
8.18	0.173344603
8.185	0.167723944
8.19	0.163683285
8.195	0.158672625
8.2	0.153621965
8.205	0.145171304
8.21	0.135270643
8.215	0.126189982
8.22	0.11751932
8.225	0.112148657
8.23	0.108857994
8.235	0.104767331
8.24	0.102526667
8.245	0.102046002
8.25	0.100595338
8.255	0.098064672
8.26	0.095624007
8.265	0.09436334
8.27	0.092062674
8.275	0.089042007
8.28	0.086571339
8.285	0.083000671
8.29	0.078700003
8.295	0.072849334
8.3	0.067318664
8.305	0.061997994
8.31	0.056037324
8.315	0.048976654
8.32	0.040665982
8.325	0.032385311
8.33	0.024414639
8.335	0.015733966
8.34	0.005813294
8.345	-0.00595738
8.35	-0.018098054
8.355	-0.029838728
8.36	-0.040349402
8.365	-0.051230077
8.37	-0.064720753
8.375	-0.078181429
8.38	-0.091042105
8.385	-0.104732782
8.39	-0.117833459
8.395	-0.129374137
8.4	-0.140554815
8.405	-0.152055493
8.41	-0.163856172
8.415	-0.175716852
8.42	-0.188537531
8.425	-0.202178212
8.43	-0.215078892
8.435	-0.228099573
8.44	-0.241780255
8.445	-0.253960936
8.45	-0.264371619
8.455	-0.273862301
8.46	-0.282802984
8.465	-0.292623668
8.47	-0.302484352
8.475	-0.311525036
8.48	-0.321295721
8.485	-0.330986406
8.49	-0.339287091
8.495	-0.347267777
8.5	-0.354258464
8.505	-0.36038915
8.51	-0.366029837
8.515	-0.370120525
8.52	-0.372681213
8.525	-0.375041901
8.53	-0.37571259
8.535	-0.375963279
8.54	-0.376693968
8.545	-0.377374658
8.55	-0.376935349
8.555	-0.373776039
8.56	-0.36704673
8.565	-0.358647422
8.57	-0.349818113
8.575	-0.337788806
8.58	-0.323019498
8.585	-0.307010191
8.59	-0.288620885
8.595	-0.270871578
8.6	-0.252942272
8.605	-0.234152967
8.61	-0.216033662
8.615	-0.196514357
8.62	-0.175245053
8.625	-0.154985749
8.63	-0.133686445
8.635	-0.110247142
8.64	-0.088637839
8.645	-0.067838536
8.65	-0.046419234
8.655	-0.021929932
8.66	0.002349369
8.665	0.02087867
8.67	0.041517971
8.675	0.063937271
8.68	0.082176571
8.685	0.099975871
8.69	0.11582517
8.695	0.126664469
8.7	0.137673767
8.705	0.150293066
8.71	0.164172363
8.715	0.178201661
8.72	0.189590958
8.725	0.200270255
8.73	0.210269551
8.735	0.218878847
8.74	0.226808143
8.745	0.236147439
8.75	0.245166734
8.755	0.254646028
8.76	0.261535323
8.765	0.266064617
8.77	0.27205391
8.775	0.274803204
8.78	0.276912497
8.785	0.277271789
8.79	0.276171082
8.795	0.272960374
8.8	0.267199665
8.805	0.260348957
8.81	0.252138248
8.815	0.243547538
8.82	0.236366829
8.825	0.230216119
8.83	0.225815409
8.835	0.220014698
8.84	0.212073987
8.845	0.205553276
8.85	0.198572564
8.855	0.190861852
8.86	0.18304114
8.865	0.173990427
8.87	0.163069715
8.875	0.152039001
8.88	0.140698288
8.885	0.128227574
8.89	0.11454686
8.895	0.101206146
8.9	0.090335431
8.905	0.080584716
8.91	0.072154
8.915	0.064863285
8.92	0.057872569
8.925	0.053181853
8.93	0.050241136
8.935	0.047110419
8.94	0.044489702
8.945	0.042888985
8.95	0.042778267
8.955	0.042757549
8.96	0.04256683
8.965	0.042486112
8.97	0.042415393
8.975	0.042364674
8.98	0.042223954
8.985	0.042013234
8.99	0.041812514
8.995	0.042111794
9	0.043541073
9.005	0.046270352
9.01	0.049229631
9.015	0.05187891
9.02	0.054618188
9.025	0.056897466
9.03	0.058586743
9.035	0.059286021
9.04	0.059775298
9.045	0.059114575
9.05	0.057073851
9.055	0.054453127
9.06	0.051252403
9.065	0.047381679
9.07	0.042410955
9.075	0.03766023
9.08	0.032689505
9.085	0.02620878
9.09	0.019608054
9.095	0.014097328
9.1	0.007896602
9.105	0.000865876
9.11	-0.006844851
9.115	-0.014485578
9.12	-0.022116305
9.125	-0.029877032
9.13	-0.03604776
9.135	-0.041578488
9.14	-0.047659216
9.145	-0.053439945
9.15	-0.058450673
9.155	-0.062821402
9.16	-0.066152131
9.165	-0.068462861
9.17	-0.06931359
9.175	-0.06914432
9.18	-0.06933505
9.185	-0.070285781
9.19	-0.072206511
9.195	-0.074497242
9.2	-0.075467973
9.205	-0.075898705
9.21	-0.077519436
9.215	-0.079940168
9.22	-0.0813609
9.225	-0.082391632
9.23	-0.084252365
9.235	-0.085933097
9.24	-0.08714383
9.245	-0.089054563
9.25	-0.091735297
9.255	-0.09298603
9.26	-0.092846764
9.265	-0.092127498
9.27	-0.090458233
9.275	-0.088078967
9.28	-0.086609702
9.285	-0.085190437
9.29	-0.082901172
9.295	-0.081291907
9.3	-0.079812643
9.305	-0.077663378
9.31	-0.076114114
9.315	-0.074204851
9.32	-0.070615587
9.325	-0.066926324
9.33	-0.06363706
9.335	-0.060497797
9.34	-0.057998535
9.345	-0.055159272
9.35	-0.05189001
9.355	-0.047850748
9.36	-0.043871486
9.365	-0.040682224
9.37	-0.036782962
9.375	-0.032793701
9.38	-0.02966444
9.385	-0.025885179
9.39	-0.022075918
9.395	-0.018896657
9.4	-0.014347397
9.405	-0.008678136
9.41	-0.003038876
9.415	0.002470384
9.42	0.007959643
9.425	0.013398903
9.43	0.018718162
9.435	0.024017421
9.44	0.02956668
9.445	0.035915939
9.45	0.043485198
9.455	0.051634456
9.46	0.058163714
9.465	0.062972973
9.47	0.06682223
9.475	0.069741488
9.48	0.072540746
9.485	0.074000003
9.49	0.073609261
9.495	0.071348518
9.5	0.066897775
9.505	0.061697031
9.51	0.056596288
9.515	0.050865544
9.52	0.043344801
9.525	0.033754057
9.53	0.023643313
9.535	0.013502569
9.54	0.002051824
9.545	-0.00883892
9.55	-0.019429665
9.555	-0.03256041
9.56	-0.045881154
9.565	-0.0574719
9.57	-0.067092645
9.575	-0.07715339
9.58	-0.088174136
9.585	-0.098244881
9.59	-0.106695627
9.595	-0.114096373
9.6	-0.119107119
9.605	-0.121917865
9.61	-0.124508612
9.615	-0.125769358
9.62	-0.125370105
9.625	-0.123870851
9.63	-0.121481598
9.635	-0.119432345
9.64	-0.116973093
9.645	-0.11342384
9.65	-0.109624587
9.655	-0.106315335
9.66	-0.102756082
9.665	-0.09774683
9.67	-0.091457578
9.675	-0.083938326
9.68	-0.075419074
9.685	-0.067319822
9.69	-0.059550571
9.695	-0.052361319
9.7	-0.045192068
9.705	-0.037622816
9.71	-0.031783565
9.715	-0.027064314
9.72	-0.021645063
9.725	-0.017805812
9.73	-0.013716562
9.735	-0.009637311
9.74	-0.00658806
9.745	-0.00346881
9.75	-0.00086956
9.755	0.002239691
9.76	0.004788941
9.765	0.007688191
9.77	0.010157441
9.775	0.013396691
9.78	0.01684594
9.785	0.02134519
9.79	0.02510444
9.795	0.027233689
9.8	0.029402938
9.805	0.030702188
9.81	0.032841437
9.815	0.036240686
9.82	0.038789935
9.825	0.041149184
9.83	0.042408433
9.835	0.044147682
9.84	0.046676931
9.845	0.048016179
9.85	0.049815428
9.855	0.052404676
9.86	0.053923925
9.865	0.055893173
9.87	0.058342421
9.875	0.058821669
9.88	0.058650918
9.885	0.058770166
9.89	0.059079414
9.895	0.059318662
9.9	0.05908791
9.905	0.057857157
9.91	0.055666405
9.915	0.053455653
9.92	0.0511049
9.925	0.047744148
9.93	0.044623395
9.935	0.040852643
9.94	0.03546189
9.945	0.028981138
9.95	0.021420385
9.955	0.013509632
9.96	0.007438879
9.965	0.002038127
9.97	-0.003322626
9.975	-0.007973379
9.98	-0.011514132
9.985	-0.014754885
9.99	-0.019955638
9.995	-0.025756391
10	-0.031167145
10.005	-0.036417898
10.01	-0.041848651
10.015	-0.048079404
10.02	-0.055480158
10.025	-0.063530911
10.03	-0.070401664
10.035	-0.077782418
10.04	-0.085803171
10.045	-0.092183924
10.05	-0.098044678
10.055	-0.103885431
10.06	-0.108876185
10.065	-0.112966938
10.07	-0.115477692
10.075	-0.117648446
10.08	-0.116829199
10.085	-0.114589953
10.09	-0.112430707
10.095	-0.11183146
10.1	-0.109952214
10.105	-0.106422968
10.11	-0.103443721
10.115	-0.099094475
10.12	-0.095645229
10.125	-0.092365982
10.13	-0.086476736
10.135	-0.08076749
10.14	-0.076438244
10.145	-0.073488997
10.15	-0.070659751
10.155	-0.065120505
10.16	-0.058851259
10.165	-0.052042012
10.17	-0.044652766
10.175	-0.03809352
10.18	-0.034604273
10.185	-0.029995027
10.19	-0.024355781
10.195	-0.020076535
10.2	-0.017817288
10.205	-0.016578042
10.21	-0.014198796
10.215	-0.011939549
10.22	-0.011650303
10.225	-0.011611057
10.23	-0.01184181
10.235	-0.012962564
10.24	-0.015043317
10.245	-0.017064071
10.25	-0.018014824
10.255	-0.020285578
10.26	-0.023456331
10.265	-0.026137085
10.27	-0.029317838
10.275	-0.031698591
10.28	-0.033649345
10.285	-0.033750098
10.29	-0.033250851
10.295	-0.032011605
10.3	-0.029572358
10.305	-0.026843111
10.31	-0.023853864
10.315	-0.019724617
10.32	-0.01480537
10.325	-0.010146123
10.33	-0.006046876
10.335	-0.000647629
10.34	0.004881618
10.345	0.010120865
10.35	0.015570112
10.355	0.02166936
10.36	0.029008607
10.365	0.037127854
10.37	0.044167102
10.375	0.049036349
10.38	0.052995597
10.385	0.056434844
10.39	0.060454092
10.395	0.06491334
10.4	0.067902587
10.405	0.070741835
10.41	0.073791083
10.415	0.076740331
10.42	0.079289579
10.425	0.081638827
10.43	0.083378075
10.435	0.085327324
10.44	0.087956572
10.445	0.08899582
10.45	0.088265069
10.455	0.086514317
10.46	0.084273566
10.465	0.082902814
10.47	0.081462063
10.475	0.078791312
10.48	0.076260561
10.485	0.07345981
10.49	0.070219059
10.495	0.065718308
10.5	0.060497557
10.505	0.055756807
10.51	0.051066056
10.515	0.045665306
10.52	0.041924555
10.525	0.037193805
10.53	0.032113055
10.535	0.027722305
10.54	0.023241555
10.545	0.017680805
10.55	0.013930055
10.555	0.009869305
10.56	0.006078556
10.565	0.003017806
10.57	-0.001382943
10.575	-0.005293693
10.58	-0.008494442
10.585	-0.012695191
10.59	-0.01617594
10.595	-0.018516689
10.6	-0.021927438
10.605	-0.025608186
10.61	-0.030008935
10.615	-0.032699683
10.62	-0.032780432
10.625	-0.03272118
10.63	-0.033991928
10.635	-0.036592676
10.64	-0.039233424
10.645	-0.039284171
10.65	-0.039014919
10.655	-0.039055666
10.66	-0.039026414
10.665	-0.038917161
10.67	-0.038777908
10.675	-0.039008655
10.68	-0.040189402
10.685	-0.042580149
10.69	-0.044990895
10.695	-0.044841642
10.7	-0.044512388
10.705	-0.044603134
10.71	-0.04487388
10.715	-0.045184626
10.72	-0.045105372
10.725	-0.044216117
10.73	-0.042206863
10.735	-0.039927608
10.74	-0.039088353
10.745	-0.036369098
10.75	-0.031299843
10.755	-0.026620588
10.76	-0.021801333
10.765	-0.015442077
10.77	-0.009512821
10.775	-0.002383565
10.78	0.003115691
10.785	0.008444947
10.79	0.014564203
10.795	0.02114346
10.8	0.027752716
10.805	0.032811973
10.81	0.03626123
10.815	0.041660487
10.82	0.047579745
10.825	0.053319002
10.83	0.05900826
10.835	0.064167518
10.84	0.068586776
10.845	0.072066034
10.85	0.075435292
10.855	0.079214551
10.86	0.081173809
10.865	0.081743068
10.87	0.081722327
10.875	0.081821587
10.88	0.082220846
10.885	0.082490105
10.89	0.082259365
10.895	0.080788625
10.9	0.077947885
10.905	0.074587146
10.91	0.071156406
10.915	0.067295667
10.92	0.064084928
10.925	0.059814189
10.93	0.05398345
10.935	0.048652712
10.94	0.044741973
10.945	0.042111235
10.95	0.039500497
10.955	0.036059759
10.96	0.032069022
10.965	0.027628284
10.97	0.024137547
10.975	0.02054681
10.98	0.016476074
10.985	0.012595337
10.99	0.006704601
10.995	-0.000376135
11	-0.005786871
11.005	-0.010887607
11.01	-0.014978342
11.015	-0.018889078
11.02	-0.022919813
11.025	-0.026300548
11.03	-0.030361282
11.035	-0.034482017
11.04	-0.037742751
11.045	-0.041733485
11.05	-0.045724219
11.055	-0.048894952
11.06	-0.052765685
11.065	-0.056876419
11.07	-0.060537151
11.075	-0.065387884
11.08	-0.070568616
11.085	-0.075199349
11.09	-0.079800081
11.095	-0.083310812
11.1	-0.087701544
11.105	-0.091532275
11.11	-0.094023006
11.115	-0.097103737
11.12	-0.099724467
11.125	-0.102915198
11.13	-0.105645928
11.135	-0.108806657
11.14	-0.111297387
11.145	-0.113728116
11.15	-0.115168845
11.155	-0.116979574
11.16	-0.119290303
11.165	-0.120031031
11.17	-0.121051759
11.175	-0.123482487
11.18	-0.126153214
11.185	-0.126413942
11.19	-0.126374669
11.195	-0.126305396
11.2	-0.125356122
11.205	-0.123366848
11.21	-0.121077574
11.215	-0.1207583
11.22	-0.119619026
11.225	-0.117249751
11.23	-0.115190476
11.235	-0.112991201
11.24	-0.109821925
11.245	-0.107532649
11.25	-0.104433373
11.255	-0.101974097
11.26	-0.09888482
11.265	-0.096735543
11.27	-0.094396266
11.275	-0.093186989
11.28	-0.090807711
11.285	-0.087438433
11.29	-0.084999154
11.295	-0.082029876
11.3	-0.079340597
11.305	-0.075721318
11.31	-0.072232038
11.315	-0.067702759
11.32	-0.062243479
11.325	-0.056964198
11.33	-0.051784918
11.335	-0.046085637
11.34	-0.039286356
11.345	-0.031347074
11.35	-0.023547793
11.355	-0.01743851
11.36	-0.011379228
11.365	-0.005799945
11.37	-0.000550663
11.375	0.007808621
11.38	0.015777904
11.385	0.021227188
11.39	0.026546472
11.395	0.032165757
11.4	0.037595041
11.405	0.042324327
11.41	0.046003612
11.415	0.049162898
11.42	0.052442184
11.425	0.05541147
11.43	0.058300757
11.435	0.061450043
11.44	0.064019331
11.445	0.065478618
11.45	0.064917906
11.455	0.063147194
11.46	0.060376483
11.465	0.057755772
11.47	0.055985061
11.475	0.05428435
11.48	0.05191364
11.485	0.04701293
11.49	0.041142221
11.495	0.036101512
11.5	0.032200803
11.505	0.029000094
11.51	0.025099386
11.515	0.021558678
11.52	0.01973797
11.525	0.017897263
11.53	0.015336556
11.535	0.01413585
11.54	0.014085144
11.545	0.014014438
11.55	0.013913732
11.555	0.013953027
11.56	0.014012322
11.565	0.013731618
11.57	0.012660914
11.575	0.01050021
11.58	0.008229506
11.585	0.007988803
11.59	0.008128101
11.595	0.007117398
11.6	0.004816696
11.605	0.002185994
11.61	0.001615293
11.615	0.001784592
11.62	0.001783892
11.625	0.001683191
11.63	0.001542491
11.635	0.001401792
11.64	0.001211093
11.645	0.000890394
11.65	0.000589695
11.655	0.000678997
11.66	0.0017983
11.665	0.004107602
11.67	0.006466905
11.675	0.006286209
11.68	0.005855512
11.685	0.005774817
11.69	0.005734121
11.695	0.005743426
11.7	0.005732731
11.705	0.005792037
11.71	0.005941343
11.715	0.006010649
11.72	0.005509956
11.725	0.004019263
11.73	0.001528571
11.735	-0.000482121
11.74	-0.000402813
11.745	-0.000193504
11.75	-0.000294195
11.755	-0.000484886
11.76	-0.000735576
11.765	-0.000946266
11.77	-0.001066955
11.775	-0.001007644
11.78	-0.000818333
11.785	-0.000719021
11.79	-0.001209709
11.795	-0.002900396
11.8	-0.005861083
11.805	-0.008781769
11.81	-0.010922456
11.815	-0.012573141
11.82	-0.014063827
11.825	-0.016814512
11.83	-0.019935196
11.835	-0.02256588
11.84	-0.025286564
11.845	-0.028107248
11.85	-0.03190793
11.855	-0.036638613
11.86	-0.041939295
11.865	-0.045949977
11.87	-0.049140658
11.875	-0.053181339
11.88	-0.057172019
11.885	-0.059932699
11.89	-0.062823379
11.895	-0.065814058
11.9	-0.069034737
11.905	-0.071985415
11.91	-0.074386093
11.915	-0.075396771
11.92	-0.075377448
11.925	-0.075498124
11.93	-0.075788801
11.935	-0.076039476
11.94	-0.076120152
11.945	-0.076040827
11.95	-0.075901501
11.955	-0.076112175
11.96	-0.077192849
11.965	-0.079373522
11.97	-0.081724195
11.975	-0.082034867
11.98	-0.081875539
11.985	-0.08270621
11.99	-0.084756881
11.995	-0.087357552
12	-0.088638222
12.005	-0.090308891
12.01	-0.092819561
12.015	-0.094070229
12.02	-0.093940898
12.025	-0.093731566
12.03	-0.093662233
12.035	-0.0940729
12.04	-0.095423566
12.045	-0.097924233
12.05	-0.100394898
12.055	-0.100295563
12.06	-0.100026228
12.065	-0.100276892
12.07	-0.100677556
12.075	-0.101068219
12.08	-0.100798882
12.085	-0.099439544
12.09	-0.097070206
12.095	-0.095290868
12.1	-0.095731529
12.105	-0.096322189
12.11	-0.096192849
12.115	-0.095003509
12.12	-0.092344168
12.125	-0.089234827
12.13	-0.086865485
12.135	-0.084206142
12.14	-0.0819868
12.145	-0.079217456
12.15	-0.076458113
12.155	-0.072738768
12.16	-0.068879424
12.165	-0.064930079
12.17	-0.062150733
12.175	-0.059771387
12.18	-0.05700204
12.185	-0.054322693
12.19	-0.051363345
12.195	-0.048603997
12.2	-0.045794649
12.205	-0.0436153
12.21	-0.04186595
12.215	-0.0406266
12.22	-0.03852725
12.225	-0.036667898
12.23	-0.035208547
12.235	-0.032439195
12.24	-0.029429842
12.245	-0.027220489
12.25	-0.025611136
12.255	-0.024161782
12.26	-0.021852427
12.265	-0.020223072
12.27	-0.018653717
12.275	-0.016344361
12.28	-0.014835004
12.285	-0.013455647
12.29	-0.01121629
12.295	-0.009306932
12.3	-0.006717573
12.305	-0.002468214
12.31	0.002911146
12.315	0.007940506
12.32	0.011449866
12.325	0.014549227
12.33	0.019568589
12.335	0.024537951
12.34	0.027907314
12.345	0.030116677
12.35	0.033166041
12.355	0.036365405
12.36	0.04065477
12.365	0.044454135
12.37	0.047483501
12.375	0.051632867
12.38	0.055202234
12.385	0.057731601
12.39	0.060960969
12.395	0.063570338
12.4	0.065759707
12.405	0.065979076
12.41	0.065548446
12.415	0.065767817
12.42	0.067047188
12.425	0.06949656
12.43	0.071845932
12.435	0.071575304
12.44	0.071074678
12.445	0.071244051
12.45	0.071943426
12.455	0.073092801
12.46	0.073722176
12.465	0.072491552
12.47	0.071200929
12.475	0.071440306
12.48	0.071389683
12.485	0.070099061
12.49	0.06730844
12.495	0.064057819
12.5	0.061927199
12.505	0.060036579
12.51	0.05891596
12.515	0.056515342
12.52	0.053164724
12.525	0.050524106
12.53	0.04734349
12.535	0.044692873
12.54	0.041762257
12.545	0.039571642
12.55	0.037301028
12.555	0.035260414
12.56	0.0314698
12.565	0.026209187
12.57	0.020668575
12.575	0.016427963
12.58	0.013457352
12.585	0.009336741
12.59	0.003426131
12.595	-0.002484479
12.6	-0.007615088
12.605	-0.011665696
12.61	-0.014826304
12.615	-0.018486911
12.62	-0.022847518
12.625	-0.026428124
12.63	-0.030208729
12.635	-0.034399334
12.64	-0.037319939
12.645	-0.039950542
12.65	-0.042951145
12.655	-0.045791748
12.66	-0.04866235
12.665	-0.051072952
12.67	-0.053163552
12.675	-0.054924153
12.68	-0.057304752
12.685	-0.058655351
12.69	-0.05860595
12.695	-0.058566548
12.7	-0.058637145
12.705	-0.058747742
12.71	-0.058888338
12.715	-0.059088933
12.72	-0.059319528
12.725	-0.059380123
12.73	-0.058800717
12.735	-0.05717131
12.74	-0.054751902
12.745	-0.053042494
12.75	-0.051383085
12.755	-0.049113676
12.76	-0.048294266
12.765	-0.048684856
12.77	-0.048905445
12.775	-0.048446033
12.78	-0.046966621
12.785	-0.044567208
12.79	-0.042677794
12.795	-0.04244838
12.8	-0.043558966
12.805	-0.04556955
12.81	-0.047740134
12.815	-0.048260718
12.82	-0.048661301
12.825	-0.050381883
12.83	-0.052802464
12.835	-0.054213045
12.84	-0.056573626
12.845	-0.060394205
12.85	-0.063204784
12.855	-0.065205363
12.86	-0.067165941
12.865	-0.069546518
12.87	-0.070867095
12.875	-0.072707671
12.88	-0.075378246
12.885	-0.076908821
12.89	-0.078769395
12.895	-0.080899968
12.9	-0.081130541
12.905	-0.081141113
12.91	-0.082501685
12.915	-0.085182256
12.92	-0.087712826
12.925	-0.087003396
12.93	-0.084983965
12.935	-0.082794533
12.94	-0.081825101
12.945	-0.081945668
12.95	-0.081086235
12.955	-0.078926801
12.96	-0.076607366
12.965	-0.07639793
12.97	-0.075468494
12.975	-0.073009057
12.98	-0.07042962
12.985	-0.070380182
12.99	-0.070750743
12.995	-0.070931304
13	-0.071031864
13.005	-0.070632423
13.01	-0.069362982
13.015	-0.06698354
13.02	-0.064734098
13.025	-0.065034654
13.03	-0.065285211
13.035	-0.064215766
13.04	-0.061886321
13.045	-0.059086875
13.05	-0.058137428
13.055	-0.056337981
13.06	-0.053988533
13.065	-0.053209085
13.07	-0.051109636
13.075	-0.047520186
13.08	-0.044840736
13.085	-0.042731284
13.09	-0.042581833
13.095	-0.04279238
13.1	-0.041902927
13.105	-0.039513473
13.11	-0.036134019
13.115	-0.033894563
13.12	-0.031945108
13.125	-0.031055651
13.13	-0.030416194
13.135	-0.028446736
13.14	-0.025827278
13.145	-0.024727818
13.15	-0.024808358
13.155	-0.024848898
13.16	-0.024739437
13.165	-0.024579975
13.17	-0.024430512
13.175	-0.024321049
13.18	-0.024251585
13.185	-0.02418212
13.19	-0.024132655
13.195	-0.024063189
13.2	-0.023943722
13.205	-0.023874255
13.21	-0.023834787
13.215	-0.023835318
13.22	-0.023785849
13.225	-0.023626378
13.23	-0.023276908
13.235	-0.022907436
13.24	-0.022967964
13.245	-0.024068491
13.25	-0.026499017
13.255	-0.029099543
13.26	-0.028960068
13.265	-0.028000592
13.27	-0.026361116
13.275	-0.024081639
13.28	-0.022692161
13.285	-0.022582683
13.29	-0.022653203
13.295	-0.022493724
13.3	-0.022304243
13.305	-0.022234762
13.31	-0.02226528
13.315	-0.022135797
13.32	-0.021336313
13.325	-0.019526829
13.33	-0.017057345
13.335	-0.015677859
13.34	-0.014688373
13.345	-0.012868886
13.35	-0.011109398
13.355	-0.00986991
13.36	-0.008310421
13.365	-0.005860931
13.37	-0.00375144
13.375	-0.002271949
13.38	-2.2457E-05
13.385	0.001907036
13.39	0.003176529
13.395	0.005436023
13.4	0.007835518
13.405	0.009105014
13.41	0.01134451
13.415	0.013904007
13.42	0.015413505
13.425	0.017673003
13.43	0.019642502
13.435	0.019462002
13.44	0.019571503
13.445	0.021071004
13.45	0.023950506
13.455	0.026910009
13.46	0.026869513
13.465	0.025639017
13.47	0.023578522
13.475	0.021368028
13.48	0.021387534
13.485	0.022137041
13.49	0.022586549
13.495	0.022626058
13.5	0.021855567
13.505	0.020055078
13.51	0.017934588
13.515	0.0175741
13.52	0.018043612
13.525	0.017693126
13.53	0.016102639
13.535	0.013732154
13.54	0.012291669
13.545	0.011031186
13.55	0.008940702
13.555	0.00768022
13.56	0.007969738
13.565	0.008289257
13.57	0.008408777
13.575	0.008498298
13.58	0.008567819
13.585	0.008687341
13.59	0.008826864
13.595	0.009126388
13.6	0.009545912
13.605	0.010015437
13.61	0.010184963
13.615	0.009544489
13.62	0.007694017
13.625	0.005363545
13.63	0.004733074
13.635	0.005252603
13.64	0.005712134
13.645	0.006151665
13.65	0.006481197
13.655	0.006300729
13.66	0.005020263
13.665	0.002629797
13.67	0.000229332
13.675	-0.001871132
13.68	-0.004481596
13.685	-0.006532059
13.69	-0.009162521
13.695	-0.012002982
13.7	-0.016203442
13.705	-0.019293902
13.71	-0.021794361
13.715	-0.026544819
13.72	-0.031175276
13.725	-0.034495733
13.73	-0.037076189
13.735	-0.040826644
13.74	-0.044217098
13.745	-0.047087552
13.75	-0.050878004
13.755	-0.054358456
13.76	-0.056488908
13.765	-0.058769358
13.77	-0.061309808
13.775	-0.063310256
13.78	-0.064970704
13.785	-0.065681152
13.79	-0.066581598
13.795	-0.066492044
13.8	-0.062662489
13.805	-0.055062933
13.81	-0.051323376
13.815	-0.049433819
13.82	-0.046284261
13.825	-0.044054702
13.83	-0.041275142
13.835	-0.039475581
13.84	-0.03742602
13.845	-0.034836458
13.85	-0.033706895
13.855	-0.032877331
13.86	-0.030827767
13.865	-0.027998201
13.87	-0.026388635
13.875	-0.026209068
13.88	-0.0260195
13.885	-0.025639932
13.89	-0.025210363
13.895	-0.024790793
13.9	-0.024391222
13.905	-0.02397165
13.91	-0.023612077
13.915	-0.023302504
13.92	-0.02315293
13.925	-0.023043355
13.93	-0.022683779
13.935	-0.021524203
13.94	-0.019054626
13.945	-0.015795048
13.95	-0.013705469
13.955	-0.011655889
13.96	-0.009756308
13.965	-0.008416727
13.97	-0.006537145
13.975	-0.003877562
13.98	-0.001807978
13.985	-1.83936E-05
13.99	0.003001192
13.995	0.006100778
14	0.008580365
14.005	0.010909953
14.01	0.012309541
14.015	0.014929131
14.02	0.018458721
14.025	0.021378312
14.03	0.025067904
14.035	0.027547497
14.04	0.03012709
14.045	0.031286685
14.05	0.03332628
14.055	0.036385876
14.06	0.038065473
14.065	0.03825507
14.07	0.038304669
14.075	0.038644268
14.08	0.039593868
14.085	0.041653469
14.09	0.044543071
14.095	0.046622673
14.1	0.045992277
14.105	0.044891881
14.11	0.043941486
14.115	0.042651092
14.12	0.043240698
14.125	0.044030306
14.13	0.044439914
14.135	0.044779523
14.14	0.045079133
14.145	0.045508744
14.15	0.046058356
14.155	0.046757968
14.16	0.047307582
14.165	0.047337196
14.17	0.046336811
14.175	0.044506427
14.18	0.043116044
14.185	0.042355661
14.19	0.040665279
14.195	0.039104899
14.2	0.038044519
14.205	0.03621414
14.21	0.034933761
14.215	0.033623384
14.22	0.031633007
14.225	0.031002631
14.23	0.031652256
14.235	0.032261882
14.24	0.032791509
14.245	0.032941137
14.25	0.032180765
14.255	0.030290394
14.26	0.028140025
14.265	0.027969656
14.27	0.028499287
14.275	0.02885892
14.28	0.029188554
14.285	0.029508188
14.29	0.029507823
14.295	0.028557459
14.3	0.026367096
14.305	0.023876734
14.31	0.023566373
14.315	0.024606012
14.32	0.026375652
14.325	0.028525294
14.33	0.029384936
14.335	0.029174579
14.34	0.029944222
14.345	0.032163867
14.35	0.034793512
14.355	0.035673159
14.36	0.037332806
14.365	0.039652454
14.37	0.040512103
14.375	0.042801753
14.38	0.046491403
14.385	0.048911055
14.39	0.051640707
14.395	0.05398036
14.4	0.056740014
14.405	0.059189669
14.41	0.062139325
14.415	0.064668982
14.42	0.067418639
14.425	0.069288298
14.43	0.070977957
14.435	0.072107617
14.44	0.074777278
14.445	0.07825694
14.45	0.080436603
14.455	0.081506266
14.46	0.080985931
14.465	0.080435596
14.47	0.080275262
14.475	0.080794929
14.48	0.082334597
14.485	0.084554266
14.49	0.085733936
14.495	0.085303606
14.5	0.084913278
14.505	0.08472295
14.51	0.084542623
14.515	0.084252297
14.52	0.083851972
14.525	0.083691648
14.53	0.084221325
14.535	0.085841002
14.54	0.087800681
14.545	0.08814036
14.55	0.08724004
14.555	0.086879721
14.56	0.087489403
14.565	0.086559086
14.57	0.08392877
14.575	0.081258454
14.58	0.08108814
14.585	0.081167826
14.59	0.080957513
14.595	0.080847202
14.6	0.080756891
14.605	0.08068658
14.61	0.080146271
14.615	0.078665963
14.62	0.076195656
14.625	0.074195349
14.63	0.074375043
14.635	0.074784739
14.64	0.074764435
14.645	0.074174132
14.65	0.07265383
14.655	0.070533528
14.66	0.069243228
14.665	0.068922929
14.67	0.06751263
14.675	0.065132332
14.68	0.063532036
14.685	0.06205174
14.69	0.060061445
14.695	0.059131151
14.7	0.057460857
14.705	0.054180565
14.71	0.050870274
14.715	0.046629983
14.72	0.043489694
14.725	0.040959405
14.73	0.036739117
14.735	0.03358883
14.74	0.031488544
14.745	0.028378259
14.75	0.026257975
14.755	0.023827692
14.76	0.021607409
14.765	0.018517128
14.77	0.015056847
14.775	0.010836567
14.78	0.008036288
14.785	0.006556011
14.79	0.005165733
14.795	0.003875457
14.8	0.001165182
14.805	-0.001495092
14.81	-0.003545366
14.815	-0.004715638
14.82	-0.00604591
14.825	-0.00795618
14.83	-0.00864645
14.835	-0.008276719
14.84	-0.008016987
14.845	-0.007797254
14.85	-0.00755752
14.855	-0.007287785
14.86	-0.00722805
14.865	-0.007528313
14.87	-0.008478576
14.875	-0.009788837
14.88	-0.010309098
14.885	-0.008289358
14.89	-0.008089616
14.895	-0.007509874
14.9	-0.007580131
14.905	-0.007870388
14.91	-0.007950643
14.915	-0.008080897
14.92	-0.00815115
14.925	-0.008221403
14.93	-0.008301654
14.935	-0.008451905
14.94	-0.008612155
14.945	-0.008812404
14.95	-0.009012651
14.955	-0.009222898
14.96	-0.009423144
14.965	-0.00962339
14.97	-0.009783634
14.975	-0.009913877
14.98	-0.009974119
14.985	-0.009874361
14.99	-0.009834601
14.995	-0.010174841
15	-0.01153508
15.005	-0.014055318
15.01	-0.016555554
15.015	-0.01634579
15.02	-0.015916025
15.025	-0.016226259
15.03	-0.017476493
15.035	-0.019896725
15.04	-0.022326956
15.045	-0.022637187
15.05	-0.023577416
15.055	-0.025887645
15.06	-0.028187872
15.065	-0.029378099
15.07	-0.031438325
15.075	-0.033858549
15.08	-0.035168773
15.085	-0.037318996
15.09	-0.039509218
15.095	-0.040349439
15.1	-0.04196966
15.105	-0.044209879
15.11	-0.045730097
15.115	-0.047150315
15.12	-0.049470531
15.125	-0.051370747
15.13	-0.051500961
15.135	-0.052271175
15.14	-0.054341388
15.145	-0.0567816
15.15	-0.05803181
15.155	-0.05815202
15.16	-0.058012229
15.165	-0.057232438
15.17	-0.055572645
15.175	-0.053742851
15.18	-0.053283056
15.185	-0.053843261
15.19	-0.053913464
15.195	-0.052713667
15.2	-0.050043868
15.205	-0.046814069
15.21	-0.044424268
15.215	-0.041824467
15.22	-0.039804665
15.225	-0.037164862
15.23	-0.034305058
15.235	-0.029935253
15.24	-0.024925447
15.245	-0.02014564
15.25	-0.018185832
15.255	-0.016576023
15.26	-0.015436214
15.265	-0.013316403
15.27	-0.010776591
15.275	-0.009496779
15.28	-0.007596965
15.285	-0.006077151
15.29	-0.005967336
15.295	-0.004837519
15.3	-0.002157702
15.305	0.000622116
15.31	0.002621935
15.315	0.004481755
15.32	0.005811576
15.325	0.008331398
15.33	0.011161221
15.335	0.013231045
15.34	0.01488087
15.345	0.016200695
15.35	0.018650522
15.355	0.02096035
15.36	0.022570178
15.365	0.024460008
15.37	0.026389838
15.375	0.02890967
15.38	0.032189502
15.385	0.035799335
15.39	0.039759169
15.395	0.042539005
15.4	0.044958841
15.405	0.047508678
15.41	0.049538516
15.415	0.051168355
15.42	0.052608195
15.425	0.055348036
15.43	0.058227877
15.435	0.06011772
15.44	0.061187564
15.445	0.061457409
15.45	0.062817254
15.455	0.065187101
15.46	0.066546948
15.465	0.066246797
15.47	0.065866646
15.475	0.065706496
15.48	0.065646348
15.485	0.0656062
15.49	0.065526053
15.495	0.065325908
15.5	0.064985763
15.505	0.064655619
15.51	0.064515476
15.515	0.064515334
15.52	0.064465193
15.525	0.063905053
15.53	0.062384913
15.535	0.059974775
15.54	0.057904638
15.545	0.057394502
15.55	0.057594366
15.555	0.057634232
15.56	0.057214099
15.565	0.055903966
15.57	0.053453835
15.575	0.050793704
15.58	0.050183575
15.585	0.050233446
15.59	0.049953318
15.595	0.049393192
15.6	0.048643066
15.605	0.048082941
15.61	0.047832817
15.615	0.045412694
15.62	0.042782572
15.625	0.042732451
15.63	0.042432331
15.635	0.040922212
15.64	0.038442094
15.645	0.036231977
15.65	0.035611861
15.655	0.034141746
15.66	0.031591631
15.665	0.029631518
15.67	0.029561406
15.675	0.029231294
15.68	0.027841184
15.685	0.025671075
15.69	0.023670966
15.695	0.022880859
15.7	0.022260752
15.705	0.020340646
15.71	0.017260542
15.715	0.014690438
15.72	0.012560335
15.725	0.010900234
15.73	0.010360133
15.735	0.010230033
15.74	0.009749934
15.745	0.009239836
15.75	0.009129739
15.755	0.010069643
15.76	0.012269548
15.765	0.014579454
15.77	0.014459361
15.775	0.014009269
15.78	0.013899178
15.785	0.013879087
15.79	0.013898998
15.795	0.01389891
15.8	0.013848823
15.805	0.013758736
15.81	0.013658651
15.815	0.013568566
15.82	0.013498483
15.825	0.013438401
15.83	0.013388319
15.835	0.013338238
15.84	0.013288159
15.845	0.01327808
15.85	0.013248003
15.855	0.013217926
15.86	0.01314785
15.865	0.013077775
15.87	0.013057702
15.875	0.013127629
15.88	0.013317557
15.885	0.013487486
15.89	0.013317416
15.895	0.012337347
15.9	0.010277279
15.905	0.008097212
15.91	0.007937146
15.915	0.008067081
15.92	0.006937017
15.925	0.004466954
15.93	0.001916891
15.935	0.00192683
15.94	0.00225677
15.945	0.002286711
15.95	0.002206652
15.955	0.002006595
15.96	0.001806539
15.965	0.001646483
15.97	0.001666429
15.975	0.001846375
15.98	0.002116323
15.985	0.002216271
15.99	0.001676221
15.995	1.61711E-05
16	-0.002523878
16.005	-0.004193925
16.01	-0.004123972
16.015	-0.003534018
16.02	-0.002134062
16.025	5.58938E-05
16.03	0.001595851
16.035	0.001355809
16.04	-0.000344232
16.045	-0.002554272
16.05	-0.003824311
16.055	-0.003774349
16.06	-0.003634386
16.065	-0.003714422
16.07	-0.003864457
16.075	-0.003984491
16.08	-0.004004524
16.085	-0.003874556
16.09	-0.003574587
16.095	-0.003174617
16.1	-0.002974647
16.105	-0.002604675
16.11	-0.000314702
16.115	0.001595271
16.12	0.001275246
16.125	0.001025222
16.13	0.001715198
16.135	0.003515176
16.14	0.005835154
16.145	0.006895134
16.15	0.006805114
16.155	0.007565096
16.16	0.009605078
16.165	0.011965062
16.17	0.012705046
16.175	0.013355031
16.18	0.015205018
16.185	0.017485005
16.19	0.018254993
16.195	0.019204982
16.2	0.021434972
16.205	0.023694964
16.21	0.023604956
16.215	0.023784949
16.22	0.025344943
16.225	0.027814938
16.23	0.029854934
16.235	0.029774931
16.24	0.029544929
16.245	0.029544928
16.25	0.029614928
16.255	0.029654928
16.26	0.02969493
16.265	0.029784933
16.27	0.030024937
16.275	0.030224942
16.28	0.030114947
16.285	0.029084954
16.29	0.026864962
16.295	0.02448497
16.3	0.02426498
16.305	0.02481499
16.31	0.024935002
16.315	0.024235014
16.32	0.022365028
16.325	0.019825042
16.33	0.018665058
16.335	0.019055074
16.34	0.019465092
16.345	0.01953511
16.35	0.018955129
16.355	0.017345149
16.36	0.014925171
16.365	0.013205193
16.37	0.013475216
16.375	0.01332524
16.38	0.011845265
16.385	0.009365291
16.39	0.007195319
16.395	0.005635347
16.4	0.003365376
16.405	0.001665406
16.41	-6.45635E-05
16.415	-0.002524532
16.42	-0.003914499
16.425	-0.005614465
16.43	-0.00806443
16.435	-0.009584394
16.44	-0.011944357
16.445	-0.01536432
16.45	-0.017444281
16.455	-0.019764241
16.46	-0.020964201
16.465	-0.023084159
16.47	-0.025524116
16.475	-0.025354073
16.48	-0.025114028
16.485	-0.025793983
16.49	-0.027523936
16.495	-0.029843889
16.5	-0.031083841
16.505	-0.030923791
16.51	-0.031493741
16.515	-0.03341369
16.52	-0.035903637
16.525	-0.036873584
16.53	-0.03667353
16.535	-0.036683475
16.54	-0.036953418
16.545	-0.037163361
16.55	-0.036833303
16.555	-0.035473244
16.56	-0.033223184
16.565	-0.031523123
16.57	-0.031353061
16.575	-0.031562998
16.58	-0.031572934
16.585	-0.03148287
16.59	-0.031372804
16.595	-0.031312737
16.6	-0.031282669
16.605	-0.0312826
16.61	-0.031282531
16.615	-0.03131246
16.62	-0.031312388
16.625	-0.031332316
16.63	-0.031332242
16.635	-0.031312168
16.64	-0.031282092
16.645	-0.031212016
16.65	-0.031211938
16.655	-0.03131186
16.66	-0.031561781
16.665	-0.0317717
16.67	-0.031531619
16.675	-0.030321537
16.68	-0.027941453
16.685	-0.025631369
16.69	-0.025961284
16.695	-0.026411198
16.7	-0.026001111
16.705	-0.024531023
16.71	-0.022130934
16.715	-0.020290844
16.72	-0.020300753
16.725	-0.019840661
16.73	-0.018180568
16.735	-0.016100474
16.74	-0.01464038
16.745	-0.013330284
16.75	-0.010980187
16.755	-0.009020089
16.76	-0.009249991
16.765	-0.009699891
16.77	-0.009699791
16.775	-0.008999689
16.78	-0.007149587
16.785	-0.004649483
16.79	-0.003239379
16.795	-0.003629273
16.8	-0.004109167
16.805	-0.00414906
16.81	-0.003408951
16.815	-0.001598842
16.82	0.000901268
16.825	0.002291379
16.83	0.001921491
16.835	0.001481604
16.84	0.001581718
16.845	0.002451833
16.85	0.004321949
16.855	0.006582066
16.86	0.007482184
16.865	0.007842303
16.87	0.009422423
16.875	0.011922543
16.88	0.013652665
16.885	0.015182788
16.89	0.017332911
16.895	0.018463036
16.9	0.019333162
16.905	0.021343288
16.91	0.023653415
16.915	0.023913544
16.92	0.023823673
16.925	0.024803804
16.93	0.027083935
16.935	0.029634067
16.94	0.0300342
16.945	0.029504334
16.95	0.029214469
16.955	0.029454606
16.96	0.030744743
16.965	0.03324488
16.97	0.035725019
16.975	0.035605159
16.98	0.0352253
16.985	0.035155442
16.99	0.035235585
16.995	0.035445728
17	0.035725873
17.005	0.035956019
17.01	0.035766165
17.015	0.034696313
17.02	0.032506461
17.025	0.03012661
17.03	0.029676761
17.035	0.028486912
17.04	0.026177064
17.045	0.024477218
17.05	0.023217372
17.055	0.021117527
17.06	0.019297683
17.065	0.01910784
17.07	0.018117998
17.075	0.015798157
17.08	0.013338317
17.085	0.011898477
17.09	0.009748639
17.095	0.007908802
17.1	0.008238965
17.105	0.00856913
17.11	0.008079296
17.115	0.006509462
17.12	0.00394963
17.125	0.001969798
17.13	0.002229967
17.135	0.002790137
17.14	0.002930309
17.145	0.002480481
17.15	0.000940654
17.155	-0.001559172
17.16	-0.003538997
17.165	-0.003408821
17.17	-0.003128644
17.175	-0.002998466
17.18	-0.002828288
17.185	-0.002828108
17.19	-0.003327927
17.195	-0.004807746
17.2	-0.007187563
17.205	-0.008967379
17.21	-0.008557195
17.215	-0.00812701
17.22	-0.008556823
17.225	-0.010066636
17.23	-0.012576448
17.235	-0.014546259
17.24	-0.014426069
17.245	-0.014185878
17.25	-0.014225686
17.255	-0.014295493
17.26	-0.014275299
17.265	-0.014095104
17.27	-0.014044909
17.275	-0.014604712
17.28	-0.016244514
17.285	-0.018634316
17.29	-0.020064116
17.295	-0.019853916
17.3	-0.019653715
17.305	-0.019683512
17.31	-0.019783309
17.315	-0.019913105
17.32	-0.0199429
17.325	-0.019942694
17.33	-0.019942487
17.335	-0.019942279
17.34	-0.01991207
17.345	-0.019911861
17.35	-0.01991165
17.355	-0.019891438
17.36	-0.019891226
17.365	-0.019911012
17.37	-0.019940798
17.375	-0.019990583
17.38	-0.019970366
17.385	-0.019820149
17.39	-0.019599931
17.395	-0.019519712
17.4	-0.020069492
17.405	-0.021669271
17.41	-0.024049049
17.415	-0.025498827
17.42	-0.025488603
17.425	-0.025528378
17.43	-0.025528153
17.435	-0.024837926
17.44	-0.023057699
17.445	-0.020707471
17.45	-0.019867241
17.455	-0.020137011
17.46	-0.02019678
17.465	-0.019936548
17.47	-0.019596315
17.475	-0.019526081
17.48	-0.020275846
17.485	-0.022155611
17.49	-0.024505374
17.495	-0.025405137
17.5	-0.025194898
17.505	-0.025254659
17.51	-0.025534418
17.515	-0.025654177
17.52	-0.024923935
17.525	-0.023023692
17.53	-0.020603448
17.535	-0.019773203
17.54	-0.020172957
17.545	-0.02037271
17.55	-0.019982463
17.555	-0.018702214
17.56	-0.016671965
17.565	-0.014871714
17.57	-0.013761463
17.575	-0.012201211
17.58	-0.010050957
17.585	-0.009070703
17.59	-0.008580448
17.595	-0.006910192
17.6	-0.004419936
17.605	-0.002759678
17.61	-0.001239419
17.615	0.00106084
17.62	0.002621101
17.625	0.004181362
17.63	0.006651624
17.635	0.008541888
17.64	0.010362152
17.645	0.012692417
17.65	0.013642683
17.655	0.014802949
17.66	0.016943217
17.665	0.018633486
17.67	0.019733755
17.675	0.021564026
17.68	0.023784297
17.685	0.02438457
17.69	0.025164843
17.695	0.027265117
17.7	0.029735392
17.705	0.030225668
17.71	0.030085944
17.715	0.030266222
17.72	0.030566501
17.725	0.03051678
17.73	0.029567061
17.735	0.027517342
17.74	0.025267624
17.745	0.025067907
17.75	0.025308191
17.755	0.024558476
17.76	0.022508762
17.765	0.019869049
17.77	0.018579336
17.775	0.016949625
17.78	0.014689914
17.785	0.013540204
17.79	0.011670496
17.795	0.008460788
17.8	0.005721081
17.805	0.002631375
17.81	0.000241669
17.815	-0.001968035
17.82	-0.003037738
17.825	-0.004437441
17.83	-0.006697143
17.835	-0.008136843
17.84	-0.009256543
17.845	-0.011526242
17.85	-0.01403594
17.855	-0.013995638
17.86	-0.013745334
17.865	-0.013795029
17.87	-0.013894724
17.875	-0.014014418
17.88	-0.01406411
17.885	-0.014083802
17.89	-0.014063493
17.895	-0.014033183
17.9	-0.014032873
17.905	-0.014062561
17.91	-0.014082248
17.915	-0.014081935
17.92	-0.013991621
17.925	-0.013851305
17.93	-0.013770989
17.935	-0.013990672
17.94	-0.014720355
17.945	-0.015870036
17.95	-0.016499716
17.955	-0.015209396
17.96	-0.013769074
17.965	-0.013818752
17.97	-0.014058429
17.975	-0.014108105
17.98	-0.01410778
17.985	-0.014057455
17.99	-0.013947128
17.995	-0.0138668
18	-0.013866472
18.005	-0.013986143
18.01	-0.014235813
18.015	-0.014395482
18.02	-0.01405515
18.025	-0.012674817
18.03	-0.010264484
18.035	-0.008244149
18.04	-0.008383814
18.045	-0.008673478
18.05	-0.008653141
18.055	-0.008582803
18.06	-0.008452464
18.065	-0.008372124
18.07	-0.008301784
18.075	-0.008261442
18.08	-0.0082611
18.085	-0.008410757
18.09	-0.008630413
18.095	-0.008790068
18.1	-0.008409722
18.105	-0.006979376
18.11	-0.004549028
18.115	-0.00260868
18.12	-0.002698331
18.125	-0.003017981
18.13	-0.00310763
18.135	-0.003257278
18.14	-0.003186925
18.145	-0.002556572
18.15	-0.000876218
18.155	0.001524138
18.16	0.002944494
18.165	0.002724851
18.17	0.002535208
18.175	0.002575567
18.18	0.002725926
18.185	0.002816287
18.19	0.002856648
18.195	0.00281701
18.2	0.002777373
18.205	0.002817736
18.21	0.002988101
18.215	0.003218466
18.22	0.003158833
18.225	0.0023592
18.23	0.000519568
18.235	-0.001730063
18.24	-0.002399694
18.245	-0.002229323
18.25	-0.002928952
18.255	-0.00482858
18.26	-0.007168207
18.265	-0.007917833
18.27	-0.007737458
18.275	-0.008397082
18.28	-0.010346706
18.285	-0.012856329
18.29	-0.013845951
18.295	-0.013625572
18.3	-0.013435192
18.305	-0.013454811
18.31	-0.01363443
18.315	-0.013914048
18.32	-0.014153665
18.325	-0.014003281
18.33	-0.013022896
18.335	-0.01103251
18.34	-0.008822124
18.345	-0.008491736
18.35	-0.008221348
18.355	-0.006670959
18.36	-0.00429057
18.365	-0.002800179
18.37	-0.002849787
18.375	-0.003239395
18.38	-0.003159002
18.385	-0.002098608
18.39	0.000201787
18.395	0.002762182
18.4	0.003192579
18.405	0.002792976
18.41	0.002473374
18.415	0.002293773
18.42	0.002634173
18.425	0.003954573
18.43	0.006424974
18.435	0.008835377
18.44	0.00854578
18.445	0.007926183
18.45	0.007906588
18.455	0.008646994
18.46	0.0105674
18.465	0.013087807
18.47	0.014398215
18.475	0.014188624
18.48	0.013899033
18.485	0.013699444
18.49	0.013569855
18.495	0.013860267
18.5	0.015110679
18.505	0.017521093
18.51	0.019951508
18.515	0.019801923
18.52	0.019422339
18.525	0.019382756
18.53	0.019473173
18.535	0.019753592
18.54	0.020084011
18.545	0.020284431
18.55	0.019854852
18.555	0.018395274
18.56	0.015925696
18.565	0.01400612
18.57	0.014276544
18.575	0.014836969
18.58	0.014957394
18.585	0.014487821
18.59	0.012928248
18.595	0.010408676
18.6	0.008439105
18.605	0.008639535
18.61	0.009099965
18.615	0.009350397
18.62	0.009300829
18.625	0.008581262
18.63	0.006811695
18.635	0.00434213
18.64	0.002982565
18.645	0.003383001
18.65	0.003833438
18.655	0.003803876
18.66	0.003024314
18.665	0.001134753
18.67	-0.001334807
18.675	-0.002514366
18.68	-0.002243924
18.685	-0.002073482
18.69	-0.002103039
18.695	-0.002232595
18.7	-0.00233215
18.705	-0.002361704
18.71	-0.002361258
18.715	-0.002350811
18.72	-0.002330363
18.725	-0.002329915
18.73	-0.002329465
18.735	-0.002329015
18.74	-0.002328564
18.745	-0.002328112
18.75	-0.00230766
18.755	-0.002307206
18.76	-0.002306752
18.765	-0.002306297
18.77	-0.002305842
18.775	-0.002275385
18.78	-0.002274928
18.785	-0.00227447
18.79	-0.002274011
18.795	-0.002273552
18.8	-0.002273092
18.805	-0.002262631
18.81	-0.002262169
18.815	-0.002261706
18.82	-0.002261243
18.825	-0.002260779
18.83	-0.002260314
18.835	-0.002229848
18.84	-0.002229382
18.845	-0.002228915
18.85	-0.002228447
18.855	-0.002227978
18.86	-0.002217509
18.865	-0.002227038
18.87	-0.002226568
18.875	-0.002226096
18.88	-0.002215623
18.885	-0.00217515
18.89	-0.002104676
18.895	-0.002104201
18.9	-0.002223726
18.905	-0.00247325
18.91	-0.002612773
18.915	-0.002222295
18.92	-0.000811816
18.925	0.001608663
18.93	0.003549143
18.935	0.003409624
18.94	0.003120105
18.945	0.003130587
18.95	0.00317107
18.955	0.003301554
18.96	0.003452039
18.965	0.003622524
18.97	0.00379301
18.975	0.003653496
18.98	0.002883984
18.985	0.001434472
18.99	7.4961E-05
18.995	0.000715451
19	0.003015941
19.005	0.004086432
19.01	0.003906924
19.015	0.003167417
19.02	0.00147791
19.025	-0.000881596
19.03	-0.002251101
19.035	-0.002050606
19.04	-0.001870109
19.045	-0.001869612
19.05	-0.001779114
19.055	-0.001658616
19.06	-0.001738117
19.065	-0.002537617
19.07	-0.004437116
19.075	-0.006816615
19.08	-0.007686113
19.085	-0.00737561
19.09	-0.007215106
19.095	-0.007334602
19.1	-0.007664097
19.105	-0.007993591
19.11	-0.007923085
19.115	-0.006962578
19.12	-0.00479207
19.125	-0.002351561
19.13	-0.001911052
19.135	-0.002160542
19.14	-0.002190031
19.145	-0.00218952
19.15	-0.002269008
19.155	-0.002398495
19.16	-0.002287981
19.165	-0.001317467
19.17	0.000843048
19.175	0.003273564
19.18	0.00376408
19.185	0.003474597
19.19	0.003325115
19.195	0.003145633
19.2	0.003036153
19.205	0.003306673
19.21	0.004587193
19.215	0.007017715
19.22	0.009458237
19.225	0.009248759
19.23	0.008669283
19.235	0.008429807
19.24	0.008720332
19.245	0.010040857
19.25	0.012511384
19.255	0.014971911
19.26	0.014852438
19.265	0.014482966
19.27	0.014503495
19.275	0.014594025
19.28	0.014734556
19.285	0.014775087
19.29	0.014765618
19.295	0.014766151
19.3	0.014886684
19.305	0.015097218
19.31	0.015187752
19.315	0.014718288
19.32	0.013278823
19.325	0.01103936
19.33	0.009469897
19.335	0.009660435
19.34	0.009300974
19.345	0.007651513
19.35	0.005272053
19.355	0.003942594
19.36	0.004113135
19.365	0.003753677
19.37	0.00223422
19.375	-3.52371E-05
19.38	-0.001504693
19.385	-0.002004148
19.39	-0.003493603
19.395	-0.005873057
19.4	-0.00719251
19.405	-0.006851963
19.41	-0.006731415
19.415	-0.007560866
19.42	-0.009560317
19.425	-0.012079767
19.43	-0.012989216
19.435	-0.012688665
19.44	-0.012528113
19.445	-0.01265756
19.45	-0.012987007
19.455	-0.013266453
19.46	-0.013075898
19.465	-0.012045343
19.47	-0.010234787
19.475	-0.00878423
19.48	-0.010013673
19.485	-0.012683115
19.49	-0.013192557
19.495	-0.012841997
19.5	-0.012651438
19.505	-0.012640877
19.51	-0.012720316
19.515	-0.012779754
19.52	-0.012839192
19.525	-0.012838628
19.53	-0.012838065
19.535	-0.0128075
19.54	-0.012776935
19.545	-0.01277637
19.55	-0.012805803
19.555	-0.012835236
19.56	-0.012884669
19.565	-0.0128341
19.57	-0.012673531
19.575	-0.012432962
19.58	-0.012402392
19.585	-0.013101821
19.59	-0.01489125
19.595	-0.017290678
19.6	-0.018440105
19.605	-0.018189531
19.61	-0.018028958
19.615	-0.018058383
19.62	-0.018187808
19.625	-0.018287232
19.63	-0.018316655
19.635	-0.018316078
19.64	-0.018305501
19.645	-0.018284922
19.65	-0.018284343
19.655	-0.018263764
19.66	-0.018263184
19.665	-0.018262603
19.67	-0.018262021
19.675	-0.018261439
19.68	-0.018260857
19.685	-0.018260273
19.69	-0.018259689
19.695	-0.018229105
19.7	-0.01822852
19.705	-0.018227934
19.71	-0.018227348
19.715	-0.018226761
19.72	-0.018226173
19.725	-0.018225585
19.73	-0.018214996
19.735	-0.018214407
19.74	-0.018213817
19.745	-0.018213226
19.75	-0.018212635
19.755	-0.018212043
19.76	-0.018181451
19.765	-0.018180858
19.77	-0.018180264
19.775	-0.01817967
19.78	-0.018179075
19.785	-0.01817848
19.79	-0.018177884
19.795	-0.018177287
19.8	-0.01817669
19.805	-0.018166092
19.81	-0.018135494
19.815	-0.018094895
19.82	-0.018094296
19.825	-0.018173695
19.83	-0.018343095
19.835	-0.018422493
19.84	-0.018081892
19.845	-0.016921289
19.85	-0.014960686
19.855	-0.013220082
19.86	-0.012149478
19.865	-0.010578873
19.87	-0.008378268
19.875	-0.007337662
19.88	-0.006757056
19.885	-0.005116448
19.89	-0.002885841
19.895	-0.001775233
19.9	-0.000964624
19.905	0.001095986
19.91	0.003606596
19.915	0.004177206
19.92	0.003727817
19.925	0.003478429
19.93	0.003679041
19.935	0.004829654
19.94	0.007070267
19.945	0.009490881
19.95	0.009661496
19.955	0.009112111
19.96	0.009162727
19.965	0.010193343
19.97	0.012463959
19.975	0.015144577
19.98	0.015585195
19.985	0.015335813
19.99	0.015286432
19.995	0.015337051
20	0.015287672
20.005	0.015128292
20.01	0.015148913
20.015	0.016519535
20.02	0.018240157
20.025	0.02064078
20.03	0.021841404
20.035	0.023422027
20.04	0.023212652
20.045	0.023203277
20.05	0.023283902
20.055	0.023334528
20.06	0.023365155
20.065	0.024425782
20.07	0.02436641
20.075	0.026657038
20.08	0.026547667
20.085	0.026438296
20.09	0.026338926
20.095	0.032079556
20.1	0.031880187
20.105	0.031680819
20.11	0.031471451
20.115	0.031282083
20.12	0.032432716
20.125	0.03403335
20.13	0.033793984
20.135	0.038984619
20.14	0.038635254
20.145	0.040595889
20.15	0.040206525
20.155	0.043367162
20.16	0.042927799
20.165	0.045328437
20.17	0.048209075
20.175	0.047669714
20.18	0.047130353
20.185	0.049350993
20.19	0.048781633
20.195	0.056152274
20.2	0.055452916
20.205	0.063373557
20.21	0.0625142
20.215	0.064484843
20.22	0.063585486
20.225	0.06269613
20.23	0.064246774
20.235	0.063357419
20.24	0.072368064
20.245	0.07519871
20.25	0.074049357
20.255	0.076200003
20.26	0.075010651
20.265	-0.022698701
20.27	-0.022078053
20.275	-0.012747404
20.28	-0.012276755
20.285	-0.011836105
20.29	-0.001745455
20.295	-0.001544804
20.3	-0.001314152
20.305	0.001876499
20.31	0.002267152
20.315	-0.069882196
20.32	-0.068341542
20.325	-0.058930889
20.33	-0.059450234
20.335	-0.05718958
20.34	-0.056818925
20.345	-0.055288269
20.35	-0.095677613
20.355	-0.093676956
20.36	-0.091776299
20.365	-0.087165641
20.37	-0.085244983
20.375	-0.077004325
20.38	-0.075223666
20.385	-0.070183006
20.39	-0.068512346
20.395	-0.075031686
20.4	-0.072971025
20.405	-0.070930364
20.41	-0.062649702
20.415	-0.06200904
20.42	-0.062548377
20.425	-0.063257714
20.43	-0.06181705
20.435	-0.056356386
20.44	-0.054865722
20.445	-0.024555057
20.45	-0.025894391
20.455	-0.027473725
20.46	-0.023243059
20.465	-0.022132392
20.47	-0.017861725
20.475	-0.017171057
20.48	-0.016480389
20.485	0.05572028
20.49	0.055240949
20.495	0.054371619
20.5	0.052462289
20.505	0.053202959
20.51	0.05011363
20.515	0.049754301
20.52	0.049644973
20.525	0.048735645
20.53	0.046746318
20.535	0.163496991
20.54	0.157867664
20.545	0.154868338
20.55	0.152319013
20.555	0.149549688
20.56	0.146750363
20.565	0.143421038
20.57	0.139201715
20.575	0.133832391
20.58	0.128593068
20.585	0.126033745
20.59	0.123814423
20.595	0.120965101
20.6	0.11731578
20.605	0.112496459
20.61	0.107277139
20.615	0.103617819
20.62	0.101168499
20.625	0.09861918
20.63	0.095989861
20.635	0.093440543
20.64	0.090941225
20.645	0.088191907
20.65	0.08473259
20.655	0.080283273
20.66	0.075673957
20.665	0.072334641
20.67	0.070085325
20.675	0.06771601
20.68	0.065226695
20.685	0.062787381
20.69	0.060548067
20.695	0.058338754
20.7	0.05583944
20.705	0.052490128
20.71	0.048190815
20.715	0.043871503
20.72	0.041032192
20.725	0.039052881
20.73	0.03694357
20.735	0.03469426
20.74	0.03244495
20.745	0.03023564
20.75	0.028116331
20.755	0.026037022
20.76	0.023997714
20.765	0.021978406
20.77	0.019939098
20.775	0.017929791
20.78	0.015950484
20.785	0.014041178
20.79	0.012201871
20.795	0.010362566
20.8	0.00832326
20.805	0.005853955
20.81	0.002994651
20.815	0.000205347
20.82	-0.002493957
20.825	-0.004533261
20.83	-0.005112564
20.835	-0.005821867
20.84	-0.006441169
20.845	-0.007740471
20.85	-0.009589773
20.855	-0.011319074
20.86	-0.012898375
20.865	-0.014417675
20.87	-0.015936975
20.875	-0.017496275
20.88	-0.019175575
20.885	-0.020944874
20.89	-0.022604173
20.895	-0.023733471
20.9	-0.023882769
20.905	-0.023222067
20.91	-0.022991364
20.915	-0.024080661
20.92	-0.025679958
20.925	-0.027119254
20.93	-0.02840855
20.935	-0.029637846
20.94	-0.030907141
20.945	-0.032246436
20.95	-0.03361573
20.955	-0.034945024
20.96	-0.036154318
20.965	-0.037183612
20.97	-0.038182905
20.975	-0.039482198
20.98	-0.041671491
20.985	-0.044990783
20.99	-0.048570075
20.995	-0.050129366
21	-0.050968657
21.005	-0.052007948
21.01	-0.053177239
21.015	-0.054336529
21.02	-0.055415819
21.025	-0.056525108
21.03	-0.057694398
21.035	-0.058903687
21.04	-0.059962975
21.045	-0.060402263
21.05	-0.059771551
21.055	-0.058410839
21.06	-0.057880126
21.065	-0.058839413
21.07	-0.0600687
21.075	-0.061067986
21.08	-0.061597273
21.085	-0.061376558
21.09	-0.060355844
21.095	-0.059555129
21.1	-0.060654414
21.105	-0.060293698
21.11	-0.059812982
21.115	-0.058482266
21.12	-0.05687155
21.125	-0.057530833
21.13	-0.057510116
21.135	-0.056019399
21.14	-0.054088681
21.145	-0.053807964
21.15	-0.052527245
21.155	-0.050426527
21.16	-0.049865808
21.165	-0.048405089
21.17	-0.04674437
21.175	-0.04755365
21.18	-0.04812293
21.185	-0.04738221
21.19	-0.045361489
21.195	-0.043320769
21.2	-0.044000048
21.205	-0.045049326
21.21	-0.045678605
21.215	-0.045697883
21.22	-0.044657161
21.225	-0.042626438
21.23	-0.041015715
21.235	-0.041554992
21.24	-0.042224269
21.245	-0.042523546
21.25	-0.042802822
21.255	-0.043152098
21.26	-0.043651373
21.265	-0.044100649
21.27	-0.044039924
21.275	-0.042939198
21.28	-0.040858473
21.285	-0.039197747
21.29	-0.039577021
21.295	-0.040066295
21.3	-0.040235569
21.305	-0.040414842
21.31	-0.040694115
21.315	-0.041023388
21.32	-0.04105266
21.325	-0.040321932
21.33	-0.038571204
21.335	-0.036590476
21.34	-0.035879748
21.345	-0.036239019
21.35	-0.03644829
21.355	-0.036497561
21.36	-0.036466831
21.365	-0.036466101
21.37	-0.036465371
21.375	-0.036534641
21.38	-0.036603911
21.385	-0.03665318
21.39	-0.036682449
21.395	-0.036701718
21.4	-0.036690986
21.405	-0.036690255
21.41	-0.036669523
21.415	-0.036638791
21.42	-0.036598059
21.425	-0.036547326
21.43	-0.036496593
21.435	-0.03642586
21.44	-0.036315127
21.445	-0.036254393
21.45	-0.03612366
21.455	-0.036022926
21.46	-0.035902192
21.465	-0.035771457
21.47	-0.035630723
21.475	-0.035489988
21.48	-0.035329253
21.485	-0.035148518
21.49	-0.034947782
21.495	-0.034807047
21.5	-0.034646311
21.505	-0.034485575
21.51	-0.034254838
21.515	-0.033874102
21.52	-0.033393365
21.525	-0.033082628
21.53	-0.033401891
21.535	-0.034831154
21.54	-0.037010416
21.545	-0.038209679
21.55	-0.037678941
21.555	-0.036988203
21.56	-0.036487464
21.565	-0.036306726
21.57	-0.036875987
21.575	-0.038515248
21.58	-0.040634509
21.585	-0.04123377
21.59	-0.040653031
21.595	-0.040102291
21.6	-0.039601551
21.605	-0.039110811
21.61	-0.038860071
21.615	-0.03931933
21.62	-0.04088859
21.625	-0.042937849
21.63	-0.043377108
21.635	-0.042516367
21.64	-0.041725626
21.645	-0.041384884
21.65	-0.041864143
21.655	-0.043413401
21.66	-0.045422659
21.665	-0.045871917
21.67	-0.045141175
21.675	-0.044540432
21.68	-0.04410969
21.685	-0.043758947
21.69	-0.043368204
21.695	-0.042947461
21.7	-0.042436717
21.705	-0.041885974
21.71	-0.04137523
21.715	-0.040904487
21.72	-0.040423743
21.725	-0.039942998
21.73	-0.039372254
21.735	-0.03863151
21.74	-0.037850765
21.745	-0.037340021
21.75	-0.037629276
21.755	-0.039098531
21.76	-0.041007786
21.765	-0.04120704
21.77	-0.040276295
21.775	-0.039385549
21.78	-0.038664804
21.785	-0.038374058
21.79	-0.038883312
21.795	-0.040402566
21.8	-0.041991819
21.805	-0.041561073
21.81	-0.040740326
21.815	-0.04112958
21.82	-0.042768833
21.825	-0.044618086
21.83	-0.044247339
21.835	-0.043136592
21.84	-0.042575845
21.845	-0.043045097
21.85	-0.044694349
21.855	-0.046483602
21.86	-0.046062854
21.865	-0.044882106
21.87	-0.044261358
21.875	-0.04464061
21.88	-0.046219862
21.885	-0.048099113
21.89	-0.047888365
21.895	-0.046987616
21.9	-0.046276867
21.905	-0.045576118
21.91	-0.044835369
21.915	-0.04401462
21.92	-0.043473871
21.925	-0.043773122
21.93	-0.045202372
21.935	-0.046911623
21.94	-0.046620873
21.945	-0.045650124
21.95	-0.044939374
21.955	-0.044378624
21.96	-0.043847874
21.965	-0.043147124
21.97	-0.042246374
21.975	-0.041305623
21.98	-0.040774873
21.985	-0.041244123
21.99	-0.042933372
21.995	-0.044672621
22	-0.043871871
22.005	-0.04282112
22.01	-0.042150369
22.015	-0.041529618
22.02	-0.040948867
22.025	-0.040328116
22.03	-0.039637364
22.035	-0.038926613
22.04	-0.038195862
22.045	-0.03744511
22.05	-0.036774359
22.055	-0.036123607
22.06	-0.035522855
22.065	-0.034912104
22.07	-0.034161352
22.075	-0.0333406
22.08	-0.032599848
22.085	-0.032909096
22.09	-0.032378344
22.095	-0.031917592
22.1	-0.03092684
22.105	-0.028906087
22.11	-0.025645335
22.115	-0.022424583
22.12	-0.02184383
22.125	-0.021603078
22.13	-0.020932325
22.135	-0.019621572
22.14	-0.01727082
22.145	-0.014040067
22.15	-0.011329314
22.155	-0.010688561
22.16	-0.010117809
22.165	-0.009277056
22.17	-0.008466303
22.175	-0.00769555
22.18	-0.006804797
22.185	-0.005444044
22.19	-0.00316329
22.195	-5.25373E-05
22.2	0.002488216
22.205	0.002968969
22.21	0.003659722
22.215	0.005520476
22.22	0.008481229
22.225	0.011661982
22.23	0.013402736
22.235	0.013873489
22.24	0.014484243
22.245	0.015904996
22.25	0.01840575
22.255	0.021706503
22.26	0.024337257
22.265	0.02487801
22.27	0.025448764
22.275	0.026899518
22.28	0.029400271
22.285	0.032591025
22.29	0.034871779
22.295	0.035622532
22.3	0.036913286
22.305	0.03944404
22.31	0.042614793
22.315	0.044755547
22.32	0.045386301
22.325	0.046517054
22.33	0.048747808
22.335	0.051858562
22.34	0.054429316
22.345	0.05618
22.35	0.0586
22.355	0.06103
22.36	0.06244
22.365	0.06368
22.37	0.06598
22.375	0.06893
22.38	0.07081
22.385	0.07129
22.39	0.07239
22.395	0.07467
22.4	0.07759
22.405	0.07945
22.41	0.07963
22.415	0.07994
22.42	0.08104
22.425	0.08318
22.43	0.08602
22.435	0.08785
22.44	0.0881
22.445	0.08833
22.45	0.08872
22.455	0.08908
22.46	0.08948
22.465	0.09009
22.47	0.09116
22.475	0.0925
22.48	0.09318
22.485	0.09198
22.49	0.09119
22.495	0.09168
22.5	0.09234
22.505	0.09261
22.51	0.09212
22.515	0.09054
22.52	0.08847
22.525	0.08787
22.53	0.08844
22.535	0.08893
22.54	0.08894
22.545	0.08818
22.55	0.08649
22.555	0.08453
22.56	0.08408
22.565	0.08445
22.57	0.08416
22.575	0.08273
22.58	0.0806
22.585	0.07923
22.59	0.07803
22.595	0.07634
22.6	0.07555
22.605	0.07503
22.61	0.07356
22.615	0.07167
22.62	0.07114
22.625	0.07146
22.63	0.07118
22.635	0.06985
22.64	0.06789
22.645	0.06675
22.65	0.06706
22.655	0.0676
22.66	0.06761
22.665	0.06675
22.67	0.06497
22.675	0.06313
22.68	0.06307
22.685	0.06363
22.69	0.0637
22.695	0.06289
22.7	0.06111
22.705	0.05918
22.71	0.05898
22.715	0.05953
22.72	0.05984
22.725	0.05974
22.73	0.05884
22.735	0.05706
22.74	0.05524
22.745	0.05513
22.75	0.05562
22.755	0.0558
22.76	0.05541
22.765	0.05417
22.77	0.05242
22.775	0.05137
22.78	0.05141
22.785	0.05165
22.79	0.05177
22.795	0.05181
22.8	0.05177
22.805	0.05172
22.81	0.05171
22.815	0.05172
22.82	0.05172
22.825	0.0517
22.83	0.05167
22.835	0.05163
22.84	0.05156
22.845	0.05147
22.85	0.05139
22.855	0.05134
22.86	0.05128
22.865	0.0512
22.87	0.051
22.875	0.05068
22.88	0.05038
22.885	0.05033
22.89	0.05097
22.895	0.05235
22.9	0.05377
22.905	0.05347
22.91	0.05297
22.915	0.05267
22.92	0.0523
22.925	0.0519
22.93	0.0516
22.935	0.05172
22.94	0.05251
22.945	0.05366
22.95	0.05392
22.955	0.05316
22.96	0.05241
22.965	0.05207
22.97	0.05237
22.975	0.0534
22.98	0.05436
22.985	0.05369
22.99	0.05278
22.995	0.052
23	0.05125
23.005	0.05079
23.01	0.05083
23.015	0.05153
23.02	0.05218
23.025	0.0513
23.03	0.05029
23.035	0.04951
23.04	0.04869
23.045	0.04785
23.05	0.04688
23.055	0.04598
23.06	0.04535
23.065	0.04525
23.07	0.04553
23.075	0.04529
23.08	0.04428
23.085	0.04315
23.09	0.04206
23.095	0.04102
23.1	0.03998
23.105	0.03887
23.11	0.03774
23.115	0.03656
23.12	0.03539
23.125	0.03422
23.13	0.03303
23.135	0.03179
23.14	0.03051
23.145	0.02915
23.15	0.02778
23.155	0.02661
23.16	0.02582
23.165	0.02542
23.17	0.02495
23.175	0.02381
23.18	0.02227
23.185	0.02076
23.19	0.01929
23.195	0.01783
23.2	0.01635
23.205	0.01481
23.21	0.01324
23.215	0.01162
23.22	0.00999
23.225	0.00837
23.23	0.00676
23.235	0.00514
23.24	0.00344
23.245	0.00174
23.25	-1E-05
23.255	-0.00176
23.26	-0.00348
23.265	-0.00519
23.27	-0.00689
23.275	-0.00871
23.28	-0.01086
23.285	-0.01344
23.29	-0.01617
23.295	-0.01828
23.3	-0.02002
23.305	-0.02178
23.31	-0.0236
23.315	-0.02552
23.32	-0.02768
23.325	-0.03017
23.33	-0.03292
23.335	-0.03529
23.34	-0.03711
23.345	-0.03893
23.35	-0.04087
23.355	-0.04301
23.36	-0.04548
23.365	-0.04821
23.37	-0.05079
23.375	-0.05277
23.38	-0.05473
23.385	-0.05678
23.39	-0.0588
23.395	-0.06089
23.4	-0.06308
23.405	-0.06553
23.41	-0.06827
23.415	-0.07102
23.42	-0.07314
23.425	-0.07522
23.43	-0.07742
23.435	-0.07965
23.44	-0.08193
23.445	-0.08421
23.45	-0.08652
23.455	-0.0888
23.46	-0.09114
23.465	-0.09349
23.47	-0.09586
23.475	-0.09811
23.48	-0.09927
23.485	-0.10044
23.49	-0.09624
23.495	-0.09297
23.5	-0.08078
23.505	-0.07498
23.51	-0.05191
23.515	-0.04066
23.52	-0.12278
23.525	-0.1473
23.53	-0.22688
23.535	-0.22752
23.54	-0.22234
23.545	-0.19299
23.55	-0.15571
23.555	-0.12084
23.56	-0.06306
23.565	-0.00276
23.57	-0.00246
23.575	-0.00242
23.58	-0.00247
23.585	-0.00247
23.59	-0.00246
23.595	-0.00246
23.6	-0.00243
23.605	-0.00246
23.61	-0.0025
23.615	-0.00251
23.62	-0.00247
23.625	-0.00235
23.63	-0.00214
23.635	-0.002
23.64	-0.00202
23.645	-0.0021
23.65	-0.00223
23.655	-0.00242
23.66	-0.00259
23.665	-0.00256
23.67	-0.00254
23.675	-0.00259
23.68	-0.00274
23.685	-0.00288
23.69	-0.00292
23.695	-0.00288
23.7	-0.00287
23.705	-0.00284
23.71	-0.00283
23.715	-0.00283
23.72	-0.0028
23.725	-0.00276
23.73	-0.00274
23.735	-0.00272
23.74	-0.00276
23.745	-0.00283
23.75	-0.00291
23.755	-0.00287
23.76	-0.00283
23.765	-0.00279
23.77	-0.00276
23.775	-0.00272
23.78	-0.0027
23.785	-0.00267
23.79	-0.00264
23.795	-0.00263
23.8	-0.00259
23.805	-0.00258
23.81	-0.00256
23.815	-0.00254
23.82	-0.00251
23.825	-0.0025
23.83	-0.00247
23.835	-0.00246
23.84	-0.00243
23.845	-0.00242
23.85	-0.00242
23.855	-0.00239
23.86	-0.00237
23.865	-0.00237
23.87	-0.00235
23.875	-0.00233
23.88	-0.00233
23.885	-0.0023
23.89	-0.0023
23.895	-0.0023
23.9	-0.0023
23.905	-0.00226
23.91	-0.00226
23.915	-0.00225
23.92	-0.00225
23.925	-0.00225
23.93	-0.00223
23.935	-0.00223
23.94	-0.00223
23.945	-0.00221
23.95	-0.00221
23.955	-0.00218
23.96	-0.00218
23.965	-0.00216
23.97	-0.00216
23.975	-0.00216
23.98	-0.00216
23.985	-0.00216
23.99	-0.00216
23.995	-0.00214
24	-0.00214
24.005	-0.00214
24.01	-0.00214
24.015	-0.00214
24.02	-0.00214
24.025	-0.00214
24.03	-0.00214
24.035	-0.00213
24.04	-0.00213
24.045	-0.00213
24.05	-0.00213
24.055	-0.00213
24.06	-0.00213
24.065	-0.00213
24.07	-0.0021
24.075	-0.0021
24.08	-0.0021
24.085	-0.0021
24.09	-0.00209
24.095	-0.00209
24.1	-0.00209
24.105	-0.00209
24.11	-0.00206
24.115	-0.00206
24.12	-0.00206
24.125	-0.00204
24.13	-0.00204
24.135	-0.00202
24.14	-0.00202
24.145	-0.00202
24.15	-0.002
24.155	-0.002
24.16	-0.00197
24.165	-0.00197
24.17	-0.00196
24.175	-0.00196
24.18	-0.00194
