1 4.20538e-05 0.000123811 0.000210131 0.000316838 0.000408099 0.000471856 0.000582981 0.00066349 0.000736112 0.000674102 0.000718512 0.000745721 0.000783971 0.000810673
2 5.50492e-05 0.000186337 0.000407703 0.000512825 0.00111944 0.00103838 0.00135601 0.00157356 0.00177022 0.00161669 0.00187742 0.00188668 0.00239033 0.00217566
3 5.41919e-05 0.000197749 0.000516675 0.000633279 0.00190781 0.00166808 0.00230027 0.00283805 0.00334118 0.00290031 0.0033943 0.00340986 0.00447942 0.00410172
4 4.24789e-05 0.000159253 0.00046332 0.000583572 0.00218269 0.00193208 0.00275543 0.00352425 0.00435241 0.00370047 0.00444181 0.00464756 0.00599687 0.00586758
5 3.28059e-05 0.000120292 0.000353921 0.000449918 0.00195763 0.00180253 0.00282276 0.00406705 0.00545231 0.00447872 0.00556669 0.00610756 0.00748039 0.00788097
6 2.62224e-05 9.31819e-05 0.000265462 0.00033012 0.00171704 0.00165416 0.00283537 0.00458907 0.0066512 0.00519203 0.00654166 0.00743666 0.00839137 0.00947699
7 2.46143e-05 8.4738e-05 0.000223951 0.000267548 0.0014897 0.00147888 0.00275555 0.00499829 0.00778736 0.00568716 0.00713071 0.00832228 0.0084731 0.0102415
8 2.3913e-05 8.12405e-05 0.00020305 0.000238184 0.00129921 0.00130383 0.00261307 0.00532937 0.00888977 0.00600323 0.00738925 0.00880537 0.00802564 0.0103846
9 2.35809e-05 7.96646e-05 0.000192645 0.000225649 0.00115713 0.00115296 0.0024658 0.00562835 0.0100257 0.0062148 0.00746436 0.00906651 0.0073758 0.0102643
10 2.3431e-05 7.89662e-05 0.000187659 0.000220565 0.00105793 0.00103167 0.00232851 0.00592663 0.01128 0.00637644 0.00743126 0.0092053 0.00668822 0.0100708
11 2.33595e-05 7.86413e-05 0.000185441 0.000218505 0.000990018 0.000937379 0.00220469 0.00624724 0.0126837 0.0064933 0.00731294 0.00926026 0.00602906 0.00987154
12 2.33134e-05 7.84474e-05 0.000184438 0.000217573 0.000943231 0.000865209 0.00209327 0.00659247 0.0142428 0.00655715 0.00711293 0.00925259 0.00542611 0.00968804
13 2.32678e-05 7.82718e-05 0.0001839 0.000216976 0.00091093 0.000810286 0.00199233 0.00695656 0.0159508 0.00655681 0.00683224 0.00918529 0.00489182 0.00952714
14 2.32235e-05 7.81067e-05 0.000183463 0.000216386 0.000888321 0.000768435 0.00189975 0.00733123 0.017792 0.00648542 0.00648759 0.00906264 0.0044246 0.00939399
15 2.31899e-05 7.79772e-05 0.000182942 0.000215653 0.000871516 0.00073605 0.00181327 0.00770652 0.0197417 0.00634502 0.0060904 0.00888926 0.00402136 0.00929708
16 2.3139e-05 7.77918e-05 0.000182242 0.000214704 0.000857798 0.000710271 0.00173103 0.00807067 0.0217874 0.00613521 0.00565131 0.00867017 0.00368573 0.00923924
17 2.30652e-05 7.75253e-05 0.000181316 0.00021384 0.000845352 0.000688903 0.00165157 0.00841063 0.0239147 0.00586024 0.00518289 0.0084307 0.0034116 0.00921933
18 2.29649e-05 7.71628e-05 0.000180126 0.000212781 0.000832874 0.00067022 0.00157362 0.00871148 0.0260828 0.00552749 0.00470456 0.0081729 0.00318668 0.00923224
19 2.28442e-05 7.67237e-05 0.000178716 0.000211495 0.000819806 0.000653199 0.00149836 0.00896161 0.0282528 0.00515066 0.00423506 0.00789845 0.00300494 0.00927691
20 2.27087e-05 7.62278e-05 0.000177145 0.000210012 0.000805982 0.000637236 0.00142557 0.0091619 0.0303889 0.00474476 0.00378368 0.0076093 0.00285804 0.00935285