1 3.6202e-05 0.000108054 0.00018445 0.000277749 0.000350364 0.000401066 0.000487169 0.000543589 0.000574988 0.000504376 0.00051384 0.000527898 0.000564845 0.000588548
2 4.28932e-05 0.000143927 0.000307917 0.000383503 0.000798488 0.000731838 0.000899529 0.000968483 0.00104149 0.000966719 0.00114088 0.00112525 0.00158755 0.00137366
3 4.20342e-05 0.000148532 0.000365593 0.000427139 0.00122176 0.00101502 0.0012808 0.00150123 0.0017296 0.00163254 0.00211955 0.0021862 0.00340911 0.00295086
4 3.6335e-05 0.000131201 0.000357269 0.000412681 0.00158413 0.00129132 0.00176892 0.00230227 0.0028886 0.00272248 0.00377952 0.0040974 0.00648678 0.00583683
5 3.10262e-05 0.000110978 0.000310762 0.000357503 0.00169917 0.00140868 0.00209107 0.00303609 0.00413926 0.00381194 0.0055014 0.00625715 0.0102697 0.00984689
6 2.74696e-05 9.63239e-05 0.000263716 0.00030032 0.00168613 0.00143479 0.00234876 0.00390665 0.00588452 0.00540677 0.00836702 0.0102276 0.0169981 0.0174289
7 2.8025e-05 9.66856e-05 0.000254683 0.000289242 0.00173154 0.00152623 0.00274268 0.00523659 0.00873443 0.00785915 0.0126559 0.0163288 0.0260609 0.0281744
8 2.56295e-05 8.80914e-05 0.000225751 0.000258356 0.00153831 0.0014171 0.00277287 0.00603927 0.011041 0.00940288 0.015044 0.0199198 0.0286013 0.0317238
9 2.30663e-05 7.85769e-05 0.000194892 0.000225008 0.00126514 0.00119871 0.00253176 0.00626905 0.0125035 0.00991198 0.0154266 0.0207402 0.0274859 0.031817
10 2.2371e-05 7.54004e-05 0.000180719 0.000211023 0.00107786 0.00102079 0.00229555 0.00644902 0.0140337 0.0103062 0.0155212 0.0211812 0.0260869 0.0315874
11 2.21581e-05 7.4335e-05 0.000174525 0.000205658 0.000956776 0.000887449 0.00208873 0.00663356 0.0157537 0.0106771 0.0155111 0.0215262 0.0247552 0.0313598
12 2.20276e-05 7.37673e-05 0.000171447 0.000203086 0.000877167 0.000788869 0.00190746 0.00681768 0.0176764 0.0110096 0.0153864 0.0217839 0.0234901 0.0312227
13 2.18951e-05 7.32627e-05 0.000169441 0.000201332 0.000823383 0.000716719 0.00174781 0.00699198 0.0197901 0.0112794 0.015135 0.021945 0.0222789 0.0312508
14 2.17483e-05 7.27287e-05 0.000167686 0.000199651 0.000785204 0.000663676 0.00160638 0.00714556 0.0220855 0.0114673 0.0147573 0.0220029 0.02111 0.0314012
15 2.16049e-05 7.2204e-05 0.000166115 0.000198023 0.000756866 0.000624535 0.00148134 0.00727605 0.0245561 0.0115675 0.0142701 0.0219728 0.019989 0.0316435
16 2.14621e-05 7.16825e-05 0.000164613 0.000196487 0.000734936 0.000595377 0.00137146 0.00737909 0.0272041 0.0115779 0.0136933 0.0218723 0.0189203 0.0319677
17 2.1321e-05 7.11692e-05 0.000163136 0.00019498 0.000717383 0.000573248 0.00127548 0.0074545 0.0300276 0.0114982 0.0130479 0.021704 0.0179003 0.0323481
18 2.11935e-05 7.07012e-05 0.000161742 0.000193541 0.000702743 0.000556162 0.00119233 0.00750135 0.033023 0.0113351 0.0123494 0.0214691 0.0169262 0.0327659
19 2.10761e-05 7.02708e-05 0.000160475 0.000192225 0.00069021 0.000542822 0.00112115 0.00751989 0.0361992 0.0110958 0.0116156 0.0211668 0.0159947 0.033214
20 2.09688e-05 6.98779e-05 0.000159316 0.000191067 0.000679263 0.000532167 0.00106053 0.00751095 0.0395651 0.0107879 0.0108573 0.0207901 0.0151029 0.0336935