1 3.903e-05 0.00011708 0.000198654 0.000302047 0.000376372 0.000437169 0.00054322 0.000628283 0.000687741 0.000618731 0.000649472 0.0006738 0.000707733 0.000740682
2 5.20711e-05 0.000176136 0.000377684 0.000489665 0.0010023 0.000959537 0.00123299 0.00141922 0.00154648 0.00143201 0.00168499 0.00170845 0.00223684 0.00201406
3 4.74246e-05 0.000171465 0.000436036 0.000555251 0.00158693 0.00145941 0.00203979 0.0026115 0.00308267 0.00280209 0.00344446 0.00351351 0.00462627 0.00408344
4 4.01378e-05 0.000147155 0.000408673 0.000528977 0.00193141 0.00182345 0.0027799 0.0039801 0.0050513 0.00429822 0.00513934 0.00519432 0.00712136 0.00652137
5 3.14659e-05 0.000113615 0.00031962 0.000415501 0.00183791 0.00182653 0.00306661 0.00502364 0.00700644 0.00576147 0.0072523 0.00785316 0.0111222 0.0106826
6 2.79929e-05 9.82991e-05 0.000265807 0.000333516 0.00166571 0.00173854 0.00320941 0.0060384 0.00928411 0.00752614 0.0101709 0.0116619 0.0162541 0.0163695
7 2.35817e-05 8.12591e-05 0.000208166 0.000253589 0.00129467 0.00140336 0.00283387 0.00614698 0.0106937 0.0086583 0.0122299 0.0144921 0.0187118 0.0193888
8 2.02285e-05 6.84141e-05 0.000164806 0.000198612 0.000934431 0.00101011 0.00219946 0.00550782 0.0110064 0.00885992 0.0128985 0.0155251 0.0178363 0.0187429
9 1.94759e-05 6.49041e-05 0.000148412 0.000180728 0.000735542 0.000754157 0.00171228 0.00489449 0.0112252 0.00904181 0.0136553 0.0167105 0.0169925 0.0181323
10 1.90444e-05 6.31233e-05 0.000140665 0.000173284 0.000620963 0.000593221 0.00134327 0.00430015 0.0113046 0.0091546 0.0144147 0.0179526 0.0160596 0.0175297
11 1.87162e-05 6.18828e-05 0.000136175 0.000169077 0.000552456 0.00049627 0.00107157 0.0037408 0.0112513 0.00919531 0.0151637 0.0192454 0.0150661 0.0169606
12 1.8442e-05 6.08806e-05 0.000133054 0.000166009 0.000509483 0.000439369 0.000878706 0.00322579 0.0110731 0.00916284 0.0158902 0.0205823 0.0140347 0.0164224
13 1.82019e-05 6.00142e-05 0.000130558 0.000163448 0.000480744 0.00040602 0.000745435 0.00276163 0.0107821 0.0090614 0.0165866 0.0219622 0.0130072 0.0159127
14 1.7975e-05 5.92034e-05 0.000128308 0.000161085 0.000460052 0.000385231 0.000654865 0.00234908 0.0103958 0.00889236 0.0172401 0.0233793 0.0120572 0.0154261
15 1.77405e-05 5.83736e-05 0.00012606 0.000158764 0.000443328 0.000370811 0.000593339 0.00198852 0.00992979 0.00865407 0.0178297 0.0248158 0.0111746 0.0149538
16 1.75103e-05 5.75631e-05 0.000123883 0.000156475 0.000428901 0.000359579 0.000550469 0.00168061 0.00940913 0.00835305 0.0183488 0.0262722 0.0103539 0.0144918
17 1.72798e-05 5.67507e-05 0.000121699 0.000154165 0.000415787 0.00034996 0.000519775 0.00142775 0.00885911 0.00799841 0.0187882 0.0277494 0.00959045 0.0140388
18 1.70489e-05 5.59421e-05 0.000119542 0.000151939 0.0004034 0.000341304 0.000496377 0.00122311 0.00830437 0.00760681 0.0191391 0.029245 0.00888031 0.0135919
19 1.6819e-05 5.51349e-05 0.000117383 0.00014967 0.000396622 0.000333043 0.000477719 0.00106033 0.00776018 0.00718988 0.0193948 0.0307553 0.00822089 0.0131492
20 1.65895e-05 5.4334e-05 0.000115258 0.000147457 0.000394034 0.000325215 0.000461736 0.000933148 0.00723888 0.00675997 0.0195514 0.0322739 0.0076095 0.0127098