1 7.59948e-05 0.000222586 0.000323203 0.00043619 0.000554836 0.000661723 0.000759111 0.000733246 0.000787715 0.000829503 0.000853378 0.000825489 0.000859968 0.000888465 0.000891699 0.00088821
2 8.78913e-05 0.000358256 0.00048815 0.000731269 0.00129913 0.00124862 0.00164338 0.00184039 0.00157578 0.0017465 0.0017782 0.0017707 0.00240194 0.00176092 0.00264743 0.00194314
3 7.90176e-05 0.000382959 0.000510272 0.000844323 0.00183536 0.00164761 0.0023615 0.00275301 0.00215647 0.00248795 0.00255457 0.00260643 0.00422169 0.00273298 0.00504321 0.00339112
4 6.29811e-05 0.00032185 0.000446674 0.00075834 0.00188619 0.0016871 0.00256205 0.00322547 0.0025764 0.0032799 0.00359492 0.00372249 0.00668933 0.0042502 0.00874848 0.00590646
5 4.75345e-05 0.000238189 0.000336592 0.000573235 0.00167787 0.00152676 0.00266004 0.00365728 0.00301555 0.00417971 0.00487788 0.00505473 0.00961695 0.00636013 0.0134892 0.0094663
6 3.87241e-05 0.000185086 0.000248542 0.000442846 0.00141963 0.00130627 0.0025436 0.00373451 0.00321495 0.00479476 0.00595553 0.00607617 0.0118216 0.00833696 0.0171377 0.01261
7 3.42239e-05 0.000152759 0.000203963 0.000351004 0.00115256 0.00105318 0.00224166 0.00347538 0.00312112 0.0049693 0.00655542 0.00653825 0.0127722 0.00963097 0.0193378 0.0148713
8 3.18563e-05 0.000134266 0.000181152 0.000295535 0.000944296 0.00084418 0.00190538 0.0030954 0.00287682 0.0048733 0.00680711 0.00663139 0.0130588 0.0104889 0.0204755 0.0164284
9 3.05931e-05 0.000124579 0.000171213 0.00026563 0.00080429 0.000696505 0.00161675 0.00273104 0.00259688 0.00465513 0.00687999 0.00654214 0.0130205 0.0112681 0.0210103 0.0177439
10 3.00897e-05 0.000119288 0.000167408 0.000250924 0.000714447 0.000599378 0.001391 0.0024218 0.00232435 0.00438635 0.00684357 0.00636348 0.0128035 0.0120213 0.0211989 0.0190135
11 2.986e-05 0.000116828 0.000165583 0.000244273 0.000656869 0.000538366 0.00122216 0.00217272 0.0020768 0.00409995 0.00673468 0.00614287 0.0124882 0.0127724 0.0212577 0.0202737
12 2.96905e-05 0.000115462 0.000164407 0.000240716 0.000618567 0.000503207 0.00109698 0.00197422 0.00185931 0.00381036 0.00656929 0.00591636 0.0121589 0.013545 0.0212431 0.0215314
13 2.9531e-05 0.000114455 0.000163417 0.000238303 0.000591219 0.000482233 0.00100675 0.00181501 0.00167944 0.00352398 0.00638096 0.00568462 0.0118154 0.0143366 0.0211508 0.0227699
14 2.93759e-05 0.000113583 0.000162492 0.000236338 0.000573158 0.000468954 0.000943006 0.00168592 0.00153096 0.00325313 0.00617529 0.00544983 0.0114588 0.015143 0.0209801 0.0239959
15 2.92231e-05 0.000112767 0.000161591 0.00023456 0.000560309 0.000459802 0.00089688 0.00157987 0.00140855 0.0030065 0.00595419 0.00521596 0.011091 0.0159595 0.0207592 0.0251989
16 2.90695e-05 0.000111969 0.000160688 0.000232847 0.000550282 0.00045282 0.000862401 0.00149166 0.00130789 0.00278292 0.00571953 0.00498332 0.0107134 0.0167888 0.0205708 0.0263631
17 2.89035e-05 0.000111132 0.000159718 0.000231067 0.000541561 0.000446794 0.000835252 0.00142333 0.00122441 0.00257958 0.00547127 0.00475038 0.0103281 0.0176275 0.0203991 0.0274593
18 2.87303e-05 0.000110261 0.000158697 0.00022922 0.000533472 0.000441202 0.000812842 0.00136851 0.00115479 0.00239576 0.00521168 0.00451759 0.00993725 0.018467 0.0202342 0.0284811
19 2.8552e-05 0.000109362 0.000157633 0.000227313 0.000525686 0.000435805 0.000793672 0.00132288 0.00109623 0.00223002 0.00494379 0.00428659 0.00954258 0.0193005 0.02007 0.0295319
20 2.83572e-05 0.000108397 0.000156474 0.000225273 0.000517829 0.000430309 0.000776361 0.00128286 0.00104608 0.0020799 0.00466849 0.00405743 0.0091416 0.0201119 0.0198939 0.0306148