1 8.58962e-05 0.000255598 0.000380532 0.000516019 0.000642298 0.00074405 0.000849461 0.000836294 0.000939483 0.00103377 0.00110929 0.00109175 0.00114354 0.00115609 0.00119869 0.0012295
2 0.000104256 0.000437099 0.000592318 0.000908295 0.00160285 0.00154757 0.00207662 0.00240263 0.00222029 0.00271301 0.00294709 0.0030147 0.00418322 0.0030575 0.00481418 0.00376257
3 8.90036e-05 0.000468864 0.000597072 0.00111412 0.00256389 0.00242146 0.00376938 0.00482969 0.00430567 0.00565417 0.00640235 0.00651879 0.0100566 0.00718561 0.0124068 0.00945361
4 6.56012e-05 0.000377404 0.000469754 0.0010044 0.00282073 0.00274885 0.00482926 0.00650438 0.00592229 0.00820523 0.00970905 0.00960867 0.0152556 0.0113883 0.019263 0.015218
5 4.8701e-05 0.000273366 0.000334977 0.000761511 0.00250876 0.00254098 0.00501397 0.00705409 0.00665358 0.00974167 0.0120851 0.0116055 0.0187475 0.014769 0.0242894 0.0201256
6 4.11922e-05 0.000211724 0.000259729 0.000571775 0.00209918 0.00217909 0.00480405 0.00707094 0.00694784 0.0107849 0.0140703 0.013123 0.021534 0.0179615 0.028595 0.0250894
7 3.78613e-05 0.000179201 0.000223517 0.000452054 0.00174695 0.00182179 0.00444478 0.00685656 0.00704643 0.0116211 0.0159537 0.0144427 0.0240231 0.0212594 0.0324935 0.0304924
8 3.61959e-05 0.000162097 0.000206142 0.000382151 0.00147639 0.00151623 0.00403755 0.00652635 0.00703218 0.0123298 0.0178086 0.0156068 0.0262068 0.0246219 0.0357384 0.0361897
9 3.51431e-05 0.000152239 0.000196887 0.000341562 0.00127454 0.00126975 0.00362182 0.00612316 0.00692435 0.0129029 0.0195827 0.0165475 0.0279017 0.0278083 0.0379114 0.0417258
10 3.43594e-05 0.000145789 0.000190968 0.000317074 0.00112477 0.00107658 0.00322006 0.00567272 0.00672819 0.0133187 0.0211955 0.0171961 0.0289811 0.0305777 0.038806 0.0466416
11 3.37141e-05 0.000141215 0.000186578 0.000301533 0.00101451 0.000929795 0.0028513 0.00521178 0.00646497 0.013581 0.0226236 0.0175536 0.0294621 0.0328554 0.0385415 0.0508083
12 3.32391e-05 0.000137886 0.000183339 0.000291193 0.000934075 0.000821415 0.00252827 0.00477536 0.00616247 0.0137302 0.023902 0.0176775 0.0294898 0.0347136 0.0374508 0.0542884
13 3.28897e-05 0.000135518 0.000180976 0.000284401 0.0008766 0.000743861 0.00225823 0.00438097 0.00584862 0.0138129 0.0250935 0.0176415 0.0292181 0.0362636 0.0358573 0.057241
14 3.26462e-05 0.000133857 0.000179337 0.000279895 0.000836036 0.000689681 0.00203821 0.0040392 0.00553873 0.0138572 0.0262483 0.0174998 0.0287739 0.0376295 0.0340204 0.0598215
15 3.24753e-05 0.000132683 0.000178211 0.000276834 0.000807391 0.000652421 0.00186196 0.00374966 0.00524238 0.0138864 0.0274057 0.0172898 0.0282233 0.0388705 0.0320827 0.0621819
16 3.23498e-05 0.000131826 0.000177412 0.000274675 0.000786966 0.000626939 0.00172208 0.00350745 0.00496439 0.0139074 0.02858 0.0170286 0.0276039 0.0400284 0.030126 0.0643852
17 3.22512e-05 0.000131167 0.000176812 0.000273076 0.000772125 0.000609419 0.00161152 0.00330589 0.00470544 0.0139229 0.0297938 0.0167277 0.0269428 0.0411324 0.0281981 0.0664645
18 3.21693e-05 0.000130631 0.000176332 0.000271822 0.000761061 0.000597197 0.00152434 0.0031386 0.00446508 0.0139333 0.0310484 0.0163965 0.026248 0.0421864 0.0263258 0.0684355
19 3.20994e-05 0.000130182 0.000175933 0.0002708 0.000752588 0.000588492 0.00145568 0.00299997 0.0042426 0.0139421 0.0323432 0.0160378 0.0255249 0.043191 0.0245278 0.0703073
20 3.20387e-05 0.000129794 0.000175595 0.00026994 0.000745881 0.000582124 0.0014015 0.0028849 0.00403709 0.0139491 0.0336854 0.0156539 0.0247771 0.0441597 0.0228163 0.0720863