t(s)	a(g)
0	-0.00052
0.005	-0.00176
0.01	-0.00176
0.015	-0.00176
0.02	-0.00176
0.025	-0.00176
0.03	-0.00176
0.035	-0.00176
0.04	-0.00175
0.045	-0.00175
0.05	-0.00176
0.055	-0.00176
0.06	-0.00176
0.065	-0.00176
0.07	-0.00176
0.075	-0.00176
0.08	-0.00176
0.085	-0.00176
0.09	-0.00175
0.095	-0.00175
0.1	-0.00175
0.105	-0.00176
0.11	-0.00176
0.115	-0.00176
0.12	-0.00176
0.125	-0.00176
0.13	-0.00176
0.135	-0.00176
0.14	-0.00175
0.145	-0.00175
0.15	-0.00175
0.155	-0.00175
0.16	-0.00175
0.165	-0.00175
0.17	-0.00175
0.175	-0.00176
0.18	-0.00176
0.185	-0.00176
0.19	-0.00175
0.195	-0.00175
0.2	-0.00175
0.205	-0.00175
0.21	-0.00175
0.215	-0.00175
0.22	-0.00175
0.225	-0.00175
0.23	-0.00175
0.235	-0.00175
0.24	-0.00174
0.245	-0.00174
0.25	-0.00174
0.255	-0.00174
0.26	-0.00174
0.265	-0.00174
0.27	-0.00174
0.275	-0.00174
0.28	-0.00174
0.285	-0.00174
0.29	-0.00173
0.295	-0.00174
0.3	-0.00174
0.305	-0.00174
0.31	-0.00174
0.315	-0.00174
0.32	-0.00174
0.325	-0.00174
0.33	-0.00174
0.335	-0.00174
0.34	-0.00173
0.345	-0.00173
0.35	-0.00173
0.355	-0.00173
0.36	-0.00173
0.365	-0.00173
0.37	-0.00173
0.375	-0.00173
0.38	-0.00173
0.385	-0.00173
0.39	-0.00173
0.395	-0.00173
0.4	-0.00173
0.405	-0.00173
0.41	-0.00173
0.415	-0.00173
0.42	-0.00173
0.425	-0.00173
0.43	-0.00173
0.435	-0.00172
0.44	-0.00171
0.445	-0.00171
0.45	-0.00171
0.455	-0.00171
0.46	-0.00171
0.465	-0.00171
0.47	-0.00171
0.475	-0.00171
0.48	-0.00171
0.485	-0.00171
0.49	-0.00171
0.495	-0.00170
0.5	-0.00170
0.505	-0.00170
0.51	-0.00170
0.515	-0.00170
0.52	-0.00170
0.525	-0.00170
0.53	-0.00170
0.535	-0.00170
0.54	-0.00170
0.545	-0.00170
0.55	-0.00168
0.555	-0.00168
0.56	-0.00168
0.565	-0.00168
0.57	-0.00168
0.575	-0.00168
0.58	-0.00168
0.585	-0.00168
0.59	-0.00168
0.595	-0.00168
0.6	-0.00167
0.605	-0.00167
0.61	-0.00167
0.615	-0.00166
0.62	-0.00166
0.625	-0.00166
0.63	-0.00166
0.635	-0.00166
0.64	-0.00166
0.645	-0.00166
0.65	-0.00166
0.655	-0.00165
0.66	-0.00165
0.665	-0.00164
0.67	-0.00164
0.675	-0.00164
0.68	-0.00164
0.685	-0.00164
0.69	-0.00164
0.695	-0.00164
0.7	-0.00164
0.705	-0.00163
0.71	-0.00162
0.715	-0.00162
0.72	-0.00162
0.725	-0.00162
0.73	-0.00162
0.735	-0.00162
0.74	-0.00162
0.745	-0.00161
0.75	-0.00161
0.755	-0.00161
0.76	-0.00161
0.765	-0.00160
0.77	-0.00160
0.775	-0.00160
0.78	-0.00159
0.785	-0.00159
0.79	-0.00159
0.795	-0.00159
0.8	-0.00159
0.805	-0.00159
0.81	-0.00158
0.815	-0.00158
0.82	-0.00158
0.825	-0.00158
0.83	-0.00158
0.835	-0.00158
0.84	-0.00157
0.845	-0.00157
0.85	-0.00157
0.855	-0.00157
0.86	-0.00157
0.865	-0.00156
0.87	-0.00156
0.875	-0.00156
0.88	-0.00155
0.885	-0.00155
0.89	-0.00154
0.895	-0.00154
0.9	-0.00154
0.905	-0.00154
0.91	-0.00154
0.915	-0.00153
0.92	-0.00153
0.925	-0.00153
0.93	-0.00153
0.935	-0.00152
0.94	-0.00151
0.945	-0.00151
0.95	-0.00151
0.955	-0.00151
0.96	-0.00150
0.965	-0.00150
0.97	-0.00150
0.975	-0.00150
0.98	-0.00150
0.985	-0.00149
0.99	-0.00149
0.995	-0.00148
1	-0.00148
1.005	-0.00147
1.01	-0.00147
1.015	-0.00147
1.02	-0.00147
1.025	-0.00146
1.03	-0.00146
1.035	-0.00146
1.04	-0.00146
1.045	-0.00145
1.05	-0.00145
1.055	-0.00144
1.06	-0.00144
1.065	-0.00143
1.07	-0.00143
1.075	-0.00143
1.08	-0.00143
1.085	-0.00143
1.09	-0.00143
1.095	-0.00143
1.1	-0.00142
1.105	-0.00142
1.11	-0.00142
1.115	-0.00140
1.12	-0.00140
1.125	-0.00140
1.13	-0.00140
1.135	-0.00139
1.14	-0.00139
1.145	-0.00139
1.15	-0.00138
1.155	-0.00138
1.16	-0.00138
1.165	-0.00137
1.17	-0.00137
1.175	-0.00136
1.18	-0.00135
1.185	-0.00135
1.19	-0.00135
1.195	-0.00134
1.2	-0.00134
1.205	-0.00134
1.21	-0.00133
1.215	-0.00133
1.22	-0.00133
1.225	-0.00132
1.23	-0.00132
1.235	-0.00131
1.24	-0.00130
1.245	-0.00130
1.25	-0.00130
1.255	-0.00129
1.26	-0.00129
1.265	-0.00129
1.27	-0.00128
1.275	-0.00128
1.28	-0.00128
1.285	-0.00128
1.29	-0.00128
1.295	-0.00127
1.3	-0.00126
1.305	-0.00126
1.31	-0.00125
1.315	-0.00125
1.32	-0.00125
1.325	-0.00124
1.33	-0.00124
1.335	-0.00123
1.34	-0.00123
1.345	-0.00123
1.35	-0.00122
1.355	-0.00122
1.36	-0.00120
1.365	-0.00120
1.37	-0.00120
1.375	-0.00119
1.38	-0.00119
1.385	-0.00118
1.39	-0.00118
1.395	-0.00118
1.4	-0.00117
1.405	-0.00117
1.41	-0.00116
1.415	-0.00116
1.42	-0.00116
1.425	-0.00114
1.43	-0.00114
1.435	-0.00113
1.44	-0.00113
1.445	-0.00113
1.45	-0.00113
1.455	-0.00113
1.46	-0.00112
1.465	-0.00112
1.47	-0.00111
1.475	-0.00111
1.48	-0.00110
1.485	-0.00110
1.49	-0.00108
1.495	-0.00108
1.5	-0.00107
1.505	-0.00105
1.51	-0.00103
1.515	-0.00098
1.52	-0.00090
1.525	-0.00083
1.53	-0.00077
1.535	-0.00070
1.54	-0.00064
1.545	-0.00058
1.55	-0.00053
1.555	-0.00044
1.56	-0.00038
1.565	-0.00032
1.57	-0.00024
1.575	-0.00020
1.58	-0.00013
1.585	-0.00008
1.59	0.00000
1.595	0.00006
1.6	0.00002
1.605	-0.00003
1.61	-0.00008
1.615	-0.00011
1.62	-0.00016
1.625	-0.00020
1.63	-0.00025
1.635	-0.00029
1.64	-0.00033
1.645	-0.00038
1.65	-0.00043
1.655	-0.00048
1.66	-0.00052
1.665	-0.00056
1.67	-0.00062
1.675	-0.00067
1.68	-0.00071
1.685	-0.00075
1.69	-0.00081
1.695	-0.00084
1.7	-0.00088
1.705	-0.00090
1.71	-0.00087
1.715	-0.00073
1.72	-0.00061
1.725	-0.00051
1.73	-0.00051
1.735	-0.00053
1.74	-0.00064
1.745	-0.00076
1.75	-0.00096
1.755	-0.00123
1.76	-0.00158
1.765	-0.00191
1.77	-0.00225
1.775	-0.00260
1.78	-0.00293
1.785	-0.00327
1.79	-0.00360
1.795	-0.00394
1.8	-0.00427
1.805	-0.00459
1.81	-0.00492
1.815	-0.00525
1.82	-0.00557
1.825	-0.00590
1.83	-0.00621
1.835	-0.00652
1.84	-0.00683
1.845	-0.00713
1.85	-0.00743
1.855	-0.00773
1.86	-0.00803
1.865	-0.00833
1.87	-0.00862
1.875	-0.00891
1.88	-0.00919
1.885	-0.00946
1.89	-0.00970
1.895	-0.00994
1.9	-0.01015
1.905	-0.01037
1.91	-0.01057
1.915	-0.01073
1.92	-0.01090
1.925	-0.01109
1.93	-0.01135
1.935	-0.01168
1.94	-0.01202
1.945	-0.01235
1.95	-0.01265
1.955	-0.01297
1.96	-0.01326
1.965	-0.01357
1.97	-0.01385
1.975	-0.01413
1.98	-0.01439
1.985	-0.01465
1.99	-0.01492
1.995	-0.01561
2	-0.01629
2.005	-0.01698
2.01	-0.01766
2.015	-0.01832
2.02	-0.01898
2.025	-0.01962
2.03	-0.02025
2.035	-0.02087
2.04	-0.02147
2.045	-0.02206
2.05	-0.02262
2.055	-0.02317
2.06	-0.02370
2.065	-0.02423
2.07	-0.02472
2.075	-0.02519
2.08	-0.02561
2.085	-0.02602
2.09	-0.02639
2.095	-0.02673
2.1	-0.02702
2.105	-0.02728
2.11	-0.02751
2.115	-0.02782
2.12	-0.02818
2.125	-0.02851
2.13	-0.02882
2.135	-0.02910
2.14	-0.02938
2.145	-0.02965
2.15	-0.02991
2.155	-0.03015
2.16	-0.03038
2.165	-0.03055
2.17	-0.03071
2.175	-0.03087
2.18	-0.03103
2.185	-0.03092
2.19	-0.03081
2.195	-0.03064
2.2	-0.03046
2.205	-0.03025
2.21	-0.03004
2.215	-0.02985
2.22	-0.02963
2.225	-0.02940
2.23	-0.02914
2.235	-0.02886
2.24	-0.02855
2.245	-0.02821
2.25	-0.02785
2.255	-0.02747
2.26	-0.02707
2.265	-0.02677
2.27	-0.02641
2.275	-0.02636
2.28	-0.02630
2.285	-0.02628
2.29	-0.02625
2.295	-0.02625
2.3	-0.02609
2.305	-0.02597
2.31	-0.02588
2.315	-0.02574
2.32	-0.02562
2.325	-0.02552
2.33	-0.02543
2.335	-0.02531
2.34	-0.02517
2.345	-0.02502
2.35	-0.02488
2.355	-0.02473
2.36	-0.02455
2.365	-0.02436
2.37	-0.02414
2.375	-0.02392
2.38	-0.02367
2.385	-0.02349
2.39	-0.02342
2.395	-0.02332
2.4	-0.02315
2.405	-0.02291
2.41	-0.02265
2.415	-0.02228
2.42	-0.02188
2.425	-0.02131
2.43	-0.02063
2.435	-0.01982
2.44	-0.01901
2.445	-0.01769
2.45	-0.01632
2.455	-0.01489
2.46	-0.01343
2.465	-0.01193
2.47	-0.01043
2.475	-0.00888
2.48	-0.00737
2.485	-0.00581
2.49	-0.00427
2.495	-0.00275
2.5	-0.00121
2.505	0.00031
2.51	0.00190
2.515	0.00348
2.52	0.00507
2.525	0.00667
2.53	0.00826
2.535	0.00988
2.54	0.01149
2.545	0.01255
2.55	0.01361
2.555	0.01448
2.56	0.01534
2.565	0.01625
2.57	0.01720
2.575	0.01807
2.58	0.01901
2.585	0.02003
2.59	0.02103
2.595	0.02204
2.6	0.02302
2.605	0.02400
2.61	0.02497
2.615	0.02594
2.62	0.02697
2.625	0.02798
2.63	0.02900
2.635	0.03001
2.64	0.03095
2.645	0.03185
2.65	0.03274
2.655	0.03358
2.66	0.03413
2.665	0.03473
2.67	0.03529
2.675	0.03582
2.68	0.03635
2.685	0.03686
2.69	0.03754
2.695	0.03819
2.7	0.03919
2.705	0.04017
2.71	0.04125
2.715	0.04230
2.72	0.04335
2.725	0.04438
2.73	0.04539
2.735	0.04638
2.74	0.04740
2.745	0.04834
2.75	0.04914
2.755	0.04998
2.76	0.05078
2.765	0.05165
2.77	0.05260
2.775	0.05361
2.78	0.05459
2.785	0.05557
2.79	0.05650
2.795	0.05702
2.8	0.05751
2.805	0.05796
2.81	0.05836
2.815	0.05848
2.82	0.05855
2.825	0.05845
2.83	0.05832
2.835	0.05811
2.84	0.05783
2.845	0.05753
2.85	0.05720
2.855	0.05687
2.86	0.05654
2.865	0.05618
2.87	0.05578
2.875	0.05538
2.88	0.05495
2.885	0.05447
2.89	0.05397
2.895	0.05344
2.9	0.05288
2.905	0.05225
2.91	0.05161
2.915	0.05095
2.92	0.05025
2.925	0.04953
2.93	0.04879
2.935	0.04801
2.94	0.04719
2.945	0.04704
2.95	0.04688
2.955	0.04694
2.96	0.04699
2.965	0.04703
2.97	0.04705
2.975	0.04715
2.98	0.04717
2.985	0.04717
2.99	0.04714
2.995	0.04705
3	0.04697
3.005	0.04682
3.01	0.04664
3.015	0.04639
3.02	0.05577
3.025	0.05572
3.03	0.05562
3.035	0.05525
3.04	0.05483
3.045	0.05450
3.05	0.05392
3.055	0.05264
3.06	0.05124
3.065	0.04993
3.07	0.04902
3.075	0.04882
3.08	0.04943
3.085	0.04894
3.09	0.04732
3.095	0.04549
3.1	0.04332
3.105	0.04078
3.11	0.03878
3.115	0.03834
3.12	0.03780
3.125	0.03630
3.13	0.03501
3.135	0.03351
3.14	0.03052
3.145	0.02490
3.15	0.01660
3.155	0.00908
3.16	0.00293
3.165	-0.00577
3.17	-0.01334
3.175	-0.01568
3.18	-0.02030
3.185	-0.02950
3.19	-0.04009
3.195	-0.04627
3.2	-0.04705
3.205	-0.04457
3.21	-0.03874
3.215	-0.03214
3.22	-0.03157
3.225	-0.02615
3.23	-0.01427
3.235	-0.00335
3.24	0.01208
3.245	0.02090
3.25	0.01719
3.255	0.00787
3.26	-0.00137
3.265	-0.00302
3.27	-0.00238
3.275	-0.00302
3.28	-0.00408
3.285	-0.00480
3.29	-0.00463
3.295	-0.00486
3.3	-0.00841
3.305	-0.01866
3.31	-0.03478
3.315	-0.04796
3.32	-0.05194
3.325	-0.05234
3.33	-0.05237
3.335	-0.04975
3.34	-0.04211
3.345	-0.03278
3.35	-0.01996
3.355	-0.00381
3.36	0.00699
3.365	0.00920
3.37	0.00551
3.375	0.00270
3.38	0.00121
3.385	0.00023
3.39	-0.00063
3.395	-0.00287
3.4	-0.00811
3.405	-0.01767
3.41	-0.03002
3.415	-0.04193
3.42	-0.05893
3.425	-0.07190
3.43	-0.07983
3.435	-0.08873
3.44	-0.08898
3.445	-0.08560
3.45	-0.07848
3.455	-0.06785
3.46	-0.06052
3.465	-0.05302
3.47	-0.04744
3.475	-0.04656
3.48	-0.04610
3.485	-0.04455
3.49	-0.04241
3.495	-0.04043
3.5	-0.04044
3.505	-0.04470
3.51	-0.05394
3.515	-0.06478
3.52	-0.07925
3.525	-0.09543
3.53	-0.10726
3.535	-0.11505
3.54	-0.12143
3.545	-0.12510
3.55	-0.12347
3.555	-0.12176
3.56	-0.12031
3.565	-0.11787
3.57	-0.11491
3.575	-0.11264
3.58	-0.11435
3.585	-0.12269
3.59	-0.13649
3.595	-0.14618
3.6	-0.15457
3.605	-0.16726
3.61	-0.17567
3.615	-0.17573
3.62	-0.17141
3.625	-0.16393
3.63	-0.15309
3.635	-0.14060
3.64	-0.12436
3.645	-0.09937
3.65	-0.06961
3.655	-0.03779
3.66	-0.00454
3.665	0.03114
3.67	0.06231
3.675	0.08648
3.68	0.10701
3.685	0.12001
3.69	0.12457
3.695	0.12852
3.7	0.13237
3.705	0.13463
3.71	0.13682
3.715	0.14224
3.72	0.14901
3.725	0.15781
3.73	0.17051
3.735	0.18115
3.74	0.18440
3.745	0.18057
3.75	0.16447
3.755	0.13724
3.76	0.11250
3.765	0.09983
3.77	0.09599
3.775	0.10350
3.78	0.11544
3.785	0.12578
3.79	0.12330
3.795	0.10699
3.8	0.08082
3.805	0.05743
3.81	0.04014
3.815	0.03073
3.82	0.03607
3.825	0.05845
3.83	0.09160
3.835	0.12565
3.84	0.15705
3.845	0.18737
3.85	0.21829
3.855	0.25103
3.86	0.27221
3.865	0.27197
3.87	0.26089
3.875	0.23307
3.88	0.18841
3.885	0.13417
3.89	0.08009
3.895	0.04711
3.9	0.04214
3.905	0.05889
3.91	0.08400
3.915	0.10744
3.92	0.11904
3.925	0.11212
3.93	0.09495
3.935	0.07835
3.94	0.06937
3.945	0.05893
3.95	0.03500
3.955	0.00169
3.96	-0.03268
3.965	-0.05329
3.97	-0.06137
3.975	-0.06665
3.98	-0.06364
3.985	-0.05618
3.99	-0.04933
3.995	-0.03394
4	-0.00377
4.005	0.04232
4.01	0.09549
4.015	0.14323
4.02	0.17933
4.025	0.19649
4.03	0.19364
4.035	0.17288
4.04	0.13620
4.045	0.07713
4.05	0.01016
4.055	-0.03885
4.06	-0.07309
4.065	-0.09466
4.07	-0.09465
4.075	-0.07726
4.08	-0.05488
4.085	-0.01943
4.09	0.03211
4.095	0.07845
4.1	0.11002
4.105	0.13260
4.11	0.13415
4.115	0.11529
4.12	0.09364
4.125	0.07650
4.13	0.06771
4.135	0.07071
4.14	0.08216
4.145	0.09863
4.15	0.10849
4.155	0.09910
4.16	0.06928
4.165	0.02532
4.17	-0.03032
4.175	-0.08869
4.18	-0.13396
4.185	-0.16033
4.19	-0.17031
4.195	-0.16433
4.2	-0.14321
4.205	-0.11994
4.21	-0.10138
4.215	-0.08106
4.22	-0.05906
4.225	-0.03098
4.23	0.01282
4.235	0.06135
4.24	0.09435
4.245	0.11939
4.25	0.11879
4.255	0.08613
4.26	0.04106
4.265	0.00051
4.27	-0.03341
4.275	-0.06124
4.28	-0.08263
4.285	-0.09691
4.29	-0.09788
4.295	-0.08457
4.3	-0.05257
4.305	-0.01222
4.31	0.02383
4.315	0.07201
4.32	0.11930
4.325	0.16749
4.33	0.21734
4.335	0.25403
4.34	0.27958
4.345	0.28511
4.35	0.26892
4.355	0.23654
4.36	0.18364
4.365	0.12885
4.37	0.07864
4.375	0.02537
4.38	-0.03273
4.385	-0.09728
4.39	-0.16312
4.395	-0.22447
4.4	-0.27269
4.405	-0.29674
4.41	-0.29911
4.415	-0.27608
4.42	-0.22355
4.425	-0.15070
4.43	-0.07928
4.435	-0.02124
4.44	0.03043
4.445	0.07073
4.45	0.09657
4.455	0.10982
4.46	0.10781
4.465	0.09020
4.47	0.05902
4.475	0.01793
4.48	-0.01208
4.485	-0.03602
4.49	-0.05599
4.495	-0.06150
4.5	-0.05773
4.505	-0.05034
4.51	-0.03953
4.515	-0.03301
4.52	-0.04643
4.525	-0.07471
4.53	-0.10598
4.535	-0.13465
4.54	-0.16806
4.545	-0.19630
4.55	-0.21561
4.555	-0.23213
4.56	-0.23805
4.565	-0.22677
4.57	-0.20323
4.575	-0.17296
4.58	-0.13451
4.585	-0.09416
4.59	-0.05056
4.595	-0.00277
4.6	0.04167
4.605	0.07065
4.61	0.09408
4.615	0.10414
4.62	0.10169
4.625	0.09110
4.63	0.07582
4.635	0.05901
4.64	0.05428
4.645	0.06747
4.65	0.09244
4.655	0.12494
4.66	0.16197
4.665	0.19277
4.67	0.20994
4.675	0.21269
4.68	0.20760
4.685	0.19907
4.69	0.18383
4.695	0.16458
4.7	0.15037
4.705	0.14000
4.71	0.12866
4.715	0.11742
4.72	0.09816
4.725	0.07307
4.73	0.04717
4.735	0.01862
4.74	-0.01287
4.745	-0.04133
4.75	-0.05364
4.755	-0.04515
4.76	-0.02571
4.765	-0.00529
4.77	0.00971
4.775	0.02315
4.78	0.03163
4.785	0.02699
4.79	0.00726
4.795	-0.02402
4.8	-0.06469
4.805	-0.11177
4.81	-0.15669
4.815	-0.19713
4.82	-0.23183
4.825	-0.25794
4.83	-0.27864
4.835	-0.29556
4.84	-0.30835
4.845	-0.32120
4.85	-0.33289
4.855	-0.34515
4.86	-0.35875
4.865	-0.37580
4.87	-0.39349
4.875	-0.40689
4.88	-0.41862
4.885	-0.43571
4.89	-0.45483
4.895	-0.46718
4.9	-0.46987
4.905	-0.46592
4.91	-0.45585
4.915	-0.43752
4.92	-0.41532
4.925	-0.38946
4.93	-0.36659
4.935	-0.34748
4.94	-0.33194
4.945	-0.31879
4.95	-0.30214
4.955	-0.28732
4.96	-0.27446
4.965	-0.26947
4.97	-0.26684
4.975	-0.25980
4.98	-0.24502
4.985	-0.21924
4.99	-0.18933
4.995	-0.15921
5	-0.13199
5.005	-0.09934
5.01	-0.07448
5.015	-0.05221
5.02	-0.03019
5.025	-0.00923
5.03	0.01523
5.035	0.04704
5.04	0.06887
5.045	0.08942
5.05	0.11535
5.055	0.12808
5.06	0.14016
5.065	0.15094
5.07	0.16491
5.075	0.17625
5.08	0.17409
5.085	0.16297
5.09	0.14623
5.095	0.12634
5.1	0.09976
5.105	0.06518
5.11	0.02258
5.115	-0.02510
5.12	-0.06489
5.125	-0.09239
5.13	-0.10819
5.135	-0.11666
5.14	-0.12563
5.145	-0.12618
5.15	-0.11679
5.155	-0.09793
5.16	-0.07346
5.165	-0.03967
5.17	0.00342
5.175	0.04110
5.18	0.06572
5.185	0.08257
5.19	0.09812
5.195	0.10732
5.2	0.10228
5.205	0.09169
5.21	0.08007
5.215	0.06688
5.22	0.05122
5.225	0.03697
5.23	0.02458
5.235	0.01777
5.24	0.01615
5.245	0.02022
5.25	0.03421
5.255	0.05692
5.26	0.08922
5.265	0.10930
5.27	0.10620
5.275	0.09847
5.28	0.08408
5.285	0.06013
5.29	0.03752
5.295	0.02165
5.3	0.01415
5.305	0.01393
5.31	0.01666
5.315	0.02423
5.32	0.03606
5.325	0.04840
5.33	0.06236
5.335	0.07237
5.34	0.08117
5.345	0.09077
5.35	0.10256
5.355	0.11604
5.36	0.12840
5.365	0.13333
5.37	0.12937
5.375	0.11311
5.38	0.08498
5.385	0.06081
5.39	0.04264
5.395	0.03231
5.4	0.03940
5.405	0.06634
5.41	0.09653
5.415	0.12659
5.42	0.15578
5.425	0.17796
5.43	0.19662
5.435	0.20875
5.44	0.21382
5.445	0.21334
5.45	0.20124
5.455	0.17525
5.46	0.13931
5.465	0.09797
5.47	0.05656
5.475	0.02213
5.48	-0.00785
5.485	-0.04059
5.49	-0.06934
5.495	-0.08897
5.5	-0.10304
5.505	-0.10900
5.51	-0.10589
5.515	-0.10645
5.52	-0.11265
5.525	-0.11928
5.53	-0.11713
5.535	-0.11399
5.54	-0.11053
5.545	-0.10312
5.55	-0.09021
5.555	-0.07395
5.56	-0.05699
5.565	-0.04189
5.57	-0.03638
5.575	-0.03608
5.58	-0.03861
5.585	-0.04680
5.59	-0.05876
5.595	-0.06593
5.6	-0.07265
5.605	-0.07231
5.61	-0.07289
5.615	-0.07742
5.62	-0.08294
5.625	-0.08466
5.63	-0.07820
5.635	-0.05943
5.64	-0.02515
5.645	0.01490
5.65	0.05215
5.655	0.08134
5.66	0.09670
5.665	0.10947
5.67	0.12018
5.675	0.13172
5.68	0.14640
5.685	0.15410
5.69	0.15797
5.695	0.16043
5.7	0.16309
5.705	0.16887
5.71	0.17189
5.715	0.17482
5.72	0.17775
5.725	0.18086
5.73	0.18916
5.735	0.19769
5.74	0.21116
5.745	0.22136
5.75	0.22521
5.755	0.22697
5.76	0.22486
5.765	0.21544
5.77	0.19868
5.775	0.17431
5.78	0.14919
5.785	0.12538
5.79	0.09993
5.795	0.06724
5.8	0.04559
5.805	0.02723
5.81	0.00442
5.815	-0.01387
5.82	-0.03123
5.825	-0.04845
5.83	-0.06312
5.835	-0.07274
5.84	-0.07849
5.845	-0.08339
5.85	-0.08603
5.855	-0.08496
5.86	-0.08210
5.865	-0.08222
5.87	-0.07331
5.875	-0.05417
5.88	-0.03430
5.885	-0.01600
5.89	-0.00094
5.895	0.00748
5.9	0.00790
5.905	0.00437
5.91	-0.00143
5.915	-0.01177
5.92	-0.02493
5.925	-0.03268
5.93	-0.04207
5.935	-0.04803
5.94	-0.04295
5.945	-0.03678
5.95	-0.03660
5.955	-0.04045
5.96	-0.04617
5.965	-0.05471
5.97	-0.06434
5.975	-0.06986
5.98	-0.07895
5.985	-0.09463
5.99	-0.10983
5.995	-0.12851
6	-0.13793
6.005	-0.13796
6.01	-0.13502
6.015	-0.12580
6.02	-0.10865
6.025	-0.08168
6.03	-0.04704
6.035	-0.00689
6.04	0.03497
6.045	0.07340
6.05	0.10199
6.055	0.12484
6.06	0.15121
6.065	0.17473
6.07	0.18443
6.075	0.19214
6.08	0.19477
6.085	0.19692
6.09	0.19919
6.095	0.19897
6.1	0.19669
6.105	0.19579
6.11	0.20314
6.115	0.21724
6.12	0.22231
6.125	0.21703
6.13	0.21340
6.135	0.21314
6.14	0.21870
6.145	0.22634
6.15	0.23623
6.155	0.25198
6.16	0.25928
6.165	0.26008
6.17	0.26115
6.175	0.25035
6.18	0.23153
6.185	0.20796
6.19	0.18037
6.195	0.14535
6.2	0.10388
6.205	0.06481
6.21	0.03078
6.215	-0.00183
6.22	-0.04306
6.225	-0.08094
6.23	-0.11249
6.235	-0.14221
6.24	-0.16703
6.245	-0.19162
6.25	-0.21532
6.255	-0.23345
6.26	-0.25520
6.265	-0.28418
6.27	-0.31338
6.275	-0.34240
6.28	-0.36772
6.285	-0.39027
6.29	-0.41385
6.295	-0.42489
6.3	-0.43061
6.305	-0.42992
6.31	-0.42099
6.315	-0.40799
6.32	-0.38917
6.325	-0.36817
6.33	-0.34661
6.335	-0.32471
6.34	-0.30725
6.345	-0.29046
6.35	-0.27466
6.355	-0.25877
6.36	-0.24110
6.365	-0.21835
6.37	-0.19421
6.375	-0.17215
6.38	-0.15171
6.385	-0.13267
6.39	-0.11466
6.395	-0.09768
6.4	-0.08190
6.405	-0.06828
6.41	-0.05851
6.415	-0.05429
6.42	-0.05491
6.425	-0.05593
6.43	-0.05393
6.435	-0.05755
6.44	-0.06820
6.445	-0.08117
6.45	-0.09537
6.455	-0.11394
6.46	-0.12965
6.465	-0.14156
6.47	-0.15251
6.475	-0.16411
6.48	-0.18117
6.485	-0.19695
6.49	-0.20972
6.495	-0.21412
6.5	-0.21974
6.505	-0.23786
6.51	-0.25968
6.515	-0.28405
6.52	-0.31244
6.525	-0.34009
6.53	-0.36012
6.535	-0.36731
6.54	-0.35788
6.545	-0.32449
6.55	-0.26504
6.555	-0.19281
6.56	-0.11011
6.565	-0.01295
6.57	0.07450
6.575	0.15298
6.58	0.23801
6.585	0.31195
6.59	0.36798
6.595	0.42426
6.6	0.46735
6.605	0.48886
6.61	0.49949
6.615	0.50257
6.62	0.51141
6.625	0.51773
6.63	0.52324
6.635	0.53887
6.64	0.56133
6.645	0.59739
6.65	0.64152
6.655	0.67660
6.66	0.71498
6.665	0.75001
6.67	0.76730
6.675	0.76758
6.68	0.75420
6.685	0.73826
6.69	0.70642
6.695	0.63216
6.7	0.51216
6.705	0.34806
6.71	0.16482
6.715	-0.00051
6.72	-0.12143
6.725	-0.20631
6.73	-0.24836
6.735	-0.25804
6.74	-0.25390
6.745	-0.24544
6.75	-0.23586
6.755	-0.22890
6.76	-0.22792
6.765	-0.22530
6.77	-0.21495
6.775	-0.20437
6.78	-0.18999
6.785	-0.17863
6.79	-0.18027
6.795	-0.17590
6.8	-0.16061
6.805	-0.13579
6.81	-0.10373
6.815	-0.07186
6.82	-0.03088
6.825	0.01870
6.83	0.08772
6.835	0.16890
6.84	0.25343
6.845	0.34599
6.85	0.43199
6.855	0.51012
6.86	0.58580
6.865	0.65902
6.87	0.73270
6.875	0.80141
6.88	0.86117
6.885	0.91375
6.89	0.95597
6.895	0.98800
6.9	1.00269
6.905	0.98979
6.91	0.96177
6.915	0.91379
6.92	0.83523
6.925	0.74143
6.93	0.65319
6.935	0.54332
6.94	0.41813
6.945	0.30466
6.95	0.21742
6.955	0.16372
6.96	0.10617
6.965	0.05547
6.97	0.02367
6.975	-0.01487
6.98	-0.05210
6.985	-0.08310
6.99	-0.12623
6.995	-0.16775
7	-0.19273
7.005	-0.19906
7.01	-0.19460
7.015	-0.19238
7.02	-0.18515
7.025	-0.17728
7.03	-0.17446
7.035	-0.17032
7.04	-0.17001
7.045	-0.18253
7.05	-0.19639
7.055	-0.20115
7.06	-0.19522
7.065	-0.18318
7.07	-0.17506
7.075	-0.17477
7.08	-0.18119
7.085	-0.19161
7.09	-0.20244
7.095	-0.21243
7.1	-0.22404
7.105	-0.24358
7.11	-0.26573
7.115	-0.28295
7.12	-0.29269
7.125	-0.29465
7.13	-0.29749
7.135	-0.29271
7.14	-0.27992
7.145	-0.26469
7.15	-0.24517
7.155	-0.22388
7.16	-0.21397
7.165	-0.20701
7.17	-0.20654
7.175	-0.22041
7.18	-0.24286
7.185	-0.27708
7.19	-0.31970
7.195	-0.35797
7.2	-0.40867
7.205	-0.46254
7.21	-0.50962
7.215	-0.56225
7.22	-0.60488
7.225	-0.64762
7.23	-0.68363
7.235	-0.71701
7.24	-0.74550
7.245	-0.75556
7.25	-0.75657
7.255	-0.75086
7.26	-0.72221
7.265	-0.66235
7.27	-0.58477
7.275	-0.47232
7.28	-0.32348
7.285	-0.17272
7.29	-0.00349
7.295	0.16189
7.3	0.33608
7.305	0.47508
7.31	0.56029
7.315	0.63600
7.32	0.67117
7.325	0.66140
7.33	0.64195
7.335	0.62001
7.34	0.59408
7.345	0.57213
7.35	0.55863
7.355	0.56099
7.36	0.57854
7.365	0.60639
7.37	0.63370
7.375	0.65982
7.38	0.69259
7.385	0.73269
7.39	0.77432
7.395	0.80589
7.4	0.81383
7.405	0.79709
7.41	0.76746
7.415	0.71962
7.42	0.64388
7.425	0.55907
7.43	0.48801
7.435	0.41923
7.44	0.33226
7.445	0.22514
7.45	0.10691
7.455	-0.00996
7.46	-0.13012
7.465	-0.25276
7.47	-0.35788
7.475	-0.44810
7.48	-0.53141
7.485	-0.57070
7.49	-0.58425
7.495	-0.58747
7.5	-0.58086
7.505	-0.57160
7.51	-0.56089
7.515	-0.54774
7.52	-0.52948
7.525	-0.50405
7.53	-0.47075
7.535	-0.43307
7.54	-0.38755
7.545	-0.34332
7.55	-0.29449
7.555	-0.23552
7.56	-0.17310
7.565	-0.10922
7.57	-0.04508
7.575	0.01427
7.58	0.06312
7.585	0.11816
7.59	0.17345
7.595	0.22702
7.6	0.28352
7.605	0.34320
7.61	0.38219
7.615	0.40146
7.62	0.41087
7.625	0.41152
7.63	0.39719
7.635	0.38388
7.64	0.35334
7.645	0.30982
7.65	0.26707
7.655	0.21363
7.66	0.15368
7.665	0.09227
7.67	0.01761
7.675	-0.07807
7.68	-0.16353
7.685	-0.24630
7.69	-0.31584
7.695	-0.38812
7.7	-0.45897
7.705	-0.51609
7.71	-0.57029
7.715	-0.62503
7.72	-0.66357
7.725	-0.68834
7.73	-0.69430
7.735	-0.68106
7.74	-0.65530
7.745	-0.61928
7.75	-0.56572
7.755	-0.50630
7.76	-0.44627
7.765	-0.38394
7.77	-0.33119
7.775	-0.28340
7.78	-0.23496
7.785	-0.18691
7.79	-0.14048
7.795	-0.08812
7.8	-0.03607
7.805	0.00719
7.81	0.03857
7.815	0.05399
7.82	0.06697
7.825	0.07895
7.83	0.08602
7.835	0.09121
7.84	0.09188
7.845	0.09422
7.85	0.10712
7.855	0.12028
7.86	0.12732
7.865	0.12839
7.87	0.12974
7.875	0.13180
7.88	0.12289
7.885	0.11021
7.89	0.10091
7.895	0.08947
7.9	0.07931
7.905	0.07708
7.91	0.08031
7.915	0.08902
7.92	0.09603
7.925	0.10229
7.93	0.11588
7.935	0.12567
7.94	0.12542
7.945	0.11903
7.95	0.10234
7.955	0.07982
7.96	0.05618
7.965	0.02662
7.97	-0.01037
7.975	-0.04672
7.98	-0.07820
7.985	-0.10477
7.99	-0.12832
7.995	-0.15426
8	-0.17391
8.005	-0.18267
8.01	-0.18821
8.015	-0.19200
8.02	-0.19149
8.025	-0.18417
8.03	-0.17121
8.035	-0.15924
8.04	-0.14560
8.045	-0.13310
8.05	-0.11656
8.055	-0.09690
8.06	-0.08558
8.065	-0.08038
8.07	-0.07759
8.075	-0.07259
8.08	-0.07067
8.085	-0.06728
8.09	-0.06602
8.095	-0.07242
8.1	-0.06922
8.105	-0.06435
8.11	-0.06289
8.115	-0.06658
8.12	-0.07285
8.125	-0.07255
8.13	-0.07076
8.135	-0.06164
8.14	-0.05586
8.145	-0.05707
8.15	-0.06113
8.155	-0.06717
8.16	-0.07183
8.165	-0.07327
8.17	-0.05206
8.175	-0.02415
8.18	0.00093
8.185	0.03259
8.19	0.06131
8.195	0.08450
8.2	0.10439
8.205	0.12450
8.21	0.13808
8.215	0.14411
8.22	0.15023
8.225	0.15930
8.23	0.16184
8.235	0.15789
8.24	0.15299
8.245	0.14180
8.25	0.12154
8.255	0.10426
8.26	0.08751
8.265	0.07131
8.27	0.04727
8.275	0.01753
8.28	-0.00720
8.285	-0.02946
8.29	-0.05325
8.295	-0.07528
8.3	-0.10045
8.305	-0.12408
8.31	-0.14191
8.315	-0.15988
8.32	-0.17588
8.325	-0.19270
8.33	-0.20296
8.335	-0.20780
8.34	-0.21143
8.345	-0.21132
8.35	-0.20671
8.355	-0.19928
8.36	-0.19069
8.365	-0.18328
8.37	-0.17737
8.375	-0.17270
8.38	-0.16842
8.385	-0.16326
8.39	-0.15607
8.395	-0.14793
8.4	-0.14371
8.405	-0.14382
8.41	-0.14061
8.415	-0.13530
8.42	-0.13638
8.425	-0.14696
8.43	-0.16292
8.435	-0.18106
8.44	-0.19470
8.445	-0.20538
8.45	-0.21773
8.455	-0.23234
8.46	-0.24921
8.465	-0.26848
8.47	-0.28921
8.475	-0.30775
8.48	-0.31754
8.485	-0.31403
8.49	-0.30196
8.495	-0.29093
8.5	-0.28050
8.505	-0.26214
8.51	-0.23951
8.515	-0.21252
8.52	-0.17951
8.525	-0.15174
8.53	-0.11417
8.535	-0.06374
8.54	-0.01103
8.545	0.03789
8.55	0.07968
8.555	0.12796
8.56	0.17768
8.565	0.21811
8.57	0.25858
8.575	0.29159
8.58	0.31042
8.585	0.32342
8.59	0.33721
8.595	0.34456
8.6	0.34579
8.605	0.33930
8.61	0.32362
8.615	0.30637
8.62	0.28987
8.625	0.27339
8.63	0.25658
8.635	0.23987
8.64	0.22301
8.645	0.20597
8.65	0.18796
8.655	0.17018
8.66	0.15815
8.665	0.15192
8.67	0.14545
8.675	0.13272
8.68	0.12381
8.685	0.11782
8.69	0.10676
8.695	0.10148
8.7	0.10221
8.705	0.10223
8.71	0.10733
8.715	0.10831
8.72	0.10619
8.725	0.11056
8.73	0.11521
8.735	0.12379
8.74	0.12673
8.745	0.12469
8.75	0.13138
8.755	0.14647
8.76	0.15807
8.765	0.16558
8.77	0.17452
8.775	0.17611
8.78	0.17519
8.785	0.17100
8.79	0.16302
8.795	0.15824
8.8	0.15122
8.805	0.14017
8.81	0.12968
8.815	0.12071
8.82	0.11427
8.825	0.11277
8.83	0.11731
8.835	0.12513
8.84	0.13197
8.845	0.14176
8.85	0.15034
8.855	0.15886
8.86	0.16254
8.865	0.16605
8.87	0.16843
8.875	0.16656
8.88	0.16233
8.885	0.15915
8.89	0.15407
8.895	0.15454
8.9	0.15999
8.905	0.16578
8.91	0.17623
8.915	0.18488
8.92	0.19515
8.925	0.21201
8.93	0.22642
8.935	0.23684
8.94	0.24848
8.945	0.26273
8.95	0.27641
8.955	0.28684
8.96	0.28939
8.965	0.28523
8.97	0.27485
8.975	0.26444
8.98	0.25413
8.985	0.23632
8.99	0.21970
8.995	0.20556
9	0.18745
9.005	0.16882
9.01	0.15280
9.015	0.13834
9.02	0.12563
9.025	0.11120
9.03	0.10149
9.035	0.09962
9.04	0.09861
9.045	0.09860
9.05	0.09798
9.055	0.09252
9.06	0.08903
9.065	0.09015
9.07	0.09405
9.075	0.09698
9.08	0.09923
9.085	0.10813
9.09	0.11936
9.095	0.12743
9.1	0.13703
9.105	0.14422
9.11	0.14219
9.115	0.13942
9.12	0.14277
9.125	0.14587
9.13	0.14286
9.135	0.13764
9.14	0.13628
9.145	0.13403
9.15	0.12777
9.155	0.12428
9.16	0.12058
9.165	0.10775
9.17	0.08938
9.175	0.07352
9.18	0.06468
9.185	0.05244
9.19	0.03635
9.195	0.02626
9.2	0.01454
9.205	0.00008
9.21	-0.01108
9.215	-0.01776
9.22	-0.02387
9.225	-0.02609
9.23	-0.02576
9.235	-0.02685
9.24	-0.02926
9.245	-0.03216
9.25	-0.03518
9.255	-0.03922
9.26	-0.04547
9.265	-0.05580
9.27	-0.07125
9.275	-0.08927
9.28	-0.10304
9.285	-0.11469
9.29	-0.13057
9.295	-0.15213
9.3	-0.17755
9.305	-0.20140
9.31	-0.22621
9.315	-0.25514
9.32	-0.28268
9.325	-0.31135
9.33	-0.34491
9.335	-0.37800
9.34	-0.41231
9.345	-0.45053
9.35	-0.48351
9.355	-0.51076
9.36	-0.53553
9.365	-0.56018
9.37	-0.57901
9.375	-0.58901
9.38	-0.59235
9.385	-0.59410
9.39	-0.59589
9.395	-0.59259
9.4	-0.57935
9.405	-0.55737
9.41	-0.52756
9.415	-0.49059
9.42	-0.44407
9.425	-0.38655
9.43	-0.32713
9.435	-0.25879
9.44	-0.17768
9.445	-0.10464
9.45	-0.03933
9.455	0.02949
9.46	0.08995
9.465	0.13441
9.47	0.15821
9.475	0.16610
9.48	0.17179
9.485	0.17829
9.49	0.18253
9.495	0.18147
9.5	0.17459
9.505	0.16532
9.51	0.15108
9.515	0.13350
9.52	0.11666
9.525	0.10053
9.53	0.08458
9.535	0.06818
9.54	0.04968
9.545	0.02709
9.55	0.00132
9.555	-0.02279
9.56	-0.04684
9.565	-0.07148
9.57	-0.09832
9.575	-0.12528
9.58	-0.14958
9.585	-0.17517
9.59	-0.19634
9.595	-0.20506
9.6	-0.20556
9.605	-0.20342
9.61	-0.20386
9.615	-0.20153
9.62	-0.19018
9.625	-0.17439
9.63	-0.15535
9.635	-0.12829
9.64	-0.10132
9.645	-0.07860
9.65	-0.05661
9.655	-0.03362
9.66	-0.00774
9.665	0.01342
9.67	0.03488
9.675	0.06414
9.68	0.09246
9.685	0.11344
9.69	0.13226
9.695	0.15193
9.7	0.17082
9.705	0.18674
9.71	0.20016
9.715	0.21634
9.72	0.23354
9.725	0.25109
9.73	0.26511
9.735	0.27550
9.74	0.28426
9.745	0.28928
9.75	0.29045
9.755	0.29514
9.76	0.30159
9.765	0.29748
9.77	0.28613
9.775	0.27377
9.78	0.25347
9.785	0.23047
9.79	0.21251
9.795	0.18971
9.8	0.15768
9.805	0.12497
9.81	0.09643
9.815	0.07377
9.82	0.05615
9.825	0.03779
9.83	0.02311
9.835	0.00837
9.84	-0.00552
9.845	-0.01022
9.85	-0.01425
9.855	-0.02649
9.86	-0.03603
9.865	-0.04598
9.87	-0.05366
9.875	-0.05974
9.88	-0.06753
9.885	-0.07875
9.89	-0.09455
9.895	-0.11273
9.9	-0.12655
9.905	-0.14215
9.91	-0.16106
9.915	-0.17661
9.92	-0.19655
9.925	-0.22225
9.93	-0.24623
9.935	-0.27015
9.94	-0.29040
9.945	-0.30918
9.95	-0.32752
9.955	-0.34211
9.96	-0.35356
9.965	-0.36675
9.97	-0.37817
9.975	-0.39234
9.98	-0.40860
9.985	-0.41613
9.99	-0.41846
9.995	-0.42046
10	-0.42729
10.005	-0.43070
10.01	-0.42907
10.015	-0.43221
10.02	-0.44155
10.025	-0.44838
10.03	-0.45204
10.035	-0.44638
10.04	-0.43824
10.045	-0.43656
10.05	-0.43177
10.055	-0.41843
10.06	-0.40198
10.065	-0.38267
10.07	-0.35831
10.075	-0.32887
10.08	-0.30772
10.085	-0.29059
10.09	-0.26516
10.095	-0.23483
10.1	-0.19730
10.105	-0.17069
10.11	-0.15106
10.115	-0.13373
10.12	-0.11362
10.125	-0.07982
10.13	-0.04503
10.135	-0.01905
10.14	0.00734
10.145	0.03390
10.15	0.05561
10.155	0.08613
10.16	0.10926
10.165	0.12842
10.17	0.14395
10.175	0.15651
10.18	0.16932
10.185	0.18794
10.19	0.19892
10.195	0.20441
10.2	0.20926
10.205	0.20768
10.21	0.20617
10.215	0.20565
10.22	0.20560
10.225	0.20559
10.23	0.20445
10.235	0.19996
10.24	0.19268
10.245	0.18433
10.25	0.17889
10.255	0.17107
10.26	0.16159
10.265	0.14781
10.27	0.13741
10.275	0.13176
10.28	0.12488
10.285	0.11206
10.29	0.10150
10.295	0.09665
10.3	0.09481
10.305	0.09267
10.31	0.09255
10.315	0.09646
10.32	0.10433
10.325	0.11654
10.33	0.12524
10.335	0.12904
10.34	0.13187
10.345	0.13495
10.35	0.13746
10.355	0.14302
10.36	0.14686
10.365	0.14742
10.37	0.15222
10.375	0.16152
10.38	0.16973
10.385	0.17630
10.39	0.18671
10.395	0.19750
10.4	0.20656
10.405	0.21837
10.41	0.22763
10.415	0.23354
10.42	0.24019
10.425	0.24507
10.43	0.24359
10.435	0.23392
10.44	0.22136
10.445	0.21050
10.45	0.20099
10.455	0.19128
10.46	0.17906
10.465	0.16280
10.47	0.14335
10.475	0.12669
10.48	0.11100
10.485	0.09467
10.49	0.07908
10.495	0.06512
10.5	0.05418
10.505	0.04283
10.51	0.02737
10.515	0.01333
10.52	0.00001
10.525	-0.01157
10.53	-0.01407
10.535	-0.01448
10.54	-0.01927
10.545	-0.01660
10.55	-0.01288
10.555	-0.00703
10.56	0.00027
10.565	0.01292
10.57	0.02548
10.575	0.03274
10.58	0.03741
10.585	0.04585
10.59	0.05287
10.595	0.05823
10.6	0.07045
10.605	0.08379
10.61	0.09340
10.615	0.09846
10.62	0.10200
10.625	0.10997
10.63	0.11508
10.635	0.11349
10.64	0.11012
10.645	0.10125
10.65	0.09383
10.655	0.08827
10.66	0.07853
10.665	0.05775
10.67	0.04081
10.675	0.01966
10.68	-0.00651
10.685	-0.02789
10.69	-0.05081
10.695	-0.06940
10.7	-0.09259
10.705	-0.11935
10.71	-0.14077
10.715	-0.16636
10.72	-0.19403
10.725	-0.21338
10.73	-0.23264
10.735	-0.25304
10.74	-0.27134
10.745	-0.28568
10.75	-0.29639
10.755	-0.30927
10.76	-0.31968
10.765	-0.33065
10.77	-0.33580
10.775	-0.34391
10.78	-0.35739
10.785	-0.36960
10.79	-0.37542
10.795	-0.38138
10.8	-0.38905
10.805	-0.39563
10.81	-0.39914
10.815	-0.39807
10.82	-0.39602
10.825	-0.39747
10.83	-0.39816
10.835	-0.39860
10.84	-0.39237
10.845	-0.38293
10.85	-0.37272
10.855	-0.35505
10.86	-0.34040
10.865	-0.32502
10.87	-0.31219
10.875	-0.30059
10.88	-0.28376
10.885	-0.26666
10.89	-0.24859
10.895	-0.22580
10.9	-0.20498
10.905	-0.18633
10.91	-0.16658
10.915	-0.15082
10.92	-0.13607
10.925	-0.12027
10.93	-0.10573
10.935	-0.09174
10.94	-0.07977
10.945	-0.06788
10.95	-0.05946
10.955	-0.05399
10.96	-0.05017
10.965	-0.05087
10.97	-0.05657
10.975	-0.06219
10.98	-0.06339
10.985	-0.05999
10.99	-0.05209
10.995	-0.04596
11	-0.04365
11.005	-0.04506
11.01	-0.04803
11.015	-0.04492
11.02	-0.03688
11.025	-0.02829
11.03	-0.01997
11.035	-0.01268
11.04	-0.00807
11.045	-0.00641
11.05	-0.00570
11.055	0.00153
11.06	0.01274
11.065	0.02155
11.07	0.02610
11.075	0.02817
11.08	0.03426
11.085	0.04217
11.09	0.04889
11.095	0.06180
11.1	0.07372
11.105	0.07728
11.11	0.07276
11.115	0.06966
11.12	0.07204
11.125	0.07785
11.13	0.08105
11.135	0.07949
11.14	0.07770
11.145	0.07744
11.15	0.07809
11.155	0.07852
11.16	0.07683
11.165	0.07203
11.17	0.06674
11.175	0.06775
11.18	0.06842
11.185	0.06450
11.19	0.06045
11.195	0.06590
11.2	0.07278
11.205	0.07927
11.21	0.08656
11.215	0.09470
11.22	0.10349
11.225	0.11138
11.23	0.11652
11.235	0.11815
11.24	0.12044
11.245	0.13148
11.25	0.14071
11.255	0.14380
11.26	0.14417
11.265	0.14867
11.27	0.15044
11.275	0.15264
11.28	0.14858
11.285	0.14457
11.29	0.14109
11.295	0.13361
11.3	0.13225
11.305	0.12785
11.31	0.12421
11.315	0.11091
11.32	0.09839
11.325	0.09476
11.33	0.09119
11.335	0.08484
11.34	0.07445
11.345	0.06049
11.35	0.04835
11.355	0.04341
11.36	0.03758
11.365	0.02865
11.37	0.01895
11.375	0.01267
11.38	0.00998
11.385	-0.00037
11.39	-0.00750
11.395	-0.00908
11.4	-0.01472
11.405	-0.01765
11.41	-0.01559
11.415	-0.01147
11.42	-0.00469
11.425	0.00673
11.43	0.01795
11.435	0.02808
11.44	0.03827
11.445	0.04895
11.45	0.05931
11.455	0.06932
11.46	0.07894
11.465	0.08797
11.47	0.09639
11.475	0.10426
11.48	0.11156
11.485	0.11804
11.49	0.12392
11.495	0.12922
11.5	0.13377
11.505	0.13782
11.51	0.14122
11.515	0.14404
11.52	0.14640
11.525	0.14794
11.53	0.14859
11.535	0.14812
11.54	0.14665
11.545	0.14543
11.55	0.14649
11.555	0.15096
11.56	0.15645
11.565	0.15543
11.57	0.14913
11.575	0.14321
11.58	0.13998
11.585	0.14194
11.59	0.14831
11.595	0.15357
11.6	0.16050
11.605	0.16193
11.61	0.15639
11.615	0.15530
11.62	0.16171
11.625	0.16851
11.63	0.17681
11.635	0.19278
11.64	0.20466
11.645	0.21471
11.65	0.22642
11.655	0.24248
11.66	0.25927
11.665	0.26692
11.67	0.27353
11.675	0.28132
11.68	0.28849
11.685	0.29288
11.69	0.29204
11.695	0.28673
11.7	0.28200
11.705	0.26944
11.71	0.25620
11.715	0.24323
11.72	0.22768
11.725	0.20808
11.73	0.18564
11.735	0.16662
11.74	0.14781
11.745	0.12622
11.75	0.10558
11.755	0.08573
11.76	0.06625
11.765	0.05064
11.77	0.03062
11.775	0.00669
11.78	-0.01692
11.785	-0.04399
11.79	-0.06865
11.795	-0.09260
11.8	-0.11793
11.805	-0.13898
11.81	-0.15893
11.815	-0.17907
11.82	-0.19597
11.825	-0.20841
11.83	-0.21578
11.835	-0.22487
11.84	-0.23810
11.845	-0.25328
11.85	-0.26392
11.855	-0.26738
11.86	-0.27006
11.865	-0.27373
11.87	-0.27992
11.875	-0.28895
11.88	-0.29882
11.885	-0.30189
11.89	-0.30092
11.895	-0.30216
11.9	-0.30706
11.905	-0.31325
11.91	-0.31418
11.915	-0.31230
11.92	-0.31352
11.925	-0.31713
11.93	-0.31719
11.935	-0.31738
11.94	-0.32201
11.945	-0.32608
11.95	-0.32917
11.955	-0.32892
11.96	-0.32871
11.965	-0.32558
11.97	-0.32432
11.975	-0.32361
11.98	-0.31185
11.985	-0.29191
11.99	-0.26892
11.995	-0.24972
12	-0.23058
12.005	-0.21264
12.01	-0.18849
12.015	-0.15693
12.02	-0.13074
12.025	-0.10972
12.03	-0.08670
12.035	-0.06762
12.04	-0.04478
12.045	-0.02029
12.05	-0.00505
12.055	0.00950
12.06	0.02538
12.065	0.04201
12.07	0.05846
12.075	0.07335
12.08	0.08480
12.085	0.09217
12.09	0.09955
12.095	0.11514
12.1	0.12832
12.105	0.13487
12.11	0.13696
12.115	0.13729
12.12	0.13234
12.125	0.13043
12.13	0.13490
12.135	0.14266
12.14	0.14927
12.145	0.15628
12.15	0.15462
12.155	0.14669
12.16	0.14409
12.165	0.14896
12.17	0.15657
12.175	0.15842
12.18	0.15778
12.185	0.15750
12.19	0.15615
12.195	0.15508
12.2	0.15378
12.205	0.15468
12.21	0.15803
12.215	0.16392
12.22	0.16565
12.225	0.16299
12.23	0.16128
12.235	0.16162
12.24	0.15879
12.245	0.15729
12.25	0.15810
12.255	0.15435
12.26	0.14747
12.265	0.14529
12.27	0.14650
12.275	0.14638
12.28	0.14517
12.285	0.14434
12.29	0.14564
12.295	0.15023
12.3	0.15575
12.305	0.15595
12.31	0.15272
12.315	0.15237
12.32	0.15632
12.325	0.16131
12.33	0.15895
12.335	0.15308
12.34	0.14751
12.345	0.14184
12.35	0.13599
12.355	0.12967
12.36	0.12316
12.365	0.11646
12.37	0.10918
12.375	0.10040
12.38	0.08863
12.385	0.07280
12.39	0.05581
12.395	0.04443
12.4	0.03223
12.405	0.01478
12.41	-0.00448
12.415	-0.01682
12.42	-0.02664
12.425	-0.03737
12.43	-0.04863
12.435	-0.06075
12.44	-0.07313
12.445	-0.08530
12.45	-0.09584
12.455	-0.10346
12.46	-0.10771
12.465	-0.11286
12.47	-0.12610
12.475	-0.13529
12.48	-0.13410
12.485	-0.12465
12.49	-0.11862
12.495	-0.11961
12.5	-0.12037
12.505	-0.11633
12.51	-0.11458
12.515	-0.11354
12.52	-0.10877
12.525	-0.10845
12.53	-0.11098
12.535	-0.11093
12.54	-0.11195
12.545	-0.11079
12.55	-0.11066
12.555	-0.10890
12.56	-0.10962
12.565	-0.11089
12.57	-0.11510
12.575	-0.11699
12.58	-0.11912
12.585	-0.12526
12.59	-0.12488
12.595	-0.11715
12.6	-0.11122
12.605	-0.11749
12.61	-0.13249
12.615	-0.14597
12.62	-0.15311
12.625	-0.15707
12.63	-0.16148
12.635	-0.16672
12.64	-0.17169
12.645	-0.17485
12.65	-0.17443
12.655	-0.17062
12.66	-0.16683
12.665	-0.16703
12.67	-0.16772
12.675	-0.16436
12.68	-0.15693
12.685	-0.15042
12.69	-0.14488
12.695	-0.13411
12.7	-0.12154
12.705	-0.10630
12.71	-0.09065
12.715	-0.08002
12.72	-0.06797
12.725	-0.05379
12.73	-0.03611
12.735	-0.01845
12.74	-0.00345
12.745	0.01443
12.75	0.03329
12.755	0.04977
12.76	0.06838
12.765	0.08524
12.77	0.09592
12.775	0.10808
12.78	0.12593
12.785	0.14340
12.79	0.15888
12.795	0.16955
12.8	0.17691
12.805	0.18490
12.81	0.19243
12.815	0.19709
12.82	0.19774
12.825	0.19757
12.83	0.20423
12.835	0.21079
12.84	0.21148
12.845	0.20782
12.85	0.20616
12.855	0.20280
12.86	0.20196
12.865	0.20163
12.87	0.20447
12.875	0.20483
12.88	0.20133
12.885	0.20176
12.89	0.20193
12.895	0.20350
12.9	0.20655
12.905	0.20654
12.91	0.20462
12.915	0.20858
12.92	0.21196
12.925	0.21047
12.93	0.20816
12.935	0.21315
12.94	0.21588
12.945	0.21378
12.95	0.21172
12.955	0.21716
12.96	0.21901
12.965	0.21178
12.97	0.19892
12.975	0.19134
12.98	0.18826
12.985	0.18035
12.99	0.17336
12.995	0.16082
13	0.15009
13.005	0.13872
13.01	0.11728
13.015	0.09863
13.02	0.08904
13.025	0.06945
13.03	0.04717
13.035	0.02754
13.04	0.01295
13.045	0.00218
13.05	-0.00991
13.055	-0.02824
13.06	-0.04213
13.065	-0.05127
13.07	-0.06402
13.075	-0.07338
13.08	-0.08466
13.085	-0.09271
13.09	-0.10141
13.095	-0.11011
13.1	-0.11039
13.105	-0.11129
13.11	-0.12241
13.115	-0.13229
13.12	-0.14303
13.125	-0.15595
13.13	-0.16312
13.135	-0.16724
13.14	-0.17199
13.145	-0.17756
13.15	-0.18324
13.155	-0.18905
13.16	-0.19508
13.165	-0.20157
13.17	-0.20853
13.175	-0.21487
13.18	-0.21900
13.185	-0.21934
13.19	-0.21726
13.195	-0.21914
13.2	-0.22733
13.205	-0.23534
13.21	-0.24099
13.215	-0.24305
13.22	-0.24140
13.225	-0.24003
13.23	-0.24236
13.235	-0.24198
13.24	-0.24123
13.245	-0.24443
13.25	-0.24293
13.255	-0.23718
13.26	-0.23488
13.265	-0.22907
13.27	-0.22387
13.275	-0.21427
13.28	-0.20816
13.285	-0.20418
13.29	-0.19515
13.295	-0.18740
13.3	-0.18042
13.305	-0.16658
13.31	-0.15146
13.315	-0.14070
13.32	-0.13398
13.325	-0.12773
13.33	-0.11543
13.335	-0.10095
13.34	-0.09062
13.345	-0.08365
13.35	-0.07421
13.355	-0.06503
13.36	-0.05784
13.365	-0.04562
13.37	-0.02920
13.375	-0.01715
13.38	-0.01013
13.385	-0.00368
13.39	0.00396
13.395	0.01124
13.4	0.01971
13.405	0.02770
13.41	0.03707
13.415	0.04319
13.42	0.04892
13.425	0.05222
13.43	0.06026
13.435	0.07131
13.44	0.07925
13.445	0.08684
13.45	0.08647
13.455	0.08626
13.46	0.08896
13.465	0.09264
13.47	0.09456
13.475	0.09041
13.48	0.08728
13.485	0.08098
13.49	0.07327
13.495	0.07298
13.5	0.07564
13.505	0.07808
13.51	0.08050
13.515	0.08204
13.52	0.08122
13.525	0.07760
13.53	0.07276
13.535	0.07270
13.54	0.07429
13.545	0.07140
13.55	0.06556
13.555	0.06415
13.56	0.06824
13.565	0.07222
13.57	0.07569
13.575	0.07913
13.58	0.08289
13.585	0.08670
13.59	0.09037
13.595	0.09363
13.6	0.09641
13.605	0.09933
13.61	0.10489
13.615	0.11401
13.62	0.12433
13.625	0.12782
13.63	0.12911
13.635	0.13073
13.64	0.13096
13.645	0.12802
13.65	0.12233
13.655	0.11874
13.66	0.11957
13.665	0.12027
13.67	0.11699
13.675	0.11018
13.68	0.10484
13.685	0.10164
13.69	0.09538
13.695	0.09050
13.7	0.09325
13.705	0.09508
13.71	0.09298
13.715	0.08650
13.72	0.07863
13.725	0.07685
13.73	0.07184
13.735	0.06423
13.74	0.06396
13.745	0.06592
13.75	0.06739
13.755	0.06858
13.76	0.06944
13.765	0.06935
13.77	0.06802
13.775	0.06641
13.78	0.06754
13.785	0.07095
13.79	0.07760
13.795	0.09263
13.8	0.11348
13.805	0.12912
13.81	0.13607
13.815	0.13504
13.82	0.13561
13.825	0.13648
13.83	0.13442
13.835	0.12738
13.84	0.11932
13.845	0.11690
13.85	0.11386
13.855	0.10642
13.86	0.09823
13.865	0.08687
13.87	0.07778
13.875	0.07078
13.88	0.06449
13.885	0.05732
13.89	0.05265
13.895	0.04337
13.9	0.03484
13.905	0.02748
13.91	0.02643
13.915	0.02302
13.92	0.01492
13.925	0.00049
13.93	-0.00363
13.935	-0.01389
13.94	-0.03153
13.945	-0.04673
13.95	-0.06237
13.955	-0.08485
13.96	-0.09706
13.965	-0.11179
13.97	-0.12892
13.975	-0.14708
13.98	-0.16573
13.985	-0.17924
13.99	-0.19113
13.995	-0.20508
14	-0.21599
14.005	-0.22790
14.01	-0.24257
14.015	-0.25330
14.02	-0.25993
14.025	-0.26624
14.03	-0.26913
14.035	-0.27567
14.04	-0.28490
14.045	-0.28843
14.05	-0.29558
14.055	-0.30382
14.06	-0.30287
14.065	-0.30081
14.07	-0.29937
14.075	-0.29842
14.08	-0.29922
14.085	-0.30336
14.09	-0.31068
14.095	-0.31640
14.1	-0.31502
14.105	-0.31358
14.11	-0.31300
14.115	-0.31083
14.12	-0.30559
14.125	-0.29686
14.13	-0.28899
14.135	-0.28633
14.14	-0.28059
14.145	-0.27126
14.15	-0.26491
14.155	-0.26244
14.16	-0.25671
14.165	-0.24724
14.17	-0.23944
14.175	-0.23321
14.18	-0.22269
14.185	-0.21090
14.19	-0.20038
14.195	-0.18904
14.2	-0.17744
14.205	-0.16298
14.21	-0.14738
14.215	-0.13205
14.22	-0.11920
14.225	-0.10338
14.23	-0.08676
14.235	-0.07305
14.24	-0.05795
14.245	-0.04487
14.25	-0.03810
14.255	-0.03003
14.26	-0.01622
14.265	-0.00285
14.27	0.00739
14.275	0.01053
14.28	0.01159
14.285	0.01360
14.29	0.01581
14.295	0.01821
14.3	0.02026
14.305	0.02207
14.31	0.02374
14.315	0.02547
14.32	0.02714
14.325	0.02886
14.33	0.03056
14.335	0.03231
14.34	0.03398
14.345	0.03564
14.35	0.03729
14.355	0.03892
14.36	0.04054
14.365	0.04212
14.37	0.04364
14.375	0.04524
14.38	0.04698
14.385	0.04859
14.39	0.05008
14.395	0.05118
14.4	0.05196
14.405	0.05293
14.41	0.05553
14.415	0.06146
14.42	0.07069
14.425	0.07877
14.43	0.08142
14.435	0.08666
14.44	0.09487
14.445	0.09962
14.45	0.09705
14.455	0.09937
14.46	0.10862
14.465	0.11607
14.47	0.12513
14.475	0.13117
14.48	0.13131
14.485	0.13176
14.49	0.13291
14.495	0.13416
14.5	0.13513
14.505	0.13518
14.51	0.13502
14.515	0.13556
14.52	0.13882
14.525	0.14599
14.53	0.15510
14.535	0.15873
14.54	0.15822
14.545	0.15805
14.55	0.15859
14.555	0.15921
14.56	0.15985
14.565	0.16018
14.57	0.16035
14.575	0.16041
14.58	0.16050
14.585	0.16055
14.59	0.16062
14.595	0.16061
14.6	0.16045
14.605	0.16013
14.61	0.16004
14.615	0.16038
14.62	0.16101
14.625	0.16134
14.63	0.15951
14.635	0.15398
14.64	0.14511
14.645	0.13837
14.65	0.13861
14.655	0.13923
14.66	0.13877
14.665	0.13802
14.67	0.13719
14.675	0.13677
14.68	0.13664
14.685	0.13690
14.69	0.13751
14.695	0.13828
14.7	0.13776
14.705	0.13459
14.71	0.12760
14.715	0.11956
14.72	0.11719
14.725	0.11394
14.73	0.10560
14.735	0.09700
14.74	0.09727
14.745	0.09653
14.75	0.09135
14.755	0.08369
14.76	0.07935
14.765	0.08780
14.77	0.09561
14.775	0.09483
14.78	0.09349
14.785	0.09297
14.79	0.09256
14.795	0.09190
14.8	0.09086
14.805	0.09050
14.81	0.09288
14.815	0.09921
14.82	0.10745
14.825	0.11012
14.83	0.10848
14.835	0.10737
14.84	0.10687
14.845	0.10643
14.85	0.10581
14.855	0.10508
14.86	0.10458
14.865	0.10451
14.87	0.10467
14.875	0.10365
14.88	0.09925
14.885	0.09015
14.89	0.07919
14.895	0.07442
14.9	0.06704
14.905	0.05910
14.91	0.05595
14.915	0.04977
14.92	0.04127
14.925	0.03515
14.93	0.02948
14.935	0.02130
14.94	0.01550
14.945	0.01308
14.95	0.00716
14.955	-0.00162
14.96	-0.00711
14.965	-0.01005
14.97	-0.01656
14.975	-0.02494
14.98	-0.02804
14.985	-0.02873
14.99	-0.03345
14.995	-0.04300
15	-0.05224
15.005	-0.05007
15.01	-0.04069
15.015	-0.03188
15.02	-0.03295
15.025	-0.03503
15.03	-0.03569
15.035	-0.03597
15.04	-0.03583
15.045	-0.03591
15.05	-0.03604
15.055	-0.03634
15.06	-0.03655
15.065	-0.03688
15.07	-0.03707
15.075	-0.03726
15.08	-0.03743
15.085	-0.03758
15.09	-0.03761
15.095	-0.03773
15.1	-0.03787
15.105	-0.03798
15.11	-0.03807
15.115	-0.03814
15.12	-0.03821
15.125	-0.03827
15.13	-0.03831
15.135	-0.03834
15.14	-0.03838
15.145	-0.03841
15.15	-0.03841
15.155	-0.03835
15.16	-0.03834
15.165	-0.03828
15.17	-0.03826
15.175	-0.03834
15.18	-0.03848
15.185	-0.03860
15.19	-0.03827
15.195	-0.03730
15.2	-0.03647
15.205	-0.03717
15.21	-0.04191
15.215	-0.05167
15.22	-0.06299
15.225	-0.07035
15.23	-0.07759
15.235	-0.08220
15.24	-0.09009
15.245	-0.09756
15.25	-0.09733
15.255	-0.09664
15.26	-0.09664
15.265	-0.09707
15.27	-0.09788
15.275	-0.09883
15.28	-0.09893
15.285	-0.09664
15.29	-0.09041
15.295	-0.08179
15.3	-0.07715
15.305	-0.07850
15.31	-0.07893
15.315	-0.07595
15.32	-0.06879
15.325	-0.05926
15.33	-0.05084
15.335	-0.04111
15.34	-0.03153
15.345	-0.02423
15.35	-0.01760
15.355	-0.01002
15.36	0.00362
15.365	0.01733
15.37	0.02324
15.375	0.02727
15.38	0.03698
15.385	0.04907
15.39	0.06128
15.395	0.07369
15.4	0.08240
15.405	0.08959
15.41	0.09712
15.415	0.10225
15.42	0.10455
15.425	0.11041
15.43	0.11908
15.435	0.12383
15.44	0.12319
15.445	0.12421
15.45	0.12969
15.455	0.13860
15.46	0.14604
15.465	0.15090
15.47	0.15795
15.475	0.16287
15.48	0.16466
15.485	0.17051
15.49	0.17997
15.495	0.18580
15.5	0.18524
15.505	0.18399
15.51	0.18323
15.515	0.18323
15.52	0.18554
15.525	0.19150
15.53	0.20012
15.535	0.20491
15.54	0.20389
15.545	0.20300
15.55	0.20313
15.555	0.20357
15.56	0.20402
15.565	0.20372
15.57	0.20273
15.575	0.20147
15.58	0.20154
15.585	0.20503
15.59	0.21325
15.595	0.22255
15.6	0.22342
15.605	0.21864
15.61	0.21036
15.615	0.20129
15.62	0.19845
15.625	0.19200
15.63	0.18278
15.635	0.17901
15.64	0.17145
15.645	0.16112
15.65	0.15648
15.655	0.14768
15.66	0.13593
15.665	0.12743
15.67	0.11887
15.675	0.11347
15.68	0.10593
15.685	0.10014
15.69	0.09817
15.695	0.09279
15.7	0.08467
15.705	0.07936
15.71	0.07738
15.715	0.07067
15.72	0.05911
15.725	0.04895
15.73	0.04038
15.735	0.03425
15.74	0.02769
15.745	0.01863
15.75	0.01354
15.755	0.00679
15.76	-0.00277
15.765	-0.00841
15.77	-0.01590
15.775	-0.02541
15.78	-0.02916
15.785	-0.03628
15.79	-0.04598
15.795	-0.04998
15.8	-0.05802
15.805	-0.06888
15.81	-0.07373
15.815	-0.08088
15.82	-0.08813
15.825	-0.09034
15.83	-0.09612
15.835	-0.10539
15.84	-0.11123
15.845	-0.11125
15.85	-0.11091
15.855	-0.11123
15.86	-0.11182
15.865	-0.11265
15.87	-0.11382
15.875	-0.11500
15.88	-0.11497
15.885	-0.11238
15.89	-0.10598
15.895	-0.09831
15.9	-0.09614
15.905	-0.09707
15.91	-0.09481
15.915	-0.08784
15.92	-0.07867
15.925	-0.07354
15.93	-0.06662
15.935	-0.05819
15.94	-0.05549
15.945	-0.04841
15.95	-0.03631
15.955	-0.02735
15.96	-0.01478
15.965	-0.00508
15.97	0.00532
15.975	0.01232
15.98	0.01730
15.985	0.01834
15.99	0.02443
15.995	0.03837
16	0.05344
16.005	0.06039
16.01	0.06473
16.015	0.07276
16.02	0.07771
16.025	0.07666
16.03	0.07522
16.035	0.07571
16.04	0.07948
16.045	0.08772
16.05	0.09714
16.055	0.09830
16.06	0.09353
16.065	0.08565
16.07	0.07751
16.075	0.07678
16.08	0.07742
16.085	0.07432
16.09	0.06731
16.095	0.05920
16.1	0.05618
16.105	0.04642
16.11	0.02821
16.115	0.01377
16.12	0.01645
16.125	0.02410
16.13	0.03232
16.135	0.03676
16.14	0.03490
16.145	0.03296
16.15	0.03197
16.155	0.03247
16.16	0.03565
16.165	0.04265
16.17	0.05110
16.175	0.05424
16.18	0.05328
16.185	0.05300
16.19	0.05347
16.195	0.05399
16.2	0.05414
16.205	0.05407
16.21	0.05374
16.215	0.05366
16.22	0.05408
16.225	0.05493
16.23	0.05549
16.235	0.05394
16.24	0.04851
16.245	0.03941
16.25	0.03206
16.255	0.03293
16.26	0.03458
16.265	0.03541
16.27	0.03488
16.275	0.03146
16.28	0.02425
16.285	0.01588
16.29	0.01344
16.295	0.01537
16.3	0.01550
16.305	0.01178
16.31	0.00359
16.315	-0.00558
16.32	-0.00714
16.325	-0.00564
16.33	-0.00458
16.335	-0.00389
16.34	-0.00399
16.345	-0.00597
16.35	-0.01152
16.355	-0.02000
16.36	-0.02670
16.365	-0.02604
16.37	-0.02496
16.375	-0.02509
16.38	-0.02535
16.385	-0.02573
16.39	-0.02592
16.395	-0.02591
16.4	-0.02579
16.405	-0.02567
16.41	-0.02561
16.415	-0.02554
16.42	-0.02550
16.425	-0.02547
16.43	-0.02537
16.435	-0.02533
16.44	-0.02528
16.445	-0.02531
16.45	-0.02538
16.455	-0.02546
16.46	-0.02543
16.465	-0.02494
16.47	-0.02483
16.475	-0.02496
16.48	-0.02503
16.485	-0.02515
16.49	-0.02497
16.495	-0.02430
16.5	-0.02345
16.505	-0.02321
16.51	-0.02531
16.515	-0.03128
16.52	-0.03987
16.525	-0.04501
16.53	-0.04433
16.535	-0.04364
16.54	-0.04382
16.545	-0.04429
16.55	-0.04469
16.555	-0.04500
16.56	-0.04503
16.565	-0.04494
16.57	-0.04487
16.575	-0.04490
16.58	-0.04500
16.585	-0.04529
16.59	-0.04544
16.595	-0.04516
16.6	-0.04447
16.605	-0.04364
16.61	-0.04403
16.615	-0.04763
16.62	-0.05541
16.625	-0.06408
16.63	-0.06549
16.635	-0.06414
16.64	-0.06396
16.645	-0.06458
16.65	-0.06606
16.655	-0.06716
16.66	-0.06668
16.665	-0.06258
16.67	-0.05408
16.675	-0.04538
16.68	-0.04576
16.685	-0.04690
16.69	-0.04673
16.695	-0.04649
16.7	-0.04656
16.705	-0.04715
16.71	-0.04763
16.715	-0.04642
16.72	-0.04139
16.725	-0.03287
16.73	-0.02607
16.735	-0.02667
16.74	-0.02770
16.745	-0.02769
16.75	-0.02731
16.755	-0.02694
16.76	-0.02675
16.765	-0.02676
16.77	-0.02687
16.775	-0.02700
16.78	-0.02718
16.785	-0.02714
16.79	-0.02708
16.795	-0.02695
16.8	-0.02714
16.805	-0.02758
16.81	-0.02838
16.815	-0.02857
16.82	-0.02679
16.825	-0.02153
16.83	-0.01376
16.835	-0.00846
16.84	-0.00632
16.845	-0.00038
16.85	0.00758
16.855	0.01020
16.86	0.00959
16.865	0.01223
16.87	0.01975
16.875	0.02929
16.88	0.03260
16.885	0.02941
16.89	0.02347
16.895	0.01703
16.9	0.01511
16.905	0.01364
16.91	0.01192
16.915	0.01118
16.92	0.01025
16.925	0.01049
16.93	0.01372
16.935	0.02083
16.94	0.02859
16.945	0.02919
16.95	0.02888
16.955	0.03296
16.96	0.04129
16.965	0.04923
16.97	0.04689
16.975	0.04044
16.98	0.03916
16.985	0.04943
16.99	0.05492
16.995	0.06237
17	0.07093
17.005	0.07025
17.01	0.06894
17.015	0.06887
17.02	0.06922
17.025	0.06999
17.03	0.07108
17.035	0.07173
17.04	0.07073
17.045	0.06624
17.05	0.05790
17.055	0.04992
17.06	0.05100
17.065	0.05136
17.07	0.04668
17.075	0.03728
17.08	0.02717
17.085	0.02206
17.09	0.01653
17.095	0.01557
17.1	0.02382
17.105	0.02667
17.11	0.01569
17.115	0.00226
17.12	-0.00610
17.125	-0.01193
17.13	-0.01122
17.135	-0.01027
17.14	-0.01085
17.145	-0.01149
17.15	-0.01220
17.155	-0.01246
17.16	-0.01268
17.165	-0.01253
17.17	-0.01254
17.175	-0.01251
17.18	-0.01273
17.185	-0.01293
17.19	-0.01321
17.195	-0.01330
17.2	-0.01291
17.205	-0.01214
17.21	-0.01187
17.215	-0.01348
17.22	-0.01853
17.225	-0.02670
17.23	-0.03272
17.235	-0.03215
17.24	-0.03345
17.245	-0.03974
17.25	-0.04864
17.255	-0.05368
17.26	-0.05249
17.265	-0.05179
17.27	-0.05425
17.275	-0.06053
17.28	-0.06907
17.285	-0.07350
17.29	-0.07267
17.295	-0.07416
17.3	-0.08043
17.305	-0.08976
17.31	-0.09560
17.315	-0.09531
17.32	-0.09485
17.325	-0.09492
17.33	-0.09476
17.335	-0.09443
17.34	-0.09438
17.345	-0.09660
17.35	-0.10263
17.355	-0.11126
17.36	-0.11636
17.365	-0.11583
17.37	-0.11524
17.375	-0.11538
17.38	-0.11544
17.385	-0.11552
17.39	-0.11589
17.395	-0.11750
17.4	-0.12064
17.405	-0.12394
17.41	-0.12353
17.415	-0.11888
17.42	-0.11595
17.425	-0.11638
17.43	-0.11708
17.435	-0.11763
17.44	-0.11805
17.445	-0.11805
17.45	-0.11696
17.455	-0.11408
17.46	-0.11034
17.465	-0.10912
17.47	-0.11528
17.475	-0.11933
17.48	-0.11633
17.485	-0.10952
17.49	-0.10162
17.495	-0.09831
17.5	-0.09639
17.505	-0.08983
17.51	-0.08100
17.515	-0.07793
17.52	-0.07926
17.525	-0.07943
17.53	-0.07628
17.535	-0.06923
17.54	-0.06088
17.545	-0.05823
17.55	-0.05925
17.555	-0.05764
17.56	-0.05131
17.565	-0.04197
17.57	-0.03581
17.575	-0.03053
17.58	-0.02334
17.585	-0.02004
17.59	-0.01763
17.595	-0.01031
17.6	-0.00049
17.605	0.00310
17.61	-0.00034
17.615	-0.00759
17.62	-0.01594
17.625	-0.01860
17.63	-0.01732
17.635	-0.01691
17.64	-0.01797
17.645	-0.01932
17.65	-0.01934
17.655	-0.01598
17.66	-0.00810
17.665	0.00076
17.67	0.00210
17.675	0.00051
17.68	-0.00048
17.685	-0.00041
17.69	0.00220
17.695	0.00814
17.7	0.01629
17.705	0.02058
17.71	0.02002
17.715	0.01979
17.72	0.02322
17.725	0.03082
17.73	0.03939
17.735	0.04148
17.74	0.04388
17.745	0.05130
17.75	0.06025
17.755	0.06234
17.76	0.06175
17.765	0.06170
17.77	0.06140
17.775	0.06098
17.78	0.06096
17.785	0.06299
17.79	0.06864
17.795	0.07693
17.8	0.08216
17.805	0.08242
17.81	0.08146
17.815	0.08063
17.82	0.08017
17.825	0.08141
17.83	0.08602
17.835	0.09475
17.84	0.10311
17.845	0.10192
17.85	0.09992
17.855	0.10087
17.86	0.10530
17.865	0.11373
17.87	0.12177
17.875	0.12168
17.88	0.12299
17.885	0.12970
17.89	0.13855
17.895	0.14275
17.9	0.14138
17.905	0.14153
17.91	0.14592
17.915	0.15501
17.92	0.16399
17.925	0.16378
17.93	0.16240
17.935	0.16244
17.94	0.16278
17.945	0.16405
17.95	0.16507
17.955	0.16504
17.96	0.16159
17.965	0.15390
17.97	0.14421
17.975	0.14014
17.98	0.13264
17.985	0.12436
17.99	0.12538
17.995	0.12633
18	0.12281
18.005	0.11405
18.01	0.10164
18.015	0.09330
18.02	0.08213
18.025	0.07348
18.03	0.06194
18.035	0.05378
18.04	0.04451
18.045	0.03469
18.05	0.01990
18.055	0.00672
18.06	-0.00727
18.065	-0.01500
18.07	-0.01803
18.075	-0.02596
18.08	-0.03503
18.085	-0.04058
18.09	-0.04832
18.095	-0.05430
18.1	-0.05266
18.105	-0.05299
18.11	-0.05957
18.115	-0.07326
18.12	-0.08853
18.125	-0.09511
18.13	-0.09580
18.135	-0.10087
18.14	-0.10970
18.145	-0.11500
18.15	-0.11411
18.155	-0.11359
18.16	-0.11602
18.165	-0.12210
18.17	-0.13046
18.175	-0.13478
18.18	-0.13384
18.185	-0.13510
18.19	-0.14119
18.195	-0.15010
18.2	-0.15552
18.205	-0.15494
18.21	-0.15424
18.215	-0.15441
18.22	-0.15469
18.225	-0.15503
18.23	-0.15513
18.235	-0.15522
18.24	-0.15508
18.245	-0.15499
18.25	-0.15498
18.255	-0.15495
18.26	-0.15498
18.265	-0.15497
18.27	-0.15488
18.275	-0.15473
18.28	-0.15453
18.285	-0.15476
18.29	-0.15535
18.295	-0.15601
18.3	-0.15587
18.305	-0.15308
18.31	-0.14664
18.315	-0.13848
18.32	-0.13547
18.325	-0.13477
18.33	-0.13053
18.335	-0.12298
18.34	-0.11671
18.345	-0.11241
18.35	-0.10516
18.355	-0.09670
18.36	-0.09583
18.365	-0.09747
18.37	-0.09696
18.375	-0.09284
18.38	-0.08431
18.385	-0.07524
18.39	-0.07423
18.395	-0.07606
18.4	-0.07580
18.405	-0.07240
18.41	-0.06518
18.415	-0.05695
18.42	-0.05461
18.425	-0.05153
18.43	-0.04319
18.435	-0.03429
18.44	-0.03428
18.445	-0.03524
18.45	-0.03504
18.455	-0.03458
18.46	-0.03389
18.465	-0.03358
18.47	-0.03373
18.475	-0.03464
18.48	-0.03554
18.485	-0.03503
18.49	-0.03097
18.495	-0.02250
18.5	-0.01328
18.505	-0.01284
18.51	-0.01326
18.515	-0.01403
18.52	-0.01805
18.525	-0.02618
18.53	-0.03411
18.535	-0.03274
18.54	-0.03099
18.545	-0.03250
18.55	-0.03787
18.555	-0.04690
18.56	-0.05398
18.565	-0.05353
18.57	-0.05241
18.575	-0.05243
18.58	-0.05272
18.585	-0.05318
18.59	-0.05340
18.595	-0.05343
18.6	-0.05334
18.605	-0.05331
18.61	-0.05314
18.615	-0.05312
18.62	-0.05309
18.625	-0.05318
18.63	-0.05303
18.635	-0.05311
18.64	-0.05294
18.645	-0.05291
18.65	-0.05288
18.655	-0.05284
18.66	-0.05280
18.665	-0.05288
18.67	-0.05284
18.675	-0.05280
18.68	-0.05264
18.685	-0.05248
18.69	-0.05227
18.695	-0.05244
18.7	-0.05302
18.705	-0.05383
18.71	-0.05355
18.715	-0.05063
18.72	-0.04389
18.725	-0.03571
18.73	-0.03308
18.735	-0.03390
18.74	-0.03176
18.745	-0.02535
18.75	-0.01691
18.755	-0.01275
18.76	-0.00994
18.765	-0.00322
18.77	0.00487
18.775	0.00645
18.78	0.00773
18.785	0.01335
18.79	0.02186
18.795	0.02731
18.8	0.02785
18.805	0.02737
18.81	0.02743
18.815	0.02781
18.82	0.02816
18.825	0.02847
18.83	0.02855
18.835	0.02859
18.84	0.02873
18.845	0.02903
18.85	0.02917
18.855	0.02888
18.86	0.02802
18.865	0.02716
18.87	0.02791
18.875	0.03250
18.88	0.04158
18.885	0.05083
18.89	0.05023
18.895	0.04834
18.9	0.04767
18.905	0.04848
18.91	0.05236
18.915	0.05971
18.92	0.06787
18.925	0.07102
18.93	0.06974
18.935	0.06829
18.94	0.06799
18.945	0.07008
18.95	0.07622
18.955	0.08554
18.96	0.09223
18.965	0.08907
18.97	0.08314
18.975	0.07844
18.98	0.08053
18.985	0.08925
18.99	0.09251
18.995	0.09156
19	0.09077
19.005	0.09073
19.01	0.09148
19.015	0.09248
19.02	0.09293
19.025	0.09105
19.03	0.08561
19.035	0.07775
19.04	0.07281
19.045	0.07165
19.05	0.06683
19.055	0.05829
19.06	0.05163
19.065	0.04596
19.07	0.03732
19.075	0.03079
19.08	0.02441
19.085	0.01603
19.09	0.01305
19.095	0.01465
19.1	0.01539
19.105	0.01295
19.11	0.00543
19.115	-0.00656
19.12	-0.01648
19.125	-0.02334
19.13	-0.02506
19.135	-0.02774
19.14	-0.03569
19.145	-0.04493
19.15	-0.04669
19.155	-0.04510
19.16	-0.04411
19.165	-0.04461
19.17	-0.04846
19.175	-0.05628
19.18	-0.06511
19.185	-0.06638
19.19	-0.06516
19.195	-0.06491
19.2	-0.06502
19.205	-0.06544
19.21	-0.06576
19.215	-0.06588
19.22	-0.06568
19.225	-0.06556
19.23	-0.06549
19.235	-0.06539
19.24	-0.06533
19.245	-0.06532
19.25	-0.06532
19.255	-0.06525
19.26	-0.06514
19.265	-0.06495
19.27	-0.06472
19.275	-0.06466
19.28	-0.06515
19.285	-0.06601
19.29	-0.06638
19.295	-0.06478
19.3	-0.05947
19.305	-0.05084
19.31	-0.04434
19.315	-0.04576
19.32	-0.04717
19.325	-0.04541
19.33	-0.03979
19.335	-0.03067
19.34	-0.02400
19.345	-0.02438
19.35	-0.02530
19.355	-0.02525
19.36	-0.02488
19.365	-0.02448
19.37	-0.02418
19.375	-0.02401
19.38	-0.02390
19.385	-0.02372
19.39	-0.02379
19.395	-0.02417
19.4	-0.02493
19.405	-0.02525
19.41	-0.02366
19.415	-0.01853
19.42	-0.01065
19.425	-0.00484
19.43	-0.00443
19.435	-0.00611
19.44	-0.00630
19.445	-0.00283
19.45	0.00530
19.455	0.01519
19.46	0.01830
19.465	0.01381
19.47	0.00564
19.475	-0.00251
19.48	-0.00199
19.485	0.00687
19.49	0.01615
19.495	0.01791
19.5	0.01643
19.505	0.01573
19.51	0.01587
19.515	0.01634
19.52	0.01676
19.525	0.01703
19.53	0.01707
19.535	0.01698
19.54	0.01684
19.545	0.01682
19.55	0.01709
19.555	0.01763
19.56	0.01826
19.565	0.01842
19.57	0.01791
19.575	0.01665
19.58	0.01527
19.585	0.01593
19.59	0.02043
19.595	0.02970
19.6	0.03923
19.605	0.03846
19.61	0.03379
19.615	0.02596
19.62	0.01681
19.625	0.01373
19.63	0.00738
19.635	-0.00037
19.64	-0.00045
19.645	-0.00268
19.65	-0.00999
19.655	-0.01908
19.66	-0.02223
19.665	-0.02060
19.67	-0.01958
19.675	-0.02108
19.68	-0.02661
19.685	-0.03564
19.69	-0.04276
19.695	-0.04210
19.7	-0.04080
19.705	-0.04076
19.71	-0.04109
19.715	-0.04161
19.72	-0.04182
19.725	-0.04179
19.73	-0.04157
19.735	-0.04129
19.74	-0.04125
19.745	-0.04183
19.75	-0.04265
19.755	-0.04287
19.76	-0.04070
19.765	-0.03486
19.77	-0.02637
19.775	-0.02164
19.78	-0.02258
19.785	-0.02322
19.79	-0.02302
19.795	-0.02268
19.8	-0.02216
19.805	-0.02200
19.81	-0.02198
19.815	-0.02202
19.82	-0.02205
19.825	-0.02209
19.83	-0.02194
19.835	-0.02167
19.84	-0.02128
19.845	-0.02107
19.85	-0.02117
19.855	-0.02115
19.86	-0.02119
19.865	-0.02122
19.87	-0.02120
19.875	-0.02106
19.88	-0.02072
19.885	-0.02028
19.89	-0.02019
19.895	-0.02085
19.9	-0.02175
19.905	-0.02143
19.91	-0.01797
19.915	-0.01018
19.92	-0.00110
19.925	0.00082
19.93	-0.00033
19.935	-0.00068
19.94	-0.00018
19.945	0.00076
19.95	0.00182
19.955	0.00288
19.96	0.00294
19.965	0.00051
19.97	-0.00553
19.975	-0.01306
19.98	-0.01433
19.985	-0.00679
19.99	0.00264
19.995	0.00438
20	0.00341
20.005	0.00306
20.01	0.00245
20.015	0.00217
20.02	0.00271
20.025	0.00585
20.03	0.01253
20.035	0.02141
20.04	0.02553
20.045	0.02498
20.05	0.02481
20.055	0.02511
20.06	0.02481
20.065	0.02457
20.07	0.02549
20.075	0.02948
20.08	0.03713
20.085	0.04522
20.09	0.04663
20.095	0.05153
20.1	0.06108
20.105	0.06727
20.11	0.06157
20.115	0.05158
20.12	0.04565
20.125	0.05000
20.13	0.05833
20.135	0.06646
20.14	0.06970
20.145	0.06861
20.15	0.06798
20.155	0.06780
20.16	0.06756
20.165	0.06736
20.17	0.06816
20.175	0.07170
20.18	0.07880
20.185	0.08644
20.19	0.08956
20.195	0.08862
20.2	0.08800
20.205	0.08812
20.21	0.08879
20.215	0.08981
20.22	0.09114
20.225	0.09132
20.23	0.08903
20.235	0.08303
20.24	0.07493
20.245	0.07069
20.25	0.07177
20.255	0.07065
20.26	0.06499
20.265	0.05669
20.27	0.05209
20.275	0.05278
20.28	0.05171
20.285	0.04655
20.29	0.03825
20.295	0.03179
20.3	0.02809
20.305	0.02170
20.31	0.01532
20.315	0.01181
20.32	0.00641
20.325	-0.00218
20.33	-0.00866
20.335	-0.01496
20.34	-0.02291
20.345	-0.02541
20.35	-0.02385
20.355	-0.02381
20.36	-0.02693
20.365	-0.03409
20.37	-0.04259
20.375	-0.04489
20.38	-0.04276
20.385	-0.04229
20.39	-0.04560
20.395	-0.05306
20.4	-0.06089
20.405	-0.06173
20.41	-0.06104
20.415	-0.06420
20.42	-0.07165
20.425	-0.07970
20.43	-0.08023
20.435	-0.07928
20.44	-0.08188
20.445	-0.08894
20.45	-0.09799
20.455	-0.10223
20.46	-0.10800
20.465	-0.11660
20.47	-0.12158
20.475	-0.12847
20.48	-0.13712
20.485	-0.13884
20.49	-0.13813
20.495	-0.13796
20.5	-0.13779
20.505	-0.13757
20.51	-0.13728
20.515	-0.13753
20.52	-0.13834
20.525	-0.13901
20.53	-0.13798
20.535	-0.13321
20.54	-0.12410
20.545	-0.11504
20.55	-0.11585
20.555	-0.11768
20.56	-0.11725
20.565	-0.11431
20.57	-0.10776
20.575	-0.09991
20.58	-0.09654
20.585	-0.09642
20.59	-0.09248
20.595	-0.08365
20.6	-0.07477
20.605	-0.07549
20.61	-0.07682
20.615	-0.07496
20.62	-0.06925
20.625	-0.06010
20.63	-0.05323
20.635	-0.05389
20.64	-0.05344
20.645	-0.04857
20.65	-0.04021
20.655	-0.03303
20.66	-0.03159
20.665	-0.02727
20.67	-0.01892
20.675	-0.01251
20.68	-0.01297
20.685	-0.01201
20.69	-0.00640
20.695	0.00215
20.7	0.00906
20.705	0.00934
20.71	0.01148
20.715	0.01801
20.72	0.02602
20.725	0.03140
20.73	0.03629
20.735	0.04442
20.74	0.05103
20.745	0.05499
20.75	0.06198
20.755	0.06883
20.76	0.07153
20.765	0.07318
20.77	0.07864
20.775	0.08709
20.78	0.09261
20.785	0.09371
20.79	0.09879
20.795	0.10586
20.8	0.11142
20.805	0.11259
20.81	0.11634
20.815	0.12252
20.82	0.12478
20.825	0.12563
20.83	0.12617
20.835	0.13408
20.84	0.13703
20.845	0.13538
20.85	0.13391
20.855	0.13569
20.86	0.14066
20.865	0.14839
20.87	0.15408
20.875	0.15569
20.88	0.15784
20.885	0.16428
20.89	0.17255
20.895	0.17537
20.9	0.17476
20.905	0.17723
20.91	0.18421
20.915	0.19328
20.92	0.19684
20.925	0.19617
20.93	0.19563
20.935	0.19563
20.94	0.19583
20.945	0.19614
20.95	0.19676
20.955	0.19776
20.96	0.19832
20.965	0.19709
20.97	0.19256
20.975	0.18510
20.98	0.17979
20.985	0.18635
20.99	0.19689
20.995	0.19941
21	0.19770
21.005	0.19342
21.01	0.18553
21.015	0.17709
21.02	0.17617
21.025	0.17820
21.03	0.17906
21.035	0.17833
21.04	0.17454
21.045	0.16721
21.05	0.15900
21.055	0.15724
21.06	0.15511
21.065	0.14820
21.07	0.13950
21.075	0.13676
21.08	0.13340
21.085	0.12562
21.09	0.11767
21.095	0.11773
21.1	0.11561
21.105	0.10679
21.11	0.09443
21.115	0.08549
21.12	0.07437
21.125	0.06671
21.13	0.05834
21.135	0.05400
21.14	0.04654
21.145	0.03761
21.15	0.03707
21.155	0.03426
21.16	0.02631
21.165	0.01675
21.17	0.01321
21.175	0.00642
21.18	-0.00282
21.185	-0.00631
21.19	-0.01322
21.195	-0.02271
21.2	-0.02624
21.205	-0.03322
21.21	-0.04245
21.215	-0.04594
21.22	-0.05309
21.225	-0.06320
21.23	-0.06765
21.235	-0.07524
21.24	-0.08350
21.245	-0.08656
21.25	-0.09224
21.255	-0.09946
21.26	-0.10270
21.265	-0.10392
21.27	-0.10875
21.275	-0.11713
21.28	-0.12350
21.285	-0.12270
21.29	-0.12318
21.295	-0.12845
21.3	-0.13732
21.305	-0.14459
21.31	-0.14429
21.315	-0.14335
21.32	-0.14341
21.325	-0.14371
21.33	-0.14407
21.335	-0.14430
21.34	-0.14436
21.345	-0.14435
21.35	-0.14435
21.355	-0.14434
21.36	-0.14427
21.365	-0.14422
21.37	-0.14403
21.375	-0.14395
21.38	-0.14425
21.385	-0.14493
21.39	-0.14566
21.395	-0.14511
21.4	-0.14141
21.405	-0.13407
21.41	-0.12635
21.415	-0.12396
21.42	-0.12487
21.425	-0.12573
21.43	-0.12638
21.435	-0.12622
21.44	-0.12386
21.445	-0.11781
21.45	-0.10898
21.455	-0.10378
21.46	-0.10457
21.465	-0.10567
21.47	-0.10641
21.475	-0.10658
21.48	-0.10474
21.485	-0.09902
21.49	-0.08929
21.495	-0.08022
21.5	-0.07409
21.505	-0.06852
21.51	-0.06624
21.515	-0.06459
21.52	-0.05858
21.525	-0.04952
21.53	-0.04388
21.535	-0.04425
21.54	-0.04468
21.545	-0.04478
21.55	-0.04496
21.555	-0.04552
21.56	-0.04545
21.565	-0.04294
21.57	-0.03656
21.575	-0.02805
21.58	-0.02393
21.585	-0.02474
21.59	-0.02534
21.595	-0.02515
21.6	-0.02467
21.605	-0.02429
21.61	-0.02410
21.615	-0.02423
21.62	-0.02440
21.625	-0.02465
21.63	-0.02452
21.635	-0.02390
21.64	-0.02297
21.645	-0.02303
21.65	-0.02584
21.655	-0.03263
21.66	-0.04133
21.665	-0.04458
21.67	-0.04365
21.675	-0.04321
21.68	-0.04345
21.685	-0.04388
21.69	-0.04418
21.695	-0.04443
21.7	-0.04442
21.705	-0.04436
21.71	-0.04423
21.715	-0.04422
21.72	-0.04422
21.725	-0.04434
21.73	-0.04434
21.735	-0.04434
21.74	-0.04433
21.745	-0.04433
21.75	-0.04433
21.755	-0.04439
21.76	-0.04439
21.765	-0.04438
21.77	-0.04460
21.775	-0.04481
21.78	-0.04503
21.785	-0.04524
21.79	-0.04553
21.795	-0.04580
21.8	-0.04596
21.805	-0.04611
21.81	-0.04606
21.815	-0.04621
21.82	-0.04673
21.825	-0.04778
21.83	-0.04880
21.835	-0.04854
21.84	-0.04509
21.845	-0.03743
21.85	-0.02918
21.855	-0.02858
21.86	-0.03053
21.865	-0.03078
21.87	-0.02777
21.875	-0.02060
21.88	-0.01159
21.885	-0.00722
21.89	-0.00158
21.895	0.00684
21.9	0.01122
21.905	0.01739
21.91	0.02618
21.915	0.03095
21.92	0.03748
21.925	0.04660
21.93	0.05119
21.935	0.05721
21.94	0.06585
21.945	0.07028
21.95	0.07659
21.955	0.08600
21.96	0.09173
21.965	0.09880
21.97	0.10669
21.975	0.10687
21.98	0.10932
21.985	0.11739
21.99	0.12732
21.995	0.13181
22	0.13931
22.005	0.14753
22.01	0.14641
22.015	0.14615
22.02	0.15073
22.025	0.15990
22.03	0.16928
22.035	0.16892
22.04	0.16709
22.045	0.16620
22.05	0.16635
22.055	0.16950
22.06	0.17647
22.065	0.18533
22.07	0.18893
22.075	0.18704
22.08	0.18550
22.085	0.18682
22.09	0.19240
22.095	0.21084
22.1	0.21896
22.105	0.21421
22.11	0.20410
22.115	0.19533
22.12	0.19623
22.125	0.19868
22.13	0.19911
22.135	0.19716
22.14	0.19136
22.145	0.18263
22.15	0.17603
22.155	0.17667
22.16	0.17603
22.165	0.17085
22.17	0.16238
22.175	0.15520
22.18	0.15404
22.185	0.15000
22.19	0.14106
22.195	0.13224
22.2	0.12765
22.205	0.12013
22.21	0.11175
22.215	0.10729
22.22	0.09874
22.225	0.08858
22.23	0.08194
22.235	0.07339
22.24	0.06546
22.245	0.05777
22.25	0.04983
22.255	0.04485
22.26	0.03521
22.265	0.02325
22.27	0.01538
22.275	0.00806
22.28	0.00352
22.285	-0.00527
22.29	-0.01589
22.295	-0.02183
22.3	-0.02776
22.305	-0.03203
22.31	-0.03648
22.315	-0.04429
22.32	-0.05158
22.325	-0.05671
22.33	-0.06399
22.335	-0.06786
22.34	-0.06651
22.345	-0.06664
22.35	-0.07063
22.355	-0.07811
22.36	-0.08473
22.365	-0.08630
22.37	-0.08449
22.375	-0.08281
22.38	-0.08213
22.385	-0.08390
22.39	-0.08922
22.395	-0.09695
22.4	-0.10126
22.405	-0.09987
22.41	-0.09838
22.415	-0.09722
22.42	-0.09598
22.425	-0.09540
22.43	-0.09683
22.435	-0.10177
22.44	-0.10910
22.445	-0.11303
22.45	-0.11129
22.455	-0.10887
22.46	-0.10728
22.465	-0.10703
22.47	-0.10963
22.475	-0.11597
22.48	-0.12294
22.485	-0.12229
22.49	-0.11417
22.495	-0.10491
22.5	-0.10118
22.505	-0.10144
22.51	-0.10117
22.515	-0.10007
22.52	-0.09898
22.525	-0.09822
22.53	-0.09790
22.535	-0.09686
22.54	-0.09360
22.545	-0.08678
22.55	-0.07827
22.555	-0.07459
22.56	-0.07445
22.565	-0.07397
22.57	-0.07326
22.575	-0.07271
22.58	-0.07245
22.585	-0.07145
22.59	-0.06838
22.595	-0.06189
22.6	-0.05397
22.605	-0.05058
22.61	-0.05071
22.615	-0.05036
22.62	-0.04962
22.625	-0.04902
22.63	-0.04898
22.635	-0.04913
22.64	-0.04822
22.645	-0.04456
22.65	-0.03743
22.655	-0.02985
22.66	-0.02912
22.665	-0.03043
22.67	-0.02993
22.675	-0.02645
22.68	-0.01949
22.685	-0.01230
22.69	-0.01169
22.695	-0.01328
22.7	-0.01308
22.705	-0.01005
22.71	-0.00344
22.715	0.00348
22.72	0.00413
22.725	0.00232
22.73	0.00172
22.735	0.00320
22.74	0.00760
22.745	0.01390
22.75	0.01748
22.755	0.01707
22.76	0.01611
22.765	0.01555
22.77	0.01549
22.775	0.01535
22.78	0.01478
22.785	0.01372
22.79	0.01245
22.795	0.01216
22.8	0.01420
22.805	0.01931
22.81	0.02506
22.815	0.02532
22.82	0.02374
22.825	0.02283
22.83	0.02223
22.835	0.02182
22.84	0.02130
22.845	0.02059
22.85	0.01976
22.855	0.01900
22.86	0.01819
22.865	0.01740
22.87	0.01666
22.875	0.01600
22.88	0.01529
22.885	0.01458
22.89	0.01375
22.895	0.01308
22.9	0.01241
22.905	0.01169
22.91	0.01098
22.915	0.01034
22.92	0.00979
22.925	0.00911
22.93	0.00848
22.935	0.00770
22.94	0.00697
22.945	0.00637
22.95	0.00595
22.955	0.00607
22.96	0.00617
22.965	0.00526
22.97	0.00186
22.975	-0.00446
22.98	-0.01071
22.985	-0.01031
22.99	-0.00722
22.995	-0.00239
23	0.00241
23.005	0.00152
23.01	0.00035
23.015	0.00001
23.02	-0.00021
23.025	-0.00053
23.03	-0.00105
23.035	-0.00139
23.04	-0.00031
23.045	0.00301
23.05	0.00751
23.055	0.00959
23.06	0.00885
23.065	0.00816
23.07	0.00777
23.075	0.00717
23.08	0.00659
23.085	0.00651
23.09	0.00825
23.095	0.01211
23.1	0.01652
23.105	0.01688
23.11	0.01581
23.115	0.01518
23.12	0.01493
23.125	0.01478
23.13	0.01452
23.135	0.01433
23.14	0.01403
23.145	0.01363
23.15	0.01313
23.155	0.01246
23.16	0.01185
23.165	0.01203
23.17	0.01373
23.175	0.01686
23.18	0.01970
23.185	0.02021
23.19	0.01941
23.195	0.01886
23.2	0.01850
23.205	0.01829
23.21	0.01802
23.215	0.01773
23.22	0.01731
23.225	0.01689
23.23	0.01648
23.235	0.01614
23.24	0.01576
23.245	0.01553
23.25	0.01514
23.255	0.01486
23.26	0.01450
23.265	0.01423
23.27	0.01389
23.275	0.01361
23.28	0.01342
23.285	0.01311
23.29	0.01278
23.295	0.01247
23.3	0.01229
23.305	0.01229
23.31	0.01236
23.315	0.01199
23.32	0.01077
23.325	0.00833
23.33	0.00552
23.335	0.00473
23.34	0.00516
23.345	0.00421
23.35	0.00173
23.355	-0.00143
23.36	-0.00323
23.365	-0.00290
23.37	-0.00262
23.375	-0.00321
23.38	-0.00489
23.385	-0.00743
23.39	-0.00938
23.395	-0.00918
23.4	-0.00873
23.405	-0.00878
23.41	-0.00870
23.415	-0.00867
23.42	-0.00845
23.425	-0.00812
23.43	-0.00812
23.435	-0.00887
23.44	-0.01052
23.445	-0.01224
23.45	-0.01214
23.455	-0.01148
23.46	-0.01119
23.465	-0.01151
23.47	-0.01259
23.475	-0.01397
23.48	-0.01419
23.485	-0.01430
23.49	-0.01503
23.495	-0.01557
23.5	-0.01434
23.505	-0.01208
23.51	-0.01105
23.515	-0.01112
23.52	-0.01170
23.525	-0.01228
23.53	-0.01237
23.535	-0.01197
23.54	-0.01172
23.545	-0.01122
23.55	-0.01066
23.555	-0.01029
23.56	-0.00993
23.565	-0.00952
23.57	-0.00880
23.575	-0.00767
23.58	-0.00630
23.585	-0.00535
23.59	-0.00504
23.595	-0.00485
23.6	-0.00454
23.605	-0.00424
23.61	-0.00395
23.615	-0.00378
23.62	-0.00350
23.625	-0.00330
23.63	-0.00308
23.635	-0.00289
23.64	-0.00274
23.645	-0.00256
23.65	-0.00239
23.655	-0.00220
23.66	-0.00210
23.665	-0.00200
23.67	-0.00185
23.675	-0.00176
23.68	-0.00161
23.685	-0.00154
23.69	-0.00146
23.695	-0.00134
23.7	-0.00128
23.705	-0.00123
23.71	-0.00118
23.715	-0.00107
23.72	-0.00110
23.725	-0.00107
23.73	-0.00103
23.735	-0.00102
23.74	-0.00093
23.745	-0.00092
23.75	-0.00085
23.755	-0.00084
23.76	-0.00103
23.765	-0.00110
23.77	-0.00111
23.775	-0.00117
23.78	-0.00118
23.785	-0.00127
23.79	-0.00127
23.795	-0.00142
23.8	-0.00151
23.805	-0.00154
23.81	-0.00162
23.815	-0.00172
23.82	-0.00181
23.825	-0.00184
23.83	-0.00201
23.835	-0.00210
23.84	-0.00221
23.845	-0.00232
23.85	-0.00248
23.855	-0.00251
23.86	-0.00268
23.865	-0.00272
23.87	-0.00266
23.875	-0.00260
23.88	-0.00244
23.885	-0.00237
23.89	-0.00233
23.895	-0.00227
23.9	-0.00215
23.905	-0.00203
23.91	-0.00198
23.915	-0.00187
23.92	-0.00181
23.925	-0.00175
23.93	-0.00170
23.935	-0.00157
23.94	-0.00153
23.945	-0.00147
23.95	-0.00141
23.955	-0.00142
23.96	-0.00130
23.965	-0.00124
23.97	-0.00119
23.975	-0.00113
23.98	-0.00102
23.985	-0.00103
23.99	-0.00098
23.995	-0.00092
24	-0.00086
24.005	-0.00085
24.01	-0.00074
24.015	-0.00068
24.02	-0.00068
24.025	-0.00065
24.03	-0.00065
24.035	-0.00060
24.04	-0.00061
24.045	-0.00048
24.05	-0.00043
24.055	-0.00043
24.06	-0.00038
24.065	-0.00039
24.07	-0.00039
24.075	-0.00026
24.08	-0.00027
24.085	-0.00022
24.09	-0.00023
24.095	-0.00018
24.1	-0.00019
24.105	-0.00020
24.11	-0.00013
24.115	-0.00014
24.12	-0.00014
24.125	-0.00003
24.13	-0.00004
24.135	-0.00005
24.14	-0.00005
24.145	0.00002
24.15	0.00002
24.155	0.00001
24.16	0.00000
24.165	0.00006
24.17	0.00005
24.175	0.00005
24.18	0.00004
