1 5.43187e-05 0.000162751 0.000246041 0.000342676 0.000442998 0.000534383 0.000630601 0.000635319 0.000713613 0.000797569 0.00087896 0.000902096 0.00100456 0.00109309 0.00118509 0.00124599
2 7.38376e-05 0.000292629 0.000417346 0.00062407 0.0011516 0.00114841 0.00163784 0.00205349 0.00190358 0.00238797 0.00268312 0.00292713 0.00436034 0.00352102 0.00563759 0.00459847
3 9.86311e-05 0.000461937 0.000641801 0.00106013 0.00245132 0.00236006 0.00386255 0.00530348 0.00488608 0.00663274 0.00790093 0.00863265 0.0140932 0.0115295 0.0191646 0.0156696
4 6.69429e-05 0.000350219 0.000509948 0.000905217 0.00244844 0.002525 0.00457373 0.00645342 0.00647829 0.00924014 0.0115826 0.0120139 0.0196646 0.0176085 0.027333 0.0231443
5 4.34588e-05 0.000216434 0.000332967 0.000574884 0.00172206 0.00190672 0.00379707 0.00557538 0.00635007 0.00975796 0.0132709 0.0134887 0.0221292 0.021646 0.0295763 0.0255369
6 3.69264e-05 0.00016348 0.000251782 0.000403945 0.00122365 0.0013878 0.00298553 0.0045527 0.0058146 0.00962029 0.0142154 0.0141798 0.0232523 0.0248228 0.0293474 0.0256623
7 3.44614e-05 0.00014134 0.000216106 0.000324709 0.000938342 0.00102798 0.0023306 0.00367864 0.00515888 0.00918291 0.0147632 0.0145167 0.0238063 0.0278643 0.0283137 0.0250079
8 3.30682e-05 0.000130643 0.000199028 0.000287471 0.000777074 0.000798119 0.00185375 0.00301212 0.00449729 0.00860673 0.0150606 0.0146428 0.0240855 0.0310418 0.0270443 0.0240861
9 3.20347e-05 0.000124226 0.000189158 0.000267714 0.000683647 0.000657445 0.00151914 0.00252317 0.00388818 0.00796035 0.0151541 0.0146079 0.0241789 0.0344597 0.0257076 0.0230474
10 3.11802e-05 0.000119477 0.000182089 0.000255049 0.000627723 0.000572564 0.00128702 0.00217002 0.00334785 0.00728924 0.0150659 0.0144319 0.02411 0.0381582 0.0243501 0.021934
11 3.03875e-05 0.000116063 0.000176137 0.000245369 0.000592181 0.000520846 0.0011269 0.00191571 0.00287995 0.00663625 0.0148243 0.0141276 0.023899 0.0421552 0.0229843 0.0207592
12 2.96146e-05 0.000113726 0.000170637 0.000239261 0.000568076 0.000488404 0.00101576 0.00173266 0.00248655 0.00601499 0.0144843 0.0137239 0.0235689 0.0464437 0.021607 0.0195225
13 2.921e-05 0.000111862 0.000165323 0.000234759 0.000550603 0.000468038 0.000937677 0.00159947 0.00216257 0.00543392 0.0140596 0.0132521 0.0231147 0.0509829 0.0202057 0.0182151
14 2.89098e-05 0.000110614 0.000161635 0.000231327 0.000538053 0.000454654 0.000883489 0.00150399 0.00189904 0.00490022 0.0135674 0.0127246 0.0225386 0.0557214 0.0187883 0.0168394
15 2.86787e-05 0.000109689 0.000159628 0.000229084 0.000529316 0.000445491 0.000845983 0.00143542 0.00168779 0.00442463 0.0130256 0.0121551 0.0218483 0.0605928 0.0173758 0.0154089
16 2.85571e-05 0.000108987 0.00015831 0.000227503 0.00052301 0.00043902 0.000819786 0.00138566 0.00152011 0.00400552 0.0124533 0.0115568 0.0210551 0.0655181 0.0159804 0.0139457
17 2.84763e-05 0.000108465 0.000157409 0.000226372 0.000518308 0.000434382 0.000801287 0.0013488 0.00138825 0.00363821 0.0118776 0.0109431 0.020177 0.0704172 0.0146202 0.0124969
18 2.84163e-05 0.000108064 0.000156876 0.00022553 0.000514581 0.000430968 0.00078787 0.00132049 0.0012855 0.00331736 0.0113005 0.0103243 0.019232 0.0752014 0.013315 0.0110982
19 2.83683e-05 0.000107747 0.000156581 0.000224877 0.00051145 0.000428394 0.000777786 0.00129779 0.00120575 0.00303743 0.0107238 0.00971081 0.0182412 0.0797966 0.0120849 0.00977709
20 2.83251e-05 0.000107476 0.000156355 0.000224332 0.000508683 0.000426383 0.000769871 0.00127874 0.00114399 0.00279369 0.0101491 0.00911091 0.0172266 0.0841421 0.0109456 0.00855508