1 6.09611e-05 0.000181965 0.000274495 0.000379794 0.000481773 0.000577764 0.000669057 0.000657435 0.000729367 0.000797112 0.000858824 0.000853054 0.000912015 0.00096144 0.000997695 0.00102384
2 7.28082e-05 0.000288482 0.000411207 0.000605354 0.00107678 0.00105847 0.00144754 0.00170844 0.00154347 0.00182964 0.00195615 0.00199309 0.00271705 0.00200082 0.0029716 0.00225702
3 7.16072e-05 0.000329032 0.000463517 0.000734113 0.00161327 0.0015034 0.00230655 0.00291642 0.00250594 0.00308101 0.00334886 0.00327936 0.00475866 0.0032622 0.00518129 0.00364381
4 6.52164e-05 0.000318187 0.000452401 0.000752472 0.00190895 0.00179356 0.00300329 0.00390173 0.0034091 0.00427811 0.00474832 0.00434232 0.00672041 0.00462784 0.00823459 0.00570435
5 5.98078e-05 0.000291541 0.0004232 0.000711781 0.0019778 0.00192615 0.00345437 0.00451724 0.00413924 0.0052391 0.00622143 0.00582937 0.00985659 0.00708512 0.0132709 0.00965287
6 5.02505e-05 0.00023663 0.000355562 0.000578934 0.00168313 0.00171254 0.00341181 0.00486112 0.00481904 0.00675319 0.00873292 0.00825097 0.0147967 0.0114069 0.0216215 0.016655
7 4.39294e-05 0.000202941 0.000295323 0.000491505 0.00156558 0.00159535 0.00351668 0.00532961 0.00569505 0.00871423 0.0122298 0.0115247 0.0215064 0.0180402 0.0331691 0.0271993
8 4.11693e-05 0.000184471 0.000257868 0.000432904 0.0014134 0.00143951 0.00342331 0.00542556 0.0062905 0.0103848 0.0157313 0.0146452 0.0278953 0.0254897 0.0445769 0.0385725
9 3.73536e-05 0.000162009 0.000226033 0.000368892 0.00118466 0.00119663 0.00300333 0.00492565 0.00622302 0.0110236 0.0179505 0.0163686 0.0315652 0.0314408 0.0502559 0.0463592
10 3.4375e-05 0.000143927 0.000202426 0.000318377 0.000976288 0.000961093 0.00248219 0.00418115 0.00572278 0.0108501 0.0189709 0.0168932 0.0327968 0.0356388 0.050741 0.0500797
11 3.29586e-05 0.000133942 0.000189975 0.000289508 0.00083558 0.000790846 0.00204284 0.00350707 0.00512165 0.0103698 0.019469 0.0169231 0.0329934 0.0391396 0.0490297 0.0517203
12 3.23796e-05 0.000129147 0.000184335 0.000275216 0.000749935 0.000681992 0.00171752 0.00298239 0.00455267 0.00981551 0.0197896 0.0168003 0.0328706 0.042586 0.0466364 0.0524406
13 3.21022e-05 0.000126799 0.000181697 0.000268149 0.000698583 0.000615332 0.00148676 0.00259307 0.00404561 0.00925379 0.0200371 0.016626 0.0326424 0.0462118 0.0440338 0.0526217
14 3.19284e-05 0.00012545 0.000180286 0.00026435 0.000667152 0.000574894 0.00132444 0.00230764 0.00360288 0.00870337 0.0202335 0.0164243 0.0323624 0.0500873 0.0413613 0.0523611
15 3.17851e-05 0.000124505 0.000179312 0.000261924 0.000646929 0.000550083 0.00121051 0.00209828 0.00321923 0.00816828 0.0203775 0.0161978 0.0320446 0.0542412 0.0386661 0.051685
16 3.16619e-05 0.000123737 0.000178525 0.000260079 0.000632918 0.000534315 0.00112978 0.0019434 0.00288865 0.00764973 0.0204598 0.0159428 0.0316864 0.0586884 0.0359746 0.0506044
17 3.15334e-05 0.000123002 0.000177763 0.000258455 0.000622415 0.000523526 0.00107137 0.00182724 0.00260403 0.00714751 0.0204712 0.0156524 0.0312803 0.0634415 0.0333091 0.0491334
18 3.1397e-05 0.000122264 0.000176942 0.000256793 0.000613517 0.000515409 0.00102782 0.00173731 0.00235873 0.00665936 0.0203939 0.015319 0.0308151 0.0685156 0.0306909 0.0472943
19 3.12313e-05 0.000121402 0.000175962 0.000254961 0.000605165 0.000508333 0.000993468 0.00166441 0.00214638 0.00618266 0.0202073 0.0149314 0.0302757 0.0739233 0.0281417 0.0451244
20 3.10214e-05 0.000120372 0.000174688 0.000252695 0.000596307 0.000501186 0.000964038 0.00160162 0.00196031 0.00571332 0.0198846 0.0144756 0.0296441 0.0796726 0.0256839 0.0426738