1 4.36162e-05 0.00012701 0.000194175 0.000270555 0.000340388 0.00041684 0.000484214 0.000476352 0.000542752 0.000599881 0.000659017 0.000668787 0.000735436 0.000818489 0.000874195 0.000937531
2 5.76589e-05 0.000216762 0.000313996 0.000455347 0.000803695 0.000800106 0.00111621 0.00137474 0.00126312 0.00156383 0.00173027 0.00188689 0.0028007 0.00214878 0.00355898 0.00280011
3 5.94045e-05 0.000258664 0.00035924 0.000563675 0.00124045 0.00114374 0.00181599 0.00246369 0.00214291 0.00283251 0.00326725 0.00355964 0.00584401 0.00429898 0.00784886 0.00605642
4 5.51631e-05 0.00025024 0.00035972 0.000569419 0.00142472 0.00132519 0.00234202 0.00338682 0.00307423 0.00436432 0.0053998 0.00587301 0.010281 0.00806524 0.0147563 0.0119001
5 4.66629e-05 0.000215318 0.000310885 0.000502591 0.0013963 0.00131655 0.00255745 0.00388644 0.00377774 0.00576148 0.00769626 0.00829411 0.0149365 0.0129994 0.0225745 0.0193963
6 4.03976e-05 0.000180599 0.0002593 0.00041844 0.00122052 0.00116447 0.00243696 0.00384149 0.00404625 0.00660872 0.00954547 0.0101403 0.0185537 0.0182033 0.029049 0.0267271
7 3.5859e-05 0.000152948 0.000220813 0.000345459 0.00100434 0.000956573 0.0021046 0.00340248 0.00388792 0.00677294 0.0105863 0.0110797 0.0204712 0.0229006 0.0327615 0.0323579
8 3.31363e-05 0.000135347 0.000197093 0.000297333 0.000828927 0.000774942 0.00174053 0.00285607 0.00349734 0.00646351 0.010929 0.0112724 0.0209595 0.0269305 0.0339106 0.0359034
9 3.17139e-05 0.000125687 0.000184166 0.000270551 0.00071268 0.00064849 0.00144516 0.00238488 0.00305499 0.00595143 0.0108666 0.0110533 0.0206561 0.0306187 0.0335994 0.0380931
10 3.10099e-05 0.00012076 0.000177575 0.000256845 0.000642168 0.000570039 0.00123382 0.00203393 0.00264849 0.00539667 0.0106104 0.0106523 0.0200001 0.0342782 0.0326285 0.0396147
11 3.06479e-05 0.000118191 0.000174236 0.000249865 0.000600243 0.000523914 0.00109052 0.00178672 0.00230277 0.00486547 0.0102619 0.0101757 0.0191925 0.0380652 0.0313509 0.0407546
12 3.04296e-05 0.00011673 0.000172415 0.000246036 0.000574761 0.000497056 0.000994645 0.0016152 0.0020186 0.00437774 0.00986167 0.00966566 0.0183138 0.0420415 0.0299127 0.0415751
13 3.02727e-05 0.000115745 0.000171266 0.000243619 0.000558431 0.000480984 0.000930043 0.00149489 0.00178863 0.00393898 0.00942888 0.00914178 0.0173952 0.0462331 0.0283756 0.0420632
14 3.0141e-05 0.000114954 0.000170407 0.000241812 0.000547059 0.000470702 0.000885616 0.00140886 0.00160406 0.00354826 0.00897155 0.00861185 0.0164576 0.0506411 0.0267792 0.0421951
15 3.00145e-05 0.000114221 0.000169645 0.000240228 0.000538249 0.000463384 0.000853844 0.00134534 0.00145611 0.00320251 0.00849485 0.00808027 0.0155096 0.0552761 0.0251553 0.0419678
16 2.98753e-05 0.000113458 0.000168838 0.000238615 0.000530522 0.000457425 0.000829541 0.0012957 0.00133728 0.00289726 0.00800088 0.00754912 0.0145553 0.0601168 0.0235261 0.0414547
17 2.97061e-05 0.000112594 0.00016786 0.000236775 0.000522882 0.000451755 0.000809181 0.00125395 0.00124069 0.00262729 0.00749047 0.00701887 0.0136014 0.0651329 0.0219118 0.0407436
18 2.9492e-05 0.000111548 0.000166605 0.000234548 0.000514635 0.000445665 0.000790313 0.00121594 0.00116051 0.0023876 0.00696382 0.00648885 0.0126482 0.0702549 0.0203331 0.0398709
19 2.92322e-05 0.000110304 0.000165049 0.000231897 0.000505507 0.000438861 0.000771613 0.00117936 0.00109227 0.00217437 0.00642465 0.00596324 0.0117007 0.0754012 0.0188122 0.0388805
20 2.89305e-05 0.000108875 0.000163206 0.000228852 0.000495495 0.000431298 0.00075251 0.00114314 0.00103291 0.00198428 0.00588048 0.00544645 0.0107688 0.0804944 0.0173613 0.0378012