1 5.34142e-05 0.000159594 0.000241029 0.000333287 0.000422105 0.000505196 0.000583419 0.00057184 0.000635813 0.000695057 0.000751208 0.000751633 0.00081082 0.00086917 0.000911451 0.000949195
2 6.40505e-05 0.000249068 0.000357241 0.000518178 0.000915182 0.000894508 0.00122442 0.00145205 0.00130954 0.00156638 0.00168869 0.00176795 0.00248637 0.00186405 0.00291236 0.00226529
3 6.42951e-05 0.000288053 0.000400944 0.000631664 0.00138733 0.00127836 0.00198978 0.00258281 0.00223321 0.00281986 0.00313919 0.0032322 0.00511198 0.00354158 0.0063341 0.00467005
4 5.77398e-05 0.000271324 0.000384322 0.00062343 0.0015579 0.00144193 0.00245126 0.00347572 0.00299703 0.00410236 0.00483044 0.00499998 0.00867469 0.00619063 0.0119473 0.00917281
5 5.40973e-05 0.000259557 0.000357128 0.000615141 0.0017512 0.00163139 0.00308018 0.00459477 0.00409732 0.00594582 0.00734822 0.00739296 0.013109 0.010125 0.0192068 0.015887
6 5.17566e-05 0.000240944 0.000342229 0.000575243 0.00171244 0.00166676 0.00337505 0.00511834 0.00503767 0.00772847 0.0103658 0.0105109 0.0196216 0.0169705 0.031357 0.0279553
7 4.68012e-05 0.000210044 0.000310422 0.000497156 0.00147676 0.00150863 0.0032079 0.00503003 0.00548146 0.00918955 0.0136168 0.0139164 0.0268862 0.0265658 0.0455316 0.0438344
8 3.78756e-05 0.000162169 0.0002484 0.000374752 0.00111441 0.00114092 0.00259951 0.00421086 0.0050627 0.009142 0.0148348 0.0151645 0.0299024 0.034358 0.0540927 0.0577393
9 3.15707e-05 0.000127967 0.000197683 0.000284803 0.000834198 0.000822036 0.00194331 0.00321107 0.00415454 0.00800999 0.0141318 0.014345 0.0287836 0.0390172 0.0617505 0.0730008
10 2.84385e-05 0.000112254 0.000165037 0.000241117 0.000656863 0.000613928 0.0014395 0.00239381 0.00322363 0.0064976 0.012314 0.012383 0.0270194 0.0416366 0.0681864 0.0891606
11 2.66363e-05 0.000102084 0.000149179 0.000215121 0.000538849 0.000481423 0.00107357 0.00181791 0.00239475 0.00504371 0.0103665 0.010649 0.025171 0.0435135 0.0729362 0.105359
12 2.4984e-05 9.37465e-05 0.000137673 0.000195797 0.000459425 0.000396363 0.000832532 0.00145669 0.00177567 0.00393561 0.008707 0.00913075 0.0232375 0.0446111 0.0757703 0.120865
13 2.35193e-05 8.67076e-05 0.000128219 0.000180416 0.000415684 0.000344788 0.000687532 0.00121805 0.00134382 0.00308475 0.00726901 0.00777976 0.0212414 0.0450829 0.0768482 0.135206
14 2.25285e-05 8.36444e-05 0.000120712 0.00017143 0.000388612 0.000318718 0.000598381 0.00105694 0.00104618 0.0024394 0.00603784 0.00659203 0.019243 0.0451301 0.0765979 0.14826
15 2.21659e-05 8.18144e-05 0.000116299 0.000166974 0.000370378 0.000304249 0.000542599 0.000946779 0.000846385 0.00196008 0.00500651 0.0055714 0.0173158 0.0448847 0.0754213 0.160056
16 2.18973e-05 8.04704e-05 0.000114347 0.000164019 0.00035744 0.000295353 0.000506892 0.000878482 0.000717916 0.00161119 0.00415894 0.00471368 0.0155154 0.0444276 0.073612 0.170708
17 2.1687e-05 7.94004e-05 0.000113062 0.000161874 0.00034788 0.000289356 0.000483414 0.000835952 0.000639882 0.0013617 0.00347135 0.00400428 0.0138721 0.0438149 0.0713745 0.180376
18 2.15261e-05 7.85679e-05 0.000112101 0.000160254 0.000340773 0.000285058 0.000468431 0.00080923 0.000593538 0.00118551 0.00291786 0.00342384 0.0123998 0.0430956 0.0688662 0.189228
19 2.14051e-05 7.79824e-05 0.000111462 0.000159045 0.000337328 0.000282034 0.000460513 0.000791649 0.000566258 0.00106237 0.00247548 0.00295294 0.0110964 0.0423023 0.0661998 0.197403
20 2.13318e-05 7.75513e-05 0.000110998 0.00015826 0.000335462 0.000279941 0.000456229 0.000779631 0.000550106 0.000976818 0.00212347 0.00257326 0.00995232 0.0414559 0.0634546 0.205