1 8.07886e-05 0.000238876 0.00035726 0.000488763 0.000607559 0.000723753 0.0008281 0.000799873 0.000876811 0.000937465 0.000987301 0.000950527 0.000984861 0.00104747 0.00109745 0.00113337
2 9.28108e-05 0.000374361 0.000559394 0.000798397 0.00140418 0.00141509 0.00192914 0.0022387 0.00205372 0.00240273 0.00255079 0.00253545 0.00341253 0.00249706 0.00375792 0.00280187
3 8.12373e-05 0.00039071 0.000582701 0.000919078 0.00202206 0.00199766 0.00307588 0.00383646 0.00343708 0.0041836 0.00450794 0.00421353 0.00579979 0.00390278 0.00652541 0.00460905
4 6.39618e-05 0.00032422 0.000492524 0.000820304 0.00210273 0.00215042 0.00362297 0.00461662 0.00428636 0.00552229 0.0062538 0.00572322 0.00869655 0.00586905 0.01086 0.00761521
5 5.27464e-05 0.000264099 0.000388632 0.000682787 0.00197499 0.00209567 0.00390126 0.00519205 0.00512563 0.00693969 0.00825982 0.00758199 0.0123241 0.00870505 0.016358 0.0117825
6 4.45982e-05 0.000210448 0.000308141 0.000531282 0.00163177 0.00179055 0.00362303 0.00497941 0.00532751 0.0076641 0.00983344 0.00890338 0.0146816 0.0110914 0.0193755 0.0144646
7 3.8458e-05 0.000169826 0.000249286 0.00040703 0.0012533 0.0013842 0.00298759 0.00422062 0.00491708 0.00758482 0.0105056 0.00928784 0.01509 0.012202 0.0187868 0.0145107
8 3.66276e-05 0.000152821 0.000224627 0.000347129 0.00102384 0.00109466 0.0024664 0.0035764 0.00447929 0.00737136 0.0110622 0.00959482 0.0153664 0.0132368 0.0178417 0.0142458
9 3.58792e-05 0.000145316 0.00021418 0.000319076 0.000888295 0.000902662 0.00207131 0.00307401 0.00406882 0.00709856 0.0115725 0.00990067 0.0156701 0.0143276 0.0168545 0.0139114
10 3.53797e-05 0.000141196 0.000208634 0.000304538 0.000804557 0.000776991 0.00177527 0.00268502 0.00368545 0.00677573 0.0120167 0.0101883 0.0159742 0.0154622 0.015816 0.0134995
11 3.49668e-05 0.00013842 0.000205136 0.000295894 0.000750709 0.000695548 0.00155684 0.00238696 0.00333459 0.00641901 0.0123904 0.0104541 0.0162761 0.0166423 0.0148308 0.0130316
12 3.46087e-05 0.000136212 0.000202308 0.000289893 0.000713319 0.000641791 0.00139351 0.00215683 0.00301328 0.00603663 0.0126792 0.0106844 0.0165549 0.0178513 0.0139571 0.0125118
13 3.42408e-05 0.000134154 0.00019984 0.000284786 0.000685481 0.000605071 0.00127129 0.00197633 0.00272082 0.00563715 0.0128713 0.0108681 0.0167959 0.0190751 0.0131787 0.012031
14 3.38844e-05 0.000132224 0.000197346 0.000280214 0.000662591 0.000578384 0.00117718 0.0018326 0.00245588 0.00522847 0.0129564 0.0109939 0.0169849 0.0202987 0.0124826 0.0115843
15 3.3535e-05 0.000130321 0.000194924 0.000275857 0.0006432 0.000557874 0.00110397 0.00171569 0.00221857 0.00482071 0.0129357 0.0110604 0.0171255 0.0215278 0.0118617 0.0111716
16 3.31758e-05 0.000128497 0.000192629 0.000271648 0.000625779 0.000541308 0.0010453 0.00161948 0.00200788 0.00442317 0.0128132 0.0110671 0.0172216 0.022771 0.0113097 0.010793
17 3.28456e-05 0.000126738 0.000190308 0.000267669 0.000609808 0.000526985 0.000997043 0.00153826 0.00182351 0.0040486 0.0125995 0.0110142 0.0172761 0.0240389 0.0108208 0.010448
18 3.25025e-05 0.000124932 0.000187932 0.000263654 0.000594816 0.000514176 0.000956254 0.0014677 0.00166266 0.00370202 0.0123021 0.0109003 0.0172869 0.0253346 0.0103883 0.0101346
19 3.21397e-05 0.000123167 0.000185638 0.000259637 0.000580316 0.000502303 0.000920458 0.00140581 0.00152256 0.00338539 0.0119299 0.0107262 0.0172529 0.0266633 0.0100066 0.00985106
20 3.17878e-05 0.0001214 0.000183259 0.000255718 0.000566333 0.000490868 0.00088827 0.00135034 0.00140139 0.00309919 0.0114972 0.0104945 0.0171722 0.0280304 0.00967025 0.00959533