1 5.73959e-05 0.000171405 0.000258739 0.000357919 0.000454032 0.000545292 0.000632767 0.000623613 0.000694982 0.000762724 0.000826637 0.000827185 0.00089161 0.000951321 0.00101321 0.00107471
2 7.19762e-05 0.00028227 0.000410703 0.000601023 0.00107586 0.00107671 0.00150276 0.00181422 0.00167475 0.0020352 0.00223245 0.00235257 0.00334048 0.00253535 0.00402886 0.00317202
3 6.62205e-05 0.000301172 0.000430799 0.000677382 0.00149496 0.00141784 0.00221543 0.00286183 0.00253595 0.00321178 0.00376727 0.0040772 0.00666858 0.00482807 0.00864581 0.00642797
4 5.79972e-05 0.000274158 0.000399701 0.000643681 0.00161524 0.00154098 0.00261547 0.00346 0.00314298 0.00406822 0.004878 0.0051579 0.00875325 0.00668214 0.0120779 0.0087634
5 4.85776e-05 0.000225628 0.000335194 0.000535273 0.00144421 0.00140476 0.00253665 0.00338329 0.00324965 0.00437525 0.00555147 0.00578565 0.0101229 0.00827386 0.0146633 0.010393
6 4.26404e-05 0.000191298 0.000279978 0.000446423 0.00126045 0.00123336 0.00237999 0.00326337 0.0033125 0.00462762 0.0061444 0.00610812 0.0114744 0.00957321 0.0173654 0.0120138
7 4.10605e-05 0.000176476 0.000257418 0.000399997 0.00113176 0.00109787 0.00222424 0.00311945 0.00334064 0.00483433 0.00671961 0.00652536 0.013101 0.0111362 0.0206254 0.0139952
8 4.0289e-05 0.000168595 0.000246989 0.000373857 0.00103591 0.00098908 0.00206624 0.00295767 0.00332388 0.00499952 0.00738034 0.00718074 0.0152712 0.0133205 0.0248489 0.016655
9 3.93664e-05 0.000161911 0.000239461 0.000354298 0.000954867 0.000893366 0.00193162 0.0029233 0.00333165 0.00535733 0.00840343 0.00817076 0.0182499 0.0164776 0.0304209 0.0203174
10 3.75416e-05 0.000154783 0.000228028 0.000335602 0.000925912 0.000836229 0.00187063 0.00295673 0.00342819 0.00587706 0.00981929 0.00951779 0.0221127 0.0207927 0.0372618 0.0249033
11 3.68915e-05 0.000152224 0.000217119 0.000327671 0.000904122 0.000796985 0.00181572 0.00296498 0.0035172 0.00641568 0.0114492 0.0110301 0.0263724 0.0258357 0.0446488 0.0306797
12 3.57202e-05 0.00014662 0.000207879 0.000314447 0.000860518 0.000746886 0.0017134 0.00286728 0.00349053 0.00676852 0.0129321 0.0123376 0.0300464 0.030543 0.052036 0.03694
13 3.38505e-05 0.00013767 0.000195558 0.000294108 0.000792759 0.000680193 0.00155549 0.00265098 0.00330311 0.00680014 0.0139284 0.0131228 0.0323007 0.0339516 0.0579933 0.0423478
14 3.20631e-05 0.0001286 0.000183366 0.000273229 0.000719945 0.000611411 0.00137761 0.0023777 0.00300158 0.00654249 0.0143711 0.013362 0.0331226 0.0359842 0.0619884 0.0463722
15 3.07708e-05 0.000121609 0.000174064 0.000256811 0.00065788 0.00055371 0.00121585 0.00211262 0.00266106 0.00611114 0.0143904 0.0132174 0.0329892 0.0371205 0.0645638 0.0494524
16 2.99002e-05 0.000116728 0.000167637 0.000245259 0.000610464 0.000510549 0.00108437 0.0018857 0.00233118 0.00559987 0.01412 0.0128393 0.0323153 0.0377999 0.0663581 0.0521512
17 2.92821e-05 0.000113284 0.000163155 0.000237131 0.000575054 0.00047952 0.000982506 0.00170201 0.00203385 0.00506394 0.0136428 0.0123113 0.0313306 0.0382796 0.0677697 0.0548424
18 2.87731e-05 0.000110572 0.000159665 0.000230933 0.000548084 0.000456679 0.000904078 0.00155475 0.00177498 0.00453103 0.0130007 0.0116737 0.0301313 0.0386709 0.0689704 0.0577262
19 2.83208e-05 0.000108254 0.000156638 0.000225667 0.000526222 0.000438981 0.000842637 0.00143512 0.00155429 0.00401612 0.0122192 0.0109473 0.028749 0.0390165 0.0700192 0.0609149
20 2.78746e-05 0.000106058 0.000153737 0.000220837 0.000507235 0.00042413 0.000792847 0.00133584 0.00136793 0.00352887 0.0113182 0.0101437 0.0271965 0.0393178 0.0709185 0.0644912