t(s)	a(g)
0	-0.00008
0.01	-0.00007
0.02	0.00279
0.03	0.00282
0.04	0.00288
0.05	0.00291
0.06	0.00294
0.07	0.00300
0.08	0.00305
0.09	0.00308
0.1	0.00313
0.11	0.00318
0.12	0.00323
0.13	0.00327
0.14	0.00330
0.15	0.00335
0.16	0.00341
0.17	0.00345
0.18	0.00348
0.19	0.00353
0.2	0.00358
0.21	0.00362
0.22	0.00368
0.23	0.00374
0.24	0.00379
0.25	0.00386
0.26	0.00393
0.27	0.00404
0.28	0.00412
0.29	0.00425
0.3	0.00429
0.31	0.00425
0.32	0.00412
0.33	0.00399
0.34	0.00388
0.35	0.00386
0.36	0.00396
0.37	0.00407
0.38	0.00412
0.39	0.00411
0.4	0.00402
0.41	0.00392
0.42	0.00385
0.43	0.00401
0.44	0.00451
0.45	0.00521
0.46	0.00587
0.47	0.00616
0.48	0.00602
0.49	0.00578
0.5	0.00567
0.51	0.00561
0.52	0.00539
0.53	0.00508
0.54	0.00470
0.55	0.00448
0.56	0.00480
0.57	0.00542
0.58	0.00604
0.59	0.00651
0.6	0.00676
0.61	0.00692
0.62	0.00709
0.63	0.00736
0.64	0.00764
0.65	0.00783
0.66	0.00755
0.67	0.00667
0.68	0.00558
0.69	0.00451
0.7	0.00341
0.71	0.00212
0.72	0.00079
0.73	0.00081
0.74	0.00282
0.75	0.00554
0.76	0.00800
0.77	0.01004
0.78	0.01174
0.79	0.01320
0.8	0.01321
0.81	0.01178
0.82	0.01004
0.83	0.00856
0.84	0.00710
0.85	0.00531
0.86	0.00314
0.87	-0.00056
0.88	-0.00679
0.89	-0.01253
0.9	-0.01151
0.91	-0.00505
0.92	0.00151
0.93	0.00641
0.94	0.01115
0.95	0.01720
0.96	0.02392
0.97	0.02406
0.98	0.01343
0.99	-0.00133
1	-0.01437
1.01	-0.02047
1.02	-0.01525
1.03	-0.00585
1.04	0.00137
1.05	0.00676
1.06	0.01012
1.07	0.00852
1.08	0.00437
1.09	0.00070
1.1	-0.00206
1.11	-0.00288
1.12	-0.00027
1.13	0.00376
1.14	0.00728
1.15	0.01036
1.16	0.01348
1.17	0.01461
1.18	0.01314
1.19	0.01100
1.2	0.00942
1.21	0.00817
1.22	0.00663
1.23	0.00466
1.24	0.00258
1.25	0.00180
1.26	0.00377
1.27	0.00694
1.28	0.00959
1.29	0.00968
1.3	0.00624
1.31	0.00172
1.32	-0.00202
1.33	-0.00412
1.34	-0.00324
1.35	-0.00080
1.36	0.00132
1.37	0.00244
1.38	0.00079
1.39	-0.00321
1.4	-0.00732
1.41	-0.00976
1.42	-0.00736
1.43	-0.00140
1.44	0.00448
1.45	0.00864
1.46	0.00705
1.47	-0.00097
1.48	-0.01040
1.49	-0.01830
1.5	-0.02551
1.51	-0.03364
1.52	-0.04284
1.53	-0.05239
1.54	-0.06166
1.55	-0.06275
1.56	-0.04623
1.57	-0.02175
1.58	0.00008
1.59	0.01869
1.6	0.03450
1.61	0.03485
1.62	0.02126
1.63	0.00658
1.64	0.00002
1.65	0.00181
1.66	0.00431
1.67	0.00316
1.68	-0.00231
1.69	-0.00937
1.7	-0.01532
1.71	-0.01911
1.72	-0.01741
1.73	-0.01162
1.74	-0.00590
1.75	-0.00150
1.76	0.00277
1.77	0.00802
1.78	0.01633
1.79	0.02895
1.8	0.04308
1.81	0.05646
1.82	0.06777
1.83	0.06672
1.84	0.05237
1.85	0.03562
1.86	0.02239
1.87	0.01061
1.88	-0.00290
1.89	-0.01841
1.9	-0.03263
1.91	-0.04206
1.92	-0.04891
1.93	-0.05646
1.94	-0.06530
1.95	-0.07001
1.96	-0.06157
1.97	-0.04491
1.98	-0.02909
1.99	-0.01631
2	-0.00365
2.01	0.01090
2.02	0.02672
2.03	0.04256
2.04	0.05791
2.05	0.07141
2.06	0.07866
2.07	0.08139
2.08	0.07916
2.09	0.06319
2.1	0.03788
2.11	0.01267
2.12	-0.00981
2.13	-0.02992
2.14	-0.03295
2.15	-0.01675
2.16	0.00329
2.17	0.01835
2.18	0.02564
2.19	0.01543
2.2	-0.00554
2.21	-0.01490
2.22	-0.00436
2.23	0.01149
2.24	0.02147
2.25	0.02577
2.26	0.02038
2.27	0.00760
2.28	-0.00523
2.29	-0.01585
2.3	-0.02626
2.31	-0.03822
2.32	-0.05128
2.33	-0.06433
2.34	-0.07687
2.35	-0.08457
2.36	-0.07535
2.37	-0.05398
2.38	-0.03296
2.39	-0.01609
2.4	0.00019
2.41	0.01851
2.42	0.03628
2.43	0.05179
2.44	0.05800
2.45	0.04634
2.46	0.02499
2.47	0.00028
2.48	-0.02504
2.49	-0.04934
2.5	-0.05749
2.51	-0.04122
2.52	-0.01718
2.53	0.00124
2.54	0.01109
2.55	0.01599
2.56	0.02209
2.57	0.03067
2.58	0.03947
2.59	0.04683
2.6	0.04674
2.61	0.03267
2.62	0.01290
2.63	-0.00431
2.64	-0.01878
2.65	-0.03321
2.66	-0.04108
2.67	-0.03733
2.68	-0.02915
2.69	-0.02300
2.7	-0.01880
2.71	-0.01399
2.72	-0.00760
2.73	0.00017
2.74	0.01159
2.75	0.02590
2.76	0.04023
2.77	0.05355
2.78	0.06221
2.79	0.06039
2.8	0.05310
2.81	0.04814
2.82	0.05082
2.83	0.05781
2.84	0.06144
2.85	0.04376
2.86	0.00213
2.87	-0.04166
2.88	-0.05710
2.89	-0.04567
2.9	-0.03354
2.91	-0.04129
2.92	-0.06754
2.93	-0.09449
2.94	-0.11391
2.95	-0.13009
2.96	-0.14046
2.97	-0.12432
2.98	-0.08735
2.99	-0.04953
3	-0.01778
3.01	0.01300
3.02	0.04000
3.03	0.03404
3.04	-0.00107
3.05	-0.03789
3.06	-0.04278
3.07	0.00395
3.08	0.06757
3.09	0.11867
3.1	0.15645
3.11	0.15978
3.12	0.11524
3.13	0.05537
3.14	0.01061
3.15	0.00104
3.16	0.01045
3.17	0.01340
3.18	0.00598
3.19	-0.00226
3.2	-0.00641
3.21	-0.02204
3.22	-0.06377
3.23	-0.11682
3.24	-0.16477
3.25	-0.19596
3.26	-0.20752
3.27	-0.21416
3.28	-0.22507
3.29	-0.23772
3.3	-0.24433
3.31	-0.22410
3.32	-0.17754
3.33	-0.12652
3.34	-0.08174
3.35	-0.04212
3.36	-0.02504
3.37	-0.03224
3.38	-0.04337
3.39	-0.04554
3.4	-0.02702
3.41	0.00735
3.42	0.04108
3.43	0.06812
3.44	0.09285
3.45	0.11918
3.46	0.14231
3.47	0.14425
3.48	0.12744
3.49	0.10812
3.5	0.09289
3.51	0.07811
3.52	0.05977
3.53	0.03722
3.54	-0.00721
3.55	-0.07062
3.56	-0.08366
3.57	-0.04384
3.58	-0.00218
3.59	0.01232
3.6	0.01409
3.61	0.02420
3.62	0.04524
3.63	0.06862
3.64	0.07921
3.65	0.05275
3.66	0.00269
3.67	-0.04359
3.68	-0.07930
3.69	-0.10002
3.7	-0.07832
3.71	-0.02625
3.72	0.02514
3.73	0.06568
3.74	0.08694
3.75	0.08212
3.76	0.06890
3.77	0.06047
3.78	0.05498
3.79	0.04626
3.8	0.03307
3.81	0.01460
3.82	-0.01994
3.83	-0.06765
3.84	-0.11220
3.85	-0.11795
3.86	-0.08519
3.87	-0.04830
3.88	-0.02385
3.89	-0.00782
3.9	-0.01604
3.91	-0.04997
3.92	-0.07940
3.93	-0.05938
3.94	-0.00155
3.95	0.05466
3.96	0.09634
3.97	0.11485
3.98	0.09694
3.99	0.06597
4	0.04263
4.01	0.02585
4.02	0.01279
4.03	0.00764
4.04	0.00650
4.05	0.00471
4.06	0.00182
4.07	-0.00064
4.08	-0.00220
4.09	-0.00351
4.1	-0.00527
4.11	-0.00754
4.12	-0.00667
4.13	0.02718
4.14	0.10217
4.15	0.18516
4.16	0.21966
4.17	0.18100
4.18	0.12073
4.19	0.07881
4.2	0.05058
4.21	0.01722
4.22	-0.02641
4.23	-0.07321
4.24	-0.11693
4.25	-0.15127
4.26	-0.13852
4.27	-0.08361
4.28	-0.02998
4.29	-0.00540
4.3	0.00376
4.31	0.01942
4.32	0.04470
4.33	0.07091
4.34	0.09269
4.35	0.11151
4.36	0.11482
4.37	0.08500
4.38	0.04066
4.39	0.00177
4.4	-0.03055
4.41	-0.06391
4.42	-0.09349
4.43	-0.09573
4.44	-0.07614
4.45	-0.05604
4.46	-0.04311
4.47	-0.03195
4.48	-0.01747
4.49	-0.00016
4.5	0.01366
4.51	0.01003
4.52	-0.00740
4.53	-0.02489
4.54	-0.03074
4.55	-0.01549
4.56	0.00978
4.57	0.03161
4.58	0.04372
4.59	0.03206
4.6	0.00356
4.61	-0.02360
4.62	-0.03473
4.63	-0.02736
4.64	-0.01656
4.65	-0.01156
4.66	-0.01335
4.67	-0.04107
4.68	-0.07775
4.69	-0.07488
4.7	-0.03950
4.71	-0.00533
4.72	0.01575
4.73	0.02162
4.74	0.00457
4.75	-0.02235
4.76	-0.04553
4.77	-0.05795
4.78	-0.04766
4.79	-0.02352
4.8	-0.00125
4.81	0.01577
4.82	0.02685
4.83	0.01324
4.84	-0.02137
4.85	-0.05746
4.86	-0.08451
4.87	-0.08732
4.88	-0.07237
4.89	-0.05868
4.9	-0.05195
4.91	-0.04640
4.92	-0.03711
4.93	-0.01265
4.94	0.03841
4.95	0.08270
4.96	0.07918
4.97	0.04912
4.98	0.02726
4.99	0.01975
5	0.01432
5.01	0.00285
5.02	-0.01166
5.03	-0.00435
5.04	0.04185
5.05	0.10106
5.06	0.14979
5.07	0.18799
5.08	0.22505
5.09	0.24392
5.1	0.21138
5.11	0.14949
5.12	0.09315
5.13	0.05950
5.14	0.04387
5.15	0.02970
5.16	0.00990
5.17	-0.02360
5.18	-0.06729
5.19	-0.10838
5.2	-0.14318
5.21	-0.17656
5.22	-0.20762
5.23	-0.18901
5.24	-0.10626
5.25	-0.00927
5.26	0.06874
5.27	0.13184
5.28	0.16823
5.29	0.16772
5.3	0.15644
5.31	0.15472
5.32	0.16147
5.33	0.16868
5.34	0.16988
5.35	0.13726
5.36	0.06958
5.37	-0.00459
5.38	-0.07217
5.39	-0.13577
5.4	-0.15890
5.41	-0.12962
5.42	-0.09193
5.43	-0.07370
5.44	-0.06729
5.45	-0.06955
5.46	-0.09496
5.47	-0.13036
5.48	-0.15573
5.49	-0.16566
5.5	-0.16433
5.51	-0.15129
5.52	-0.12338
5.53	-0.08537
5.54	-0.04423
5.55	-0.00439
5.56	0.03164
5.57	0.06124
5.58	0.08164
5.59	0.09088
5.6	0.08849
5.61	0.07533
5.62	0.05463
5.63	0.04436
5.64	0.05539
5.65	0.07379
5.66	0.08930
5.67	0.09249
5.68	0.06570
5.69	0.02639
5.7	-0.00060
5.71	-0.01181
5.72	-0.01683
5.73	-0.02197
5.74	-0.02691
5.75	-0.04015
5.76	-0.07443
5.77	-0.11744
5.78	-0.12869
5.79	-0.09305
5.8	-0.04761
5.81	-0.01914
5.82	-0.00334
5.83	0.01338
5.84	0.03504
5.85	0.05751
5.86	0.07739
5.87	0.09544
5.88	0.10721
5.89	0.08732
5.9	0.04171
5.91	-0.00349
5.92	-0.03852
5.93	-0.07000
5.94	-0.09146
5.95	-0.06846
5.96	-0.01124
5.97	0.04643
5.98	0.09297
5.99	0.13676
6	0.16912
6.01	0.16466
6.02	0.13822
6.03	0.11438
6.04	0.09802
6.05	0.08151
6.06	0.06007
6.07	0.03565
6.08	0.01179
6.09	-0.00623
6.1	-0.00298
6.11	0.01677
6.12	0.03657
6.13	0.05068
6.14	0.05012
6.15	0.01323
6.16	-0.04177
6.17	-0.05866
6.18	-0.02365
6.19	0.02231
6.2	0.04988
6.21	0.03290
6.22	-0.03123
6.23	-0.10404
6.24	-0.15887
6.25	-0.16802
6.26	-0.14056
6.27	-0.11267
6.28	-0.09753
6.29	-0.08544
6.3	-0.08272
6.31	-0.11357
6.32	-0.16467
6.33	-0.19855
6.34	-0.17228
6.35	-0.10810
6.36	-0.04957
6.37	-0.00673
6.38	0.03017
6.39	0.03899
6.4	0.01437
6.41	-0.01764
6.42	-0.04165
6.43	-0.06152
6.44	-0.08474
6.45	-0.11213
6.46	-0.14012
6.47	-0.16640
6.48	-0.17992
6.49	-0.13824
6.5	-0.05207
6.51	0.02338
6.52	0.04962
6.53	0.05101
6.54	0.06212
6.55	0.08721
6.56	0.10952
6.57	0.10899
6.58	0.09152
6.59	0.07485
6.6	0.06608
6.61	0.07138
6.62	0.08920
6.63	0.10829
6.64	0.12349
6.65	0.13738
6.66	0.14765
6.67	0.14012
6.68	0.11870
6.69	0.09700
6.7	0.07963
6.71	0.06309
6.72	0.04422
6.73	0.02537
6.74	0.02239
6.75	0.03724
6.76	0.05519
6.77	0.06806
6.78	0.07825
6.79	0.09017
6.8	0.10428
6.81	0.11668
6.82	0.10813
6.83	0.07391
6.84	0.03365
6.85	-0.00023
6.86	-0.03031
6.87	-0.05971
6.88	-0.08179
6.89	-0.09700
6.9	-0.11142
6.91	-0.12768
6.92	-0.14442
6.93	-0.15067
6.94	-0.12145
6.95	-0.06757
6.96	-0.01509
6.97	0.02855
6.98	0.07075
6.99	0.11746
7	0.15180
7.01	0.12947
7.02	0.06537
7.03	0.00230
7.04	-0.04604
7.05	-0.08648
7.06	-0.09374
7.07	-0.06338
7.08	-0.02529
7.09	0.00359
7.1	0.01723
7.11	0.00823
7.12	-0.00986
7.13	-0.02367
7.14	-0.02940
7.15	-0.02232
7.16	-0.00825
7.17	0.00430
7.18	0.01087
7.19	0.00798
7.2	0.00099
7.21	-0.00417
7.22	-0.00689
7.23	-0.00505
7.24	0.00263
7.25	0.01205
7.26	0.02027
7.27	0.02779
7.28	0.03590
7.29	0.04478
7.3	0.04684
7.31	0.03132
7.32	0.00659
7.33	-0.01594
7.34	-0.03460
7.35	-0.05160
7.36	-0.05364
7.37	-0.03538
7.38	-0.01150
7.39	0.00773
7.4	0.02044
7.41	0.00614
7.42	-0.03617
7.43	-0.08303
7.44	-0.11711
7.45	-0.10922
7.46	-0.06882
7.47	-0.03072
7.48	-0.01763
7.49	-0.02130
7.5	-0.02165
7.51	-0.01360
7.52	-0.00402
7.53	0.00166
7.54	0.00410
7.55	0.00078
7.56	-0.01157
7.57	-0.02726
7.58	-0.04138
7.59	-0.05403
7.6	-0.05761
7.61	-0.03427
7.62	0.00591
7.63	0.04414
7.64	0.07611
7.65	0.10750
7.66	0.13593
7.67	0.15071
7.68	0.15682
7.69	0.16368
7.7	0.17019
7.71	0.14389
7.72	0.07467
7.73	-0.00567
7.74	-0.07549
7.75	-0.13177
7.76	-0.13536
7.77	-0.08458
7.78	-0.02507
7.79	0.01960
7.8	0.05798
7.81	0.09118
7.82	0.09737
7.83	0.08342
7.84	0.06939
7.85	0.06158
7.86	0.05484
7.87	0.04610
7.88	0.04620
7.89	0.05856
7.9	0.07426
7.91	0.08720
7.92	0.09486
7.93	0.07817
7.94	0.03956
7.95	-0.00064
7.96	-0.03313
7.97	-0.05267
7.98	-0.05941
7.99	-0.06406
8	-0.07233
8.01	-0.08353
8.02	-0.10044
8.03	-0.12159
8.04	-0.14265
8.05	-0.15004
8.06	-0.11281
8.07	-0.04472
8.08	0.02154
8.09	0.07499
8.1	0.09313
8.11	0.05775
8.12	0.00420
8.13	-0.03656
8.14	-0.04634
8.15	-0.02732
8.16	-0.00536
8.17	0.00714
8.18	0.01421
8.19	0.00522
8.2	-0.02480
8.21	-0.06066
8.22	-0.09199
8.23	-0.12059
8.24	-0.14969
8.25	-0.16351
8.26	-0.15139
8.27	-0.13003
8.28	-0.11376
8.29	-0.10205
8.3	-0.08887
8.31	-0.07237
8.32	-0.05468
8.33	-0.03790
8.34	-0.02209
8.35	-0.00634
8.36	0.00991
8.37	0.02640
8.38	0.04282
8.39	0.05401
8.4	0.04060
8.41	0.00719
8.42	-0.02672
8.43	-0.05395
8.44	-0.07329
8.45	-0.06633
8.46	-0.03804
8.47	-0.00899
8.48	0.01333
8.49	0.03417
8.5	0.05609
8.51	0.05113
8.52	0.00240
8.53	-0.06105
8.54	-0.08898
8.55	-0.05217
8.56	0.00687
8.57	0.05039
8.58	0.08042
8.59	0.10998
8.6	0.11191
8.61	0.07133
8.62	0.02081
8.63	0.00684
8.64	0.02538
8.65	0.04319
8.66	0.04744
8.67	0.04666
8.68	0.03912
8.69	0.01572
8.7	-0.01531
8.71	-0.04454
8.72	-0.07113
8.73	-0.09829
8.74	-0.11897
8.75	-0.11014
8.76	-0.07923
8.77	-0.04854
8.78	-0.02533
8.79	-0.00359
8.8	0.02192
8.81	0.04574
8.82	0.04686
8.83	0.02824
8.84	0.00862
8.85	-0.00437
8.86	-0.01235
8.87	-0.00963
8.88	0.00150
8.89	0.01303
8.9	0.02227
8.91	0.02645
8.92	0.02167
8.93	0.01352
8.94	0.00717
8.95	0.00252
8.96	-0.00256
8.97	-0.00885
8.98	-0.01553
8.99	-0.02186
9	-0.02781
9.01	-0.03375
9.02	-0.03991
9.03	-0.04619
9.04	-0.04660
9.05	-0.02990
9.06	-0.00276
9.07	0.02291
9.08	0.04441
9.09	0.06554
9.1	0.08864
9.11	0.09976
9.12	0.08198
9.13	0.05096
9.14	0.02452
9.15	0.00400
9.16	-0.01702
9.17	-0.02570
9.18	-0.00168
9.19	0.03810
9.2	0.07320
9.21	0.10151
9.22	0.12431
9.23	0.13812
9.24	0.14819
9.25	0.15957
9.26	0.17211
9.27	0.18370
9.28	0.18357
9.29	0.16067
9.3	0.12826
9.31	0.09968
9.32	0.07525
9.33	0.04961
9.34	0.01907
9.35	-0.02799
9.36	-0.09309
9.37	-0.13965
9.38	-0.11626
9.39	-0.05054
9.4	0.00636
9.41	0.02607
9.42	0.01583
9.43	0.00604
9.44	0.00849
9.45	0.01475
9.46	0.01593
9.47	-0.00394
9.48	-0.06427
9.49	-0.14312
9.5	-0.21501
9.51	-0.27733
9.52	-0.30864
9.53	-0.26782
9.54	-0.18925
9.55	-0.13023
9.56	-0.10639
9.57	-0.08871
9.58	-0.05687
9.59	-0.01559
9.6	0.02344
9.61	0.05482
9.62	0.06662
9.63	0.06095
9.64	0.05361
9.65	0.05232
9.66	0.06367
9.67	0.08863
9.68	0.11544
9.69	0.11751
9.7	0.07374
9.71	0.01306
9.72	-0.01594
9.73	0.00428
9.74	0.03678
9.75	0.05386
9.76	0.04988
9.77	0.02429
9.78	-0.00732
9.79	-0.03404
9.8	-0.05722
9.81	-0.07668
9.82	-0.09158
9.83	-0.10462
9.84	-0.11722
9.85	-0.12504
9.86	-0.12421
9.87	-0.11885
9.88	-0.11689
9.89	-0.12419
9.9	-0.13480
9.91	-0.14211
9.92	-0.14614
9.93	-0.14985
9.94	-0.15319
9.95	-0.13620
9.96	-0.08824
9.97	-0.03066
9.98	0.01948
9.99	0.06344
10	0.10862
10.01	0.15730
10.02	0.20519
10.03	0.21898
10.04	0.17404
10.05	0.10747
10.06	0.05254
10.07	0.00851
10.08	-0.03849
10.09	-0.09321
10.1	-0.12275
10.11	-0.08972
10.12	-0.02855
10.13	0.02161
10.14	0.05763
10.15	0.09422
10.16	0.13846
10.17	0.18044
10.18	0.19249
10.19	0.17924
10.2	0.16567
10.21	0.16174
10.22	0.16437
10.23	0.17722
10.24	0.19788
10.25	0.21898
10.26	0.23777
10.27	0.25545
10.28	0.27274
10.29	0.28664
10.3	0.27299
10.31	0.21967
10.32	0.15173
10.33	0.08896
10.34	0.02997
10.35	-0.03332
10.36	-0.10119
10.37	-0.14362
10.38	-0.13622
10.39	-0.10813
10.4	-0.08734
10.41	-0.07370
10.42	-0.05534
10.43	-0.03044
10.44	-0.02653
10.45	-0.05455
10.46	-0.09018
10.47	-0.11572
10.48	-0.13369
10.49	-0.15243
10.5	-0.16908
10.51	-0.17299
10.52	-0.16779
10.53	-0.16212
10.54	-0.15856
10.55	-0.15478
10.56	-0.14895
10.57	-0.14148
10.58	-0.13356
10.59	-0.12564
10.6	-0.11529
10.61	-0.09390
10.62	-0.06341
10.63	-0.03273
10.64	-0.00522
10.65	0.01906
10.66	0.03438
10.67	0.04222
10.68	0.04896
10.69	0.05676
10.7	0.06390
10.71	0.06870
10.72	0.07211
10.73	0.07972
10.74	0.09146
10.75	0.10245
10.76	0.11038
10.77	0.10907
10.78	0.08613
10.79	0.04983
10.8	0.01421
10.81	-0.01407
10.82	-0.01604
10.83	0.00363
10.84	0.02336
10.85	0.03194
10.86	0.02210
10.87	0.00244
10.88	-0.01436
10.89	-0.02644
10.9	-0.03832
10.91	-0.05677
10.92	-0.08696
10.93	-0.12161
10.94	-0.15305
10.95	-0.16667
10.96	-0.14443
10.97	-0.10463
10.98	-0.06938
10.99	-0.04153
11	-0.01887
11.01	0.00074
11.02	0.02094
11.03	0.04237
11.04	0.06218
11.05	0.06286
11.06	0.03635
11.07	0.00149
11.08	-0.02755
11.09	-0.05028
11.1	-0.04824
11.11	-0.01038
11.12	0.03834
11.13	0.07859
11.14	0.09947
11.15	0.09029
11.16	0.06856
11.17	0.05169
11.18	0.03977
11.19	0.02580
11.2	0.00724
11.21	-0.01321
11.22	-0.03283
11.23	-0.05132
11.24	-0.06970
11.25	-0.08570
11.26	-0.08065
11.27	-0.05564
11.28	-0.02843
11.29	-0.00688
11.3	0.01298
11.31	0.03179
11.32	0.01872
11.33	-0.03111
11.34	-0.08763
11.35	-0.12848
11.36	-0.12123
11.37	-0.07181
11.38	-0.01882
11.39	0.01843
11.4	0.02963
11.41	0.02681
11.42	0.02866
11.43	0.03790
11.44	0.04740
11.45	0.04639
11.46	0.01914
11.47	-0.02442
11.48	-0.06560
11.49	-0.10010
11.5	-0.13386
11.51	-0.16061
11.52	-0.15210
11.53	-0.11647
11.54	-0.08096
11.55	-0.05480
11.56	-0.03166
11.57	-0.01071
11.58	0.00558
11.59	0.01926
11.6	0.03257
11.61	0.04563
11.62	0.05829
11.63	0.07577
11.64	0.10120
11.65	0.12887
11.66	0.15413
11.67	0.17731
11.68	0.19645
11.69	0.18661
11.7	0.14926
11.71	0.10876
11.72	0.07607
11.73	0.04596
11.74	0.01203
11.75	-0.02561
11.76	-0.05090
11.77	-0.04329
11.78	-0.01852
11.79	0.00201
11.8	0.01518
11.81	0.02568
11.82	0.01996
11.83	-0.00232
11.84	-0.02686
11.85	-0.04664
11.86	-0.06452
11.87	-0.08384
11.88	-0.09730
11.89	-0.09704
11.9	-0.09050
11.91	-0.08576
11.92	-0.08338
11.93	-0.08034
11.94	-0.07533
11.95	-0.06923
11.96	-0.06323
11.97	-0.05654
11.98	-0.04691
11.99	-0.03514
12	-0.02321
12.01	-0.01177
12.02	-0.00128
12.03	0.00147
12.04	-0.00414
12.05	-0.01120
12.06	-0.01584
12.07	-0.01933
12.08	-0.02372
12.09	-0.02916
12.1	-0.02893
12.11	-0.01391
12.12	0.00890
12.13	0.02978
12.14	0.04405
12.15	0.04283
12.16	0.03083
12.17	0.01944
12.18	0.01175
12.19	0.00508
12.2	0.00470
12.21	0.01519
12.22	0.02969
12.23	0.04211
12.24	0.05255
12.25	0.05580
12.26	0.03788
12.27	0.00657
12.28	-0.02343
12.29	-0.04868
12.3	-0.07049
12.31	-0.06888
12.32	-0.04105
12.33	-0.00818
12.34	0.01779
12.35	0.04038
12.36	0.06576
12.37	0.09453
12.38	0.12384
12.39	0.15182
12.4	0.17890
12.41	0.20517
12.42	0.21273
12.43	0.18664
12.44	0.14773
12.45	0.11526
12.46	0.08913
12.47	0.06445
12.48	0.04626
12.49	0.03410
12.5	0.02278
12.51	0.01014
12.52	-0.00279
12.53	-0.01490
12.54	-0.02628
12.55	-0.03766
12.56	-0.04698
12.57	-0.04506
12.58	-0.03378
12.59	-0.02212
12.6	-0.01350
12.61	-0.00569
12.62	0.00352
12.63	0.01398
12.64	0.02445
12.65	0.03436
12.66	0.04399
12.67	0.05376
12.68	0.06371
12.69	0.07371
12.7	0.08363
12.71	0.09352
12.72	0.10166
12.73	0.09268
12.74	0.06234
12.75	0.02675
12.76	-0.00352
12.77	-0.03056
12.78	-0.05948
12.79	-0.08840
12.8	-0.09447
12.81	-0.07441
12.82	-0.04935
12.83	-0.03134
12.84	-0.01702
12.85	-0.00010
12.86	0.02026
12.87	0.04119
12.88	0.06089
12.89	0.07529
12.9	0.05736
12.91	0.00988
12.92	-0.04001
12.93	-0.08064
12.94	-0.11396
12.95	-0.11612
12.96	-0.08452
12.97	-0.04673
12.98	-0.01779
12.99	0.00718
13	0.03600
13.01	0.06921
13.02	0.10283
13.03	0.11615
13.04	0.08837
13.05	0.04350
13.06	0.00608
13.07	-0.02304
13.08	-0.05358
13.09	-0.08954
13.1	-0.12404
13.11	-0.12037
13.12	-0.06898
13.13	-0.00611
13.14	0.04468
13.15	0.08794
13.16	0.11806
13.17	0.10446
13.18	0.06160
13.19	0.02055
13.2	-0.01054
13.21	-0.04066
13.22	-0.07633
13.23	-0.11474
13.24	-0.13242
13.25	-0.11273
13.26	-0.07903
13.27	-0.05277
13.28	-0.03373
13.29	-0.01504
13.3	0.00435
13.31	0.02376
13.32	0.04262
13.33	0.06084
13.34	0.07872
13.35	0.09669
13.36	0.11478
13.37	0.13078
13.38	0.12868
13.39	0.10727
13.4	0.08261
13.41	0.06492
13.42	0.06282
13.43	0.07258
13.44	0.08206
13.45	0.08120
13.46	0.06183
13.47	0.03382
13.48	0.00894
13.49	-0.01191
13.5	-0.03327
13.51	-0.05728
13.52	-0.08255
13.53	-0.10547
13.54	-0.11280
13.55	-0.10413
13.56	-0.09312
13.57	-0.08675
13.58	-0.08233
13.59	-0.06831
13.6	-0.03549
13.61	0.00486
13.62	0.04149
13.63	0.07403
13.64	0.08794
13.65	0.06294
13.66	0.02107
13.67	-0.01434
13.68	-0.04214
13.69	-0.06797
13.7	-0.07381
13.71	-0.05856
13.72	-0.04009
13.73	-0.02724
13.74	-0.01669
13.75	-0.00362
13.76	0.01212
13.77	0.02811
13.78	0.04300
13.79	0.05718
13.8	0.06479
13.81	0.04865
13.82	0.01545
13.83	-0.01028
13.84	-0.01007
13.85	0.00348
13.86	0.01244
13.87	0.01442
13.88	0.01629
13.89	0.02183
13.9	0.02425
13.91	0.01481
13.92	-0.00076
13.93	-0.01479
13.94	-0.02612
13.95	-0.03743
13.96	-0.05022
13.97	-0.06383
13.98	-0.07711
13.99	-0.08356
14	-0.07627
14.01	-0.06323
14.02	-0.05266
14.03	-0.04486
14.04	-0.03657
14.05	-0.02647
14.06	-0.01558
14.07	-0.00594
14.08	-0.00477
14.09	-0.01346
14.1	-0.02435
14.11	-0.03260
14.12	-0.03331
14.13	-0.02192
14.14	-0.00616
14.15	0.00706
14.16	0.01810
14.17	0.02993
14.18	0.04341
14.19	0.05747
14.2	0.07096
14.21	0.07377
14.22	0.05473
14.23	0.02642
14.24	0.00196
14.25	-0.01693
14.26	-0.02483
14.27	-0.02101
14.28	-0.01484
14.29	-0.01163
14.3	-0.00971
14.31	-0.00636
14.32	-0.00150
14.33	-0.00192
14.34	-0.01479
14.35	-0.03319
14.36	-0.04950
14.37	-0.06319
14.38	-0.07714
14.39	-0.08807
14.4	-0.08630
14.41	-0.07593
14.42	-0.06609
14.43	-0.05930
14.44	-0.05296
14.45	-0.04503
14.46	-0.03595
14.47	-0.02704
14.48	-0.01869
14.49	-0.00682
14.5	0.01323
14.51	0.03692
14.52	0.05925
14.53	0.07683
14.54	0.07995
14.55	0.07216
14.56	0.06450
14.57	0.06056
14.58	0.05734
14.59	0.05221
14.6	0.04559
14.61	0.03901
14.62	0.02038
14.63	-0.02919
14.64	-0.08465
14.65	-0.09813
14.66	-0.07759
14.67	-0.05828
14.68	-0.05262
14.69	-0.05080
14.7	-0.04341
14.71	-0.03105
14.72	-0.01867
14.73	-0.01216
14.74	-0.02399
14.75	-0.04938
14.76	-0.07439
14.77	-0.09461
14.78	-0.11322
14.79	-0.12033
14.8	-0.10490
14.81	-0.08016
14.82	-0.05929
14.83	-0.04256
14.84	-0.02489
14.85	-0.00478
14.86	0.00674
14.87	0.00040
14.88	-0.01326
14.89	-0.02373
14.9	-0.02971
14.91	-0.02702
14.92	-0.01511
14.93	-0.00135
14.94	0.01013
14.95	0.02056
14.96	0.03213
14.97	0.04492
14.98	0.05788
14.99	0.07036
15	0.08252
15.01	0.09341
15.02	0.08750
15.03	0.05670
15.04	0.01806
15.05	-0.01515
15.06	-0.04412
15.07	-0.07475
15.08	-0.10855
15.09	-0.13327
15.1	-0.12767
15.11	-0.10308
15.12	-0.08079
15.13	-0.06579
15.14	-0.05154
15.15	-0.03342
15.16	-0.01279
15.17	0.00741
15.18	0.02621
15.19	0.04451
15.2	0.06050
15.21	0.05416
15.22	0.02349
15.23	-0.01142
15.24	-0.03965
15.25	-0.05974
15.26	-0.05883
15.27	-0.04184
15.28	-0.02480
15.29	-0.01288
15.3	-0.00183
15.31	0.01205
15.32	0.02805
15.33	0.04385
15.34	0.05857
15.35	0.06765
15.36	0.05841
15.37	0.03628
15.38	0.01474
15.39	-0.00227
15.4	-0.01855
15.41	-0.03719
15.42	-0.05712
15.43	-0.06853
15.44	-0.06439
15.45	-0.05439
15.46	-0.04746
15.47	-0.04464
15.48	-0.04500
15.49	-0.04608
15.5	-0.04626
15.51	-0.04598
15.52	-0.04620
15.53	-0.04694
15.54	-0.04782
15.55	-0.04850
15.56	-0.04678
15.57	-0.03440
15.58	-0.01338
15.59	0.00787
15.6	0.02625
15.61	0.04390
15.62	0.06290
15.63	0.08073
15.64	0.07591
15.65	0.04226
15.66	0.00147
15.67	-0.03217
15.68	-0.06137
15.69	-0.09303
15.7	-0.12837
15.71	-0.15597
15.72	-0.16364
15.73	-0.16213
15.74	-0.16390
15.75	-0.16850
15.76	-0.15861
15.77	-0.12852
15.78	-0.09288
15.79	-0.06216
15.8	-0.03496
15.81	-0.00638
15.82	0.02481
15.83	0.05679
15.84	0.08783
15.85	0.10567
15.86	0.09684
15.87	0.07681
15.88	0.06255
15.89	0.06153
15.9	0.06690
15.91	0.06939
15.92	0.06810
15.93	0.06684
15.94	0.06771
15.95	0.06972
15.96	0.07177
15.97	0.07717
15.98	0.08748
15.99	0.09925
16	0.10990
16.01	0.11440
16.02	0.10764
16.03	0.09648
16.04	0.08747
16.05	0.08062
16.06	0.07322
16.07	0.06430
16.08	0.05483
16.09	0.04572
16.1	0.03709
16.11	0.02856
16.12	0.02480
16.13	0.03158
16.14	0.04301
16.15	0.05268
16.16	0.06021
16.17	0.06804
16.18	0.07449
16.19	0.06837
16.2	0.05114
16.21	0.03317
16.22	0.01869
16.23	0.00530
16.24	-0.00962
16.25	-0.02601
16.26	-0.04243
16.27	-0.05817
16.28	-0.06792
16.29	-0.05741
16.3	-0.03264
16.31	-0.00853
16.32	0.00993
16.33	0.02236
16.34	0.03182
16.35	0.04225
16.36	0.05402
16.37	0.06556
16.38	0.07607
16.39	0.08612
16.4	0.09630
16.41	0.10264
16.42	0.09406
16.43	0.07469
16.44	0.05564
16.45	0.04180
16.46	0.04048
16.47	0.04994
16.48	0.06008
16.49	0.06662
16.5	0.06761
16.51	0.06222
16.52	0.05532
16.53	0.04999
16.54	0.04549
16.55	0.04027
16.56	0.03411
16.57	0.02679
16.58	0.01227
16.59	-0.00898
16.6	-0.03085
16.61	-0.05066
16.62	-0.06978
16.63	-0.08781
16.64	-0.09029
16.65	-0.07517
16.66	-0.05670
16.67	-0.04295
16.68	-0.03156
16.69	-0.01836
16.7	-0.00289
16.71	0.01299
16.72	0.02398
16.73	0.01993
16.74	0.00573
16.75	-0.00775
16.76	-0.01623
16.77	-0.01384
16.78	-0.00234
16.79	0.00968
16.8	0.01876
16.81	0.02680
16.82	0.03337
16.83	0.03745
16.84	0.04062
16.85	0.04415
16.86	0.04794
16.87	0.05152
16.88	0.05481
16.89	0.05802
16.9	0.06131
16.91	0.06297
16.92	0.05840
16.93	0.04935
16.94	0.04048
16.95	0.03317
16.96	0.02777
16.97	0.02930
16.98	0.03650
16.99	0.04395
17	0.04935
17.01	0.05081
17.02	0.04797
17.03	0.04429
17.04	0.04171
17.05	0.03965
17.06	0.03711
17.07	0.03464
17.08	0.03543
17.09	0.03919
17.1	0.04318
17.11	0.04624
17.12	0.04899
17.13	0.05214
17.14	0.05566
17.15	0.05919
17.16	0.06251
17.17	0.06024
17.18	0.04614
17.19	0.02696
17.2	0.00983
17.21	-0.00390
17.22	-0.01305
17.23	-0.01973
17.24	-0.02694
17.25	-0.03515
17.26	-0.04319
17.27	-0.05054
17.28	-0.05754
17.29	-0.06465
17.3	-0.06906
17.31	-0.06498
17.32	-0.05558
17.33	-0.04680
17.34	-0.04003
17.35	-0.03343
17.36	-0.02575
17.37	-0.01765
17.38	-0.01515
17.39	-0.02272
17.4	-0.03405
17.41	-0.04341
17.42	-0.05080
17.43	-0.05666
17.44	-0.05419
17.45	-0.04438
17.46	-0.03398
17.47	-0.02578
17.48	-0.01844
17.49	-0.01464
17.5	-0.01798
17.51	-0.02435
17.52	-0.02958
17.53	-0.03351
17.54	-0.03773
17.55	-0.04267
17.56	-0.04350
17.57	-0.03615
17.58	-0.02555
17.59	-0.01646
17.6	-0.00895
17.61	-0.00115
17.62	0.00446
17.63	0.00115
17.64	-0.00815
17.65	-0.01704
17.66	-0.02381
17.67	-0.03025
17.68	-0.03537
17.69	-0.03535
17.7	-0.03211
17.71	-0.02921
17.72	-0.02745
17.73	-0.02575
17.74	-0.02341
17.75	-0.02066
17.76	-0.01802
17.77	-0.01559
17.78	-0.01324
17.79	-0.01084
17.8	-0.00836
17.81	-0.00715
17.82	-0.01043
17.83	-0.01695
17.84	-0.02325
17.85	-0.02118
17.86	-0.00342
17.87	0.02049
17.88	0.04134
17.89	0.05909
17.9	0.07753
17.91	0.09808
17.92	0.11949
17.93	0.14028
17.94	0.15248
17.95	0.14151
17.96	0.11667
17.97	0.09381
17.98	0.07632
17.99	0.05913
18	0.03894
18.01	0.01689
18.02	-0.00465
18.03	-0.01620
18.04	-0.00826
18.05	0.00771
18.06	0.02004
18.07	0.02850
18.08	0.03771
18.09	0.04831
18.1	0.05045
18.11	0.04174
18.12	0.03050
18.13	0.02198
18.14	0.01511
18.15	0.00732
18.16	-0.00185
18.17	-0.01134
18.18	-0.02038
18.19	-0.02880
18.2	-0.03331
18.21	-0.03111
18.22	-0.02636
18.23	-0.02292
18.24	-0.02072
18.25	-0.01871
18.26	-0.02291
18.27	-0.03718
18.28	-0.05492
18.29	-0.07065
18.3	-0.08463
18.31	-0.09772
18.32	-0.09970
18.33	-0.08881
18.34	-0.07531
18.35	-0.06515
18.36	-0.05666
18.37	-0.04597
18.38	-0.02667
18.39	-0.00063
18.4	0.02365
18.41	0.03292
18.42	0.02993
18.43	0.02704
18.44	0.02872
18.45	0.03166
18.46	0.03255
18.47	0.03031
18.48	0.02454
18.49	0.01776
18.5	0.01187
18.51	0.00653
18.52	0.00091
18.53	-0.00524
18.54	-0.01151
18.55	-0.01763
18.56	-0.02360
18.57	-0.02958
18.58	-0.03560
18.59	-0.03979
18.6	-0.03858
18.61	-0.03403
18.62	-0.02992
18.63	-0.02892
18.64	-0.03348
18.65	-0.04066
18.66	-0.04696
18.67	-0.05115
18.68	-0.04786
18.69	-0.03713
18.7	-0.02535
18.71	-0.01573
18.72	-0.00692
18.73	0.00284
18.74	0.01360
18.75	0.02444
18.76	0.03243
18.77	0.02845
18.78	0.01498
18.79	0.00141
18.8	-0.00899
18.81	-0.01860
18.82	-0.02973
18.83	-0.04119
18.84	-0.04365
18.85	-0.03425
18.86	-0.02184
18.87	-0.01233
18.88	-0.00474
18.89	0.00379
18.9	0.01078
18.91	0.00709
18.92	-0.00498
18.93	-0.01719
18.94	-0.02658
18.95	-0.03530
18.96	-0.04503
18.97	-0.04942
18.98	-0.04247
18.99	-0.03079
19	-0.02107
19.01	-0.01357
19.02	-0.00567
19.03	0.00365
19.04	0.01359
19.05	0.02091
19.06	0.02294
19.07	0.02283
19.08	0.02370
19.09	0.02569
19.1	0.02749
19.11	0.02860
19.12	0.02942
19.13	0.03135
19.14	0.03553
19.15	0.04061
19.16	0.04526
19.17	0.04948
19.18	0.05370
19.19	0.05259
19.2	0.03141
19.21	-0.00421
19.22	-0.03933
19.23	-0.06810
19.24	-0.08335
19.25	-0.08540
19.26	-0.08551
19.27	-0.08936
19.28	-0.09463
19.29	-0.09811
19.3	-0.09975
19.31	-0.09871
19.32	-0.08953
19.33	-0.07447
19.34	-0.05955
19.35	-0.04661
19.36	-0.03396
19.37	-0.02025
19.38	-0.00581
19.39	0.00858
19.4	0.02255
19.41	0.03637
19.42	0.04978
19.43	0.05693
19.44	0.05467
19.45	0.04942
19.46	0.04621
19.47	0.04459
19.48	0.04239
19.49	0.03894
19.5	0.03510
19.51	0.03166
19.52	0.02855
19.53	0.02546
19.54	0.02314
19.55	0.02401
19.56	0.02724
19.57	0.03042
19.58	0.03281
19.59	0.03500
19.6	0.03684
19.61	0.02880
19.62	0.00575
19.63	-0.02209
19.64	-0.04672
19.65	-0.06810
19.66	-0.08216
19.67	-0.08594
19.68	-0.08651
19.69	-0.08921
19.7	-0.09339
19.71	-0.09674
19.72	-0.09871
19.73	-0.10035
19.74	-0.10244
19.75	-0.10491
19.76	-0.10735
19.77	-0.10962
19.78	-0.11009
19.79	-0.10249
19.8	-0.08829
19.81	-0.07390
19.82	-0.06168
19.83	-0.05006
19.84	-0.03738
19.85	-0.02384
19.86	-0.01033
19.87	0.00279
19.88	0.01571
19.89	0.02863
19.9	0.03373
19.91	0.02174
19.92	0.00227
19.93	-0.01433
19.94	-0.02745
19.95	-0.04102
19.96	-0.05072
19.97	-0.04641
19.98	-0.03375
19.99	-0.02228
20	-0.01393
20.01	-0.00575
20.02	0.00419
20.03	0.01520
20.04	0.02592
20.05	0.03606
20.06	0.04596
20.07	0.05393
20.08	0.05440
20.09	0.04939
20.1	0.04454
20.11	0.04157
20.12	0.03895
20.13	0.03538
20.14	0.03107
20.15	0.02712
20.16	0.02568
20.17	0.02672
20.18	0.02807
20.19	0.02863
20.2	0.02892
20.21	0.02946
20.22	0.02987
20.23	0.02679
20.24	0.02029
20.25	0.01343
20.26	0.00761
20.27	0.00219
20.28	-0.00366
20.29	-0.00994
20.3	-0.01426
20.31	-0.01346
20.32	-0.01000
20.33	-0.00719
20.34	-0.00548
20.35	-0.00380
20.36	-0.00144
20.37	0.00127
20.38	0.00386
20.39	0.00589
20.4	0.00457
20.41	-0.00082
20.42	-0.00715
20.43	-0.01243
20.44	-0.01716
20.45	-0.02226
20.46	-0.02784
20.47	-0.03129
20.48	-0.02790
20.49	-0.02033
20.5	-0.01326
20.51	-0.00785
20.52	-0.00258
20.53	0.00358
20.54	0.01030
20.55	0.01692
20.56	0.02290
20.57	0.02480
20.58	0.02099
20.59	0.01543
20.6	0.01115
20.61	0.00785
20.62	0.00411
20.63	-0.00034
20.64	-0.00362
20.65	-0.00252
20.66	0.00134
20.67	0.00489
20.68	0.00737
20.69	0.00970
20.7	0.01126
20.71	0.00995
20.72	0.00687
20.73	0.00402
20.74	0.00180
20.75	-0.00041
20.76	-0.00296
20.77	-0.00573
20.78	-0.00843
20.79	-0.00719
20.8	0.00229
20.81	0.01525
20.82	0.02679
20.83	0.03667
20.84	0.04682
20.85	0.05806
20.86	0.06972
20.87	0.07886
20.88	0.07936
20.89	0.07393
20.9	0.06885
20.91	0.06595
20.92	0.06340
20.93	0.05973
20.94	0.05527
20.95	0.05092
20.96	0.04697
20.97	0.04317
20.98	0.03931
20.99	0.03652
21	0.03641
21.01	0.03747
21.02	0.03812
21.03	0.03823
21.04	0.03842
21.05	0.03893
21.06	0.03960
21.07	0.04018
21.08	0.04068
21.09	0.04115
21.1	0.04165
21.11	0.04219
21.12	0.04271
21.13	0.04322
21.14	0.04372
21.15	0.04425
21.16	0.04477
21.17	0.04528
21.18	0.04579
21.19	0.04611
21.2	0.04406
21.21	0.03845
21.22	0.03173
21.23	0.02579
21.24	0.02048
21.25	0.01522
21.26	0.01349
21.27	0.01749
21.28	0.02346
21.29	0.02829
21.3	0.03212
21.31	0.03626
21.32	0.03993
21.33	0.03470
21.34	0.02075
21.35	0.00587
21.36	-0.00638
21.37	-0.01765
21.38	-0.02996
21.39	-0.04344
21.4	-0.05621
21.41	-0.06197
21.42	-0.06037
21.43	-0.05768
21.44	-0.05710
21.45	-0.05750
21.46	-0.05707
21.47	-0.05569
21.48	-0.05412
21.49	-0.05299
21.5	-0.05208
21.51	-0.05112
21.52	-0.05002
21.53	-0.04885
21.54	-0.04689
21.55	-0.04350
21.56	-0.03957
21.57	-0.03590
21.58	-0.03250
21.59	-0.02922
21.6	-0.02792
21.61	-0.02979
21.62	-0.03273
21.63	-0.03501
21.64	-0.03671
21.65	-0.03690
21.66	-0.03125
21.67	-0.02129
21.68	-0.01141
21.69	-0.00297
21.7	0.00520
21.71	0.01412
21.72	0.02358
21.73	0.03302
21.74	0.04216
21.75	0.05119
21.76	0.06031
21.77	0.06901
21.78	0.07182
21.79	0.06583
21.8	0.05712
21.81	0.05032
21.82	0.04502
21.83	0.03912
21.84	0.03212
21.85	0.02829
21.86	0.03345
21.87	0.04347
21.88	0.05239
21.89	0.05886
21.9	0.06086
21.91	0.05846
21.92	0.05536
21.93	0.05344
21.94	0.05197
21.95	0.04988
21.96	0.04722
21.97	0.04449
21.98	0.04202
21.99	0.03967
22	0.03731
22.01	0.03488
22.02	0.03239
22.03	0.02995
22.04	0.02754
22.05	0.02511
22.06	0.02268
22.07	0.02026
22.08	0.01783
22.09	0.01539
22.1	0.01253
22.11	0.00860
22.12	0.00410
22.13	-0.00026
22.14	-0.00439
22.15	-0.00853
22.16	-0.01279
22.17	-0.01712
22.18	-0.02159
22.19	-0.02778
22.2	-0.03658
22.21	-0.04621
22.22	-0.05527
22.23	-0.06331
22.24	-0.06579
22.25	-0.06148
22.26	-0.05553
22.27	-0.05127
22.28	-0.04795
22.29	-0.04404
22.3	-0.03922
22.31	-0.03419
22.32	-0.02948
22.33	-0.02504
22.34	-0.02096
22.35	-0.02077
22.36	-0.02551
22.37	-0.03151
22.38	-0.03629
22.39	-0.04033
22.4	-0.04480
22.41	-0.04991
22.42	-0.05517
22.43	-0.06021
22.44	-0.06313
22.45	-0.06196
22.46	-0.05906
22.47	-0.05693
22.48	-0.05561
22.49	-0.05413
22.5	-0.05213
22.51	-0.04989
22.52	-0.04778
22.53	-0.04586
22.54	-0.04396
22.55	-0.04199
22.56	-0.04010
22.57	-0.03928
22.58	-0.03987
22.59	-0.04078
22.6	-0.04135
22.61	-0.04174
22.62	-0.04154
22.63	-0.03659
22.64	-0.02706
22.65	-0.01710
22.66	-0.00852
22.67	-0.00043
22.68	0.00823
22.69	0.01749
22.7	0.02538
22.71	0.02622
22.72	0.02138
22.73	0.01643
22.74	0.01341
22.75	0.01088
22.76	0.00745
22.77	0.00327
22.78	-0.00090
22.79	-0.00470
22.8	-0.00836
22.81	-0.01207
22.82	-0.01560
22.83	-0.01511
22.84	-0.00863
22.85	-0.00024
22.86	0.00681
22.87	0.01134
22.88	0.01091
22.89	0.00745
22.9	0.00439
22.91	0.00247
22.92	0.00050
22.93	-0.00211
22.94	-0.00514
22.95	-0.00805
22.96	-0.01074
22.97	-0.01335
22.98	-0.01429
22.99	-0.01160
23	-0.00728
23.01	-0.00359
23.02	-0.00060
23.03	0.00248
23.04	0.00605
23.05	0.00982
23.06	0.01352
23.07	0.01705
23.08	0.02056
23.09	0.02440
23.1	0.03033
23.11	0.03814
23.12	0.04612
23.13	0.05348
23.14	0.06065
23.15	0.06812
23.16	0.07582
23.17	0.08324
23.18	0.08661
23.19	0.08415
23.2	0.07995
23.21	0.07703
23.22	0.07511
23.23	0.07282
23.24	0.06974
23.25	0.06645
23.26	0.06340
23.27	0.06056
23.28	0.05775
23.29	0.05486
23.3	0.05189
23.31	0.04897
23.32	0.04608
23.33	0.04320
23.34	0.04002
23.35	0.03338
23.36	0.02166
23.37	0.00834
23.38	-0.00384
23.39	-0.01517
23.4	-0.02679
23.41	-0.03353
23.42	-0.02859
23.43	-0.01827
23.44	-0.00981
23.45	-0.00375
23.46	0.00262
23.47	0.01045
23.48	0.01901
23.49	0.02723
23.5	0.03347
23.51	0.03438
23.52	0.03169
23.53	0.02930
23.54	0.02820
23.55	0.02727
23.56	0.02565
23.57	0.02353
23.58	0.02148
23.59	0.01966
23.6	0.01759
23.61	0.01414
23.62	0.00970
23.63	0.00526
23.64	0.00119
23.65	-0.00281
23.66	-0.00699
23.67	-0.01131
23.68	-0.01563
23.69	-0.01988
23.7	-0.02410
23.71	-0.02715
23.72	-0.02766
23.73	-0.02705
23.74	-0.02688
23.75	-0.02724
23.76	-0.02751
23.77	-0.02772
23.78	-0.03304
23.79	-0.04761
23.8	-0.06576
23.81	-0.08217
23.82	-0.09681
23.83	-0.11181
23.84	-0.12379
23.85	-0.12385
23.86	-0.11599
23.87	-0.10875
23.88	-0.10436
23.89	-0.10036
23.9	-0.09483
23.91	-0.08830
23.92	-0.08193
23.93	-0.07610
23.94	-0.07049
23.95	-0.06475
23.96	-0.05884
23.97	-0.05290
23.98	-0.04705
23.99	-0.04125
24	-0.03543
24.01	-0.02959
24.02	-0.02375
24.03	-0.01793
24.04	-0.01212
24.05	-0.00632
24.06	-0.00052
24.07	0.00530
24.08	0.01110
24.09	0.01688
24.1	0.02269
24.11	0.02846
24.12	0.03390
24.13	0.03653
24.14	0.03617
24.15	0.03529
24.16	0.03524
24.17	0.03559
24.18	0.03559
24.19	0.03521
24.2	0.03474
24.21	0.03443
24.22	0.03421
24.23	0.03399
24.24	0.03368
24.25	0.03336
24.26	0.03304
24.27	0.03275
24.28	0.03244
24.29	0.03213
24.3	0.03182
24.31	0.03149
24.32	0.03039
24.33	0.02769
24.34	0.02425
24.35	0.02113
24.36	0.01828
24.37	0.01542
24.38	0.01232
24.39	0.00918
24.4	0.00809
24.41	0.01300
24.42	0.02150
24.43	0.02954
24.44	0.03618
24.45	0.04270
24.46	0.05003
24.47	0.05784
24.48	0.06556
24.49	0.07297
24.5	0.08034
24.51	0.08690
24.52	0.08613
24.53	0.07744
24.54	0.06736
24.55	0.05952
24.56	0.05272
24.57	0.04508
24.58	0.03642
24.59	0.02760
24.6	0.02012
24.61	0.01957
24.62	0.02517
24.63	0.03117
24.64	0.03523
24.65	0.03866
24.66	0.04300
24.67	0.04592
24.68	0.04084
24.69	0.02968
24.7	0.01860
24.71	0.00963
24.72	0.00115
24.73	-0.00826
24.74	-0.01848
24.75	-0.02864
24.76	-0.03835
24.77	-0.04787
24.78	-0.05748
24.79	-0.06712
24.8	-0.07306
24.81	-0.06983
24.82	-0.06179
24.83	-0.05488
24.84	-0.04992
24.85	-0.04526
24.86	-0.04292
24.87	-0.04439
24.88	-0.04712
24.89	-0.04913
24.9	-0.05055
24.91	-0.05222
24.92	-0.05433
24.93	-0.05658
24.94	-0.05709
24.95	-0.05298
24.96	-0.04613
24.97	-0.03964
24.98	-0.03427
24.99	-0.02894
25	-0.02303
25.01	-0.01678
25.02	-0.01330
25.03	-0.01584
25.04	-0.02099
25.05	-0.02509
25.06	-0.02798
25.07	-0.03106
25.08	-0.03492
25.09	-0.03762
25.1	-0.03646
25.11	-0.03309
25.12	-0.03022
25.13	-0.02858
25.14	-0.03031
25.15	-0.03568
25.16	-0.04177
25.17	-0.04696
25.18	-0.05176
25.19	-0.05699
25.2	-0.06276
25.21	-0.06862
25.22	-0.07051
25.23	-0.06126
25.24	-0.04525
25.25	-0.03025
25.26	-0.01790
25.27	-0.00580
25.28	0.00771
25.29	0.02206
25.3	0.03566
25.31	0.04347
25.32	0.04457
25.33	0.04421
25.34	0.04553
25.35	0.04779
25.36	0.04939
25.37	0.04999
25.38	0.04884
25.39	0.04410
25.4	0.03755
25.41	0.03144
25.42	0.02596
25.43	0.02039
25.44	0.01431
25.45	0.00795
25.46	0.00167
25.47	-0.00426
25.48	-0.00775
25.49	-0.00826
25.5	-0.00812
25.51	-0.00877
25.52	-0.00985
25.53	-0.01025
25.54	-0.00622
25.55	0.00301
25.56	0.01335
25.57	0.02232
25.58	0.02994
25.59	0.03249
25.6	0.02880
25.61	0.02358
25.62	0.01982
25.63	0.01697
25.64	0.01353
25.65	0.00835
25.66	-0.00153
25.67	-0.01475
25.68	-0.02473
25.69	-0.02453
25.7	-0.01857
25.71	-0.01394
25.72	-0.01179
25.73	-0.00973
25.74	-0.00622
25.75	-0.00184
25.76	0.00239
25.77	0.00619
25.78	0.00990
25.79	0.01384
25.8	0.01795
25.81	0.02194
25.82	0.02366
25.83	0.02197
25.84	0.01930
25.85	0.01748
25.86	0.01630
25.87	0.01497
25.88	0.01324
25.89	0.01147
25.9	0.00989
25.91	0.00851
25.92	0.00723
25.93	0.00594
25.94	0.00470
25.95	0.00354
25.96	0.00246
25.97	0.00146
25.98	0.00053
25.99	-0.00038
26	-0.00118
26.01	-0.00193
26.02	-0.00262
26.03	-0.00326
26.04	-0.00382
26.05	-0.00276
26.06	0.00180
26.07	0.00789
26.08	0.01342
26.09	0.01831
26.1	0.02294
26.11	0.02283
26.12	0.01529
26.13	0.00527
26.14	-0.00318
26.15	-0.01034
26.16	-0.01794
26.17	-0.02645
26.18	-0.03074
26.19	-0.02354
26.2	-0.01020
26.21	0.00171
26.22	0.01108
26.23	0.02044
26.24	0.03122
26.25	0.04279
26.26	0.05203
26.27	0.05571
26.28	0.05659
26.29	0.05821
26.3	0.06103
26.31	0.06289
26.32	0.05745
26.33	0.04555
26.34	0.03320
26.35	0.02292
26.36	0.01325
26.37	0.00264
26.38	-0.00893
26.39	-0.02064
26.4	-0.03007
26.41	-0.03217
26.42	-0.02933
26.43	-0.02693
26.44	-0.02648
26.45	-0.02639
26.46	-0.02548
26.47	-0.02398
26.48	-0.02268
26.49	-0.02184
26.5	-0.02128
26.51	-0.02069
26.52	-0.02013
26.53	-0.01969
26.54	-0.01938
26.55	-0.01977
26.56	-0.02222
26.57	-0.02615
26.58	-0.03010
26.59	-0.03366
26.6	-0.03727
26.61	-0.04121
26.62	-0.04543
26.63	-0.04974
26.64	-0.05403
26.65	-0.05838
26.66	-0.06229
26.67	-0.06201
26.68	-0.05722
26.69	-0.05168
26.7	-0.04748
26.71	-0.04394
26.72	-0.03992
26.73	-0.03533
26.74	-0.03066
26.75	-0.02626
26.76	-0.02202
26.77	-0.01778
26.78	-0.01343
26.79	-0.00902
26.8	-0.00464
26.81	-0.00024
26.82	0.00417
26.83	0.00742
26.84	0.00638
26.85	0.00227
26.86	-0.00166
26.87	-0.00440
26.88	-0.00685
26.89	-0.00977
26.9	-0.01299
26.91	-0.01607
26.92	-0.01883
26.93	-0.02136
26.94	-0.02382
26.95	-0.02403
26.96	-0.01645
26.97	-0.00322
26.98	0.00994
26.99	0.02134
27	0.03254
27.01	0.04358
27.02	0.04925
27.03	0.04993
27.04	0.05027
27.05	0.05228
27.06	0.05502
27.07	0.05727
27.08	0.05898
27.09	0.06085
27.1	0.06316
27.11	0.06578
27.12	0.06850
27.13	0.07128
27.14	0.07357
27.15	0.07150
27.16	0.06539
27.17	0.05906
27.18	0.05413
27.19	0.04975
27.2	0.04492
27.21	0.03962
27.22	0.03436
27.23	0.02942
27.24	0.02466
27.25	0.01992
27.26	0.01512
27.27	0.01032
27.28	0.00557
27.29	0.00084
27.3	-0.00392
27.31	-0.00859
27.32	-0.01173
27.33	-0.01204
27.34	-0.01134
27.35	-0.01127
27.36	-0.01180
27.37	-0.01228
27.38	-0.01249
27.39	-0.01265
27.4	-0.01303
27.41	-0.01367
27.42	-0.01442
27.43	-0.01367
27.44	-0.00908
27.45	-0.00259
27.46	0.00324
27.47	0.00805
27.48	0.01268
27.49	0.01770
27.5	0.02280
27.51	0.02763
27.52	0.03212
27.53	0.03638
27.54	0.03901
27.55	0.03613
27.56	0.02924
27.57	0.02231
27.58	0.01655
27.59	0.01090
27.6	0.00440
27.61	-0.00277
27.62	-0.01000
27.63	-0.01713
27.64	-0.02426
27.65	-0.03157
27.66	-0.03910
27.67	-0.04669
27.68	-0.05189
27.69	-0.05199
27.7	-0.04988
27.71	-0.04874
27.72	-0.04883
27.73	-0.05024
27.74	-0.05285
27.75	-0.05560
27.76	-0.05806
27.77	-0.06047
27.78	-0.06303
27.79	-0.06573
27.8	-0.06789
27.81	-0.06609
27.82	-0.06002
27.83	-0.05319
27.84	-0.04748
27.85	-0.04222
27.86	-0.03641
27.87	-0.02998
27.88	-0.02494
27.89	-0.02395
27.9	-0.02503
27.91	-0.02547
27.92	-0.02486
27.93	-0.02415
27.94	-0.02385
27.95	-0.02371
27.96	-0.02307
27.97	-0.01966
27.98	-0.01345
27.99	-0.00673
28	-0.00072
28.01	0.00509
28.02	0.01126
28.03	0.01791
28.04	0.02467
28.05	0.03137
28.06	0.03805
28.07	0.04478
28.08	0.05094
28.09	0.05375
28.1	0.05383
28.11	0.05387
28.12	0.05479
28.13	0.05598
28.14	0.05674
28.15	0.05829
28.16	0.06269
28.17	0.06875
28.18	0.07449
28.19	0.07951
28.2	0.08442
28.21	0.08962
28.22	0.09497
28.23	0.09833
28.24	0.09484
28.25	0.08649
28.26	0.07831
28.27	0.07171
28.28	0.06622
28.29	0.06305
28.3	0.06152
28.31	0.05985
28.32	0.05755
28.33	0.05516
28.34	0.05301
28.35	0.05097
28.36	0.04882
28.37	0.04644
28.38	0.04398
28.39	0.04086
28.4	0.03282
28.41	0.01944
28.42	0.00511
28.43	-0.00777
28.44	-0.01974
28.45	-0.02903
28.46	-0.03427
28.47	-0.03807
28.48	-0.04264
28.49	-0.04780
28.5	-0.05260
28.51	-0.05684
28.52	-0.06080
28.53	-0.06486
28.54	-0.06894
28.55	-0.07151
28.56	-0.07047
28.57	-0.06748
28.58	-0.06476
28.59	-0.06268
28.6	-0.06038
28.61	-0.05767
28.62	-0.05644
28.63	-0.05754
28.64	-0.05915
28.65	-0.06002
28.66	-0.06026
28.67	-0.06049
28.68	-0.06081
28.69	-0.06102
28.7	-0.06093
28.71	-0.06057
28.72	-0.05985
28.73	-0.05783
28.74	-0.05417
28.75	-0.04996
28.76	-0.04597
28.77	-0.04361
28.78	-0.04565
28.79	-0.05022
28.8	-0.05424
28.81	-0.05714
28.82	-0.05991
28.83	-0.05986
28.84	-0.05300
28.85	-0.04289
28.86	-0.03383
28.87	-0.02609
28.88	-0.01823
28.89	-0.00955
28.9	-0.00084
28.91	0.00470
28.92	0.00672
28.93	0.00807
28.94	0.01027
28.95	0.01279
28.96	0.01477
28.97	0.01617
28.98	0.01726
28.99	0.01830
29	0.01926
29.01	0.01994
29.02	0.02031
29.03	0.02038
29.04	0.01943
29.05	0.01538
29.06	0.00903
29.07	0.00245
29.08	-0.00372
29.09	-0.01007
29.1	-0.01705
29.11	-0.02245
29.12	-0.02184
29.13	-0.01752
29.14	-0.01393
29.15	-0.01215
29.16	-0.01080
29.17	-0.00892
29.18	-0.00677
29.19	-0.00496
29.2	-0.00366
29.21	-0.00270
29.22	-0.00184
29.23	-0.00109
29.24	-0.00054
29.25	-0.00012
29.26	0.00012
29.27	0.00026
29.28	0.00033
29.29	0.00036
29.3	0.00027
29.31	-0.00023
29.32	-0.00137
29.33	-0.00265
29.34	-0.00377
29.35	-0.00472
29.36	-0.00560
29.37	-0.00646
29.38	-0.00720
29.39	-0.00776
29.4	-0.00811
29.41	-0.00828
29.42	-0.00820
29.43	-0.00769
29.44	-0.00680
29.45	-0.00567
29.46	-0.00430
29.47	-0.00266
29.48	-0.00073
29.49	0.00153
29.5	0.00410
29.51	0.00698
29.52	0.01016
29.53	0.01367
29.54	0.01750
29.55	0.02164
29.56	0.02607
29.57	0.02846
29.58	0.02538
29.59	0.01958
29.6	0.01479
29.61	0.01155
29.62	0.00855
29.63	0.00718
29.64	0.01026
29.65	0.01571
29.66	0.02080
29.67	0.02521
29.68	0.02785
29.69	0.02537
29.7	0.01971
29.71	0.01452
29.72	0.01061
29.73	0.00680
29.74	0.00236
29.75	-0.00247
29.76	-0.00529
29.77	-0.00100
29.78	0.00823
29.79	0.01712
29.8	0.02410
29.81	0.03070
29.82	0.03806
29.83	0.04595
29.84	0.05362
29.85	0.06076
29.86	0.06705
29.87	0.06934
29.88	0.06795
29.89	0.06601
29.9	0.06493
29.91	0.06420
29.92	0.06483
29.93	0.06695
29.94	0.06918
29.95	0.07072
29.96	0.07176
29.97	0.07115
29.98	0.06650
29.99	0.05948
30	0.05266
30.01	0.04638
30.02	0.03981
30.03	0.03254
30.04	0.02599
30.05	0.02358
30.06	0.02422
30.07	0.02460
30.08	0.02364
30.09	0.02204
30.1	0.01789
30.11	0.00960
30.12	-0.00021
30.13	-0.00932
30.14	-0.01789
30.15	-0.02674
30.16	-0.03615
30.17	-0.04505
30.18	-0.05044
30.19	-0.05293
30.2	-0.05529
30.21	-0.05858
30.22	-0.06205
30.23	-0.06502
30.24	-0.06750
30.25	-0.06984
30.26	-0.07224
30.27	-0.07457
30.28	-0.07670
30.29	-0.07861
30.3	-0.08031
30.31	-0.08185
30.32	-0.08320
30.33	-0.08400
30.34	-0.08151
30.35	-0.07491
30.36	-0.06716
30.37	-0.06013
30.38	-0.05348
30.39	-0.04805
30.4	-0.04627
30.41	-0.04644
30.42	-0.04605
30.43	-0.04461
30.44	-0.04272
30.45	-0.03793
30.46	-0.02845
30.47	-0.01724
30.48	-0.00675
30.49	0.00314
30.5	0.01342
30.51	0.02440
30.52	0.03572
30.53	0.04693
30.54	0.05804
30.55	0.06921
30.56	0.07935
30.57	0.08545
30.58	0.08865
30.59	0.09194
30.6	0.09621
30.61	0.10066
30.62	0.10451
30.63	0.10776
30.64	0.10747
30.65	0.10118
30.66	0.09255
30.67	0.08494
30.68	0.07829
30.69	0.07117
30.7	0.06314
30.71	0.05636
30.72	0.05335
30.73	0.05195
30.74	0.04976
30.75	0.04654
30.76	0.04319
30.77	0.04012
30.78	0.03708
30.79	0.03375
30.8	0.03009
30.81	0.02694
30.82	0.02597
30.83	0.02628
30.84	0.02621
30.85	0.02542
30.86	0.02442
30.87	0.02352
30.88	0.02270
30.89	0.02170
30.9	0.02048
30.91	0.01910
30.92	0.01757
30.93	0.01465
30.94	0.00976
30.95	0.00417
30.96	-0.00101
30.97	-0.00589
30.98	-0.01090
30.99	-0.01616
31	-0.02144
31.01	-0.02567
31.02	-0.02707
31.03	-0.02673
31.04	-0.02658
31.05	-0.02693
31.06	-0.02723
31.07	-0.02704
31.08	-0.02646
31.09	-0.02581
31.1	-0.02508
31.11	-0.02423
31.12	-0.02317
31.13	-0.02188
31.14	-0.02160
31.15	-0.02554
31.16	-0.03237
31.17	-0.03891
31.18	-0.04409
31.19	-0.04888
31.2	-0.05402
31.21	-0.05935
31.22	-0.06444
31.23	-0.06912
31.24	-0.07350
31.25	-0.07725
31.26	-0.07665
31.27	-0.07135
31.28	-0.06507
31.29	-0.05990
31.3	-0.05519
31.31	-0.04986
31.32	-0.04384
31.33	-0.03762
31.34	-0.03153
31.35	-0.02554
31.36	-0.01950
31.37	-0.01431
31.38	-0.01188
31.39	-0.01124
31.4	-0.01041
31.41	-0.00894
31.42	-0.00747
31.43	-0.00641
31.44	-0.00507
31.45	0.00088
31.46	0.01117
31.47	0.02173
31.48	0.03076
31.49	0.03912
31.5	0.04789
31.51	0.05683
31.52	0.06244
31.53	0.06293
31.54	0.06161
31.55	0.06116
31.56	0.06133
31.57	0.06100
31.58	0.06136
31.59	0.06463
31.6	0.06931
31.61	0.07337
31.62	0.07649
31.63	0.07944
31.64	0.08253
31.65	0.08522
31.66	0.08459
31.67	0.08036
31.68	0.07534
31.69	0.07107
31.7	0.06709
31.71	0.06255
31.72	0.05741
31.73	0.05202
31.74	0.04667
31.75	0.04132
31.76	0.03582
31.77	0.03017
31.78	0.02443
31.79	0.01862
31.8	0.01279
31.81	0.00691
31.82	0.00103
31.83	-0.00487
31.84	-0.01076
31.85	-0.01661
31.86	-0.02349
31.87	-0.03249
31.88	-0.04239
31.89	-0.05184
31.9	-0.06073
31.91	-0.06956
31.92	-0.07860
31.93	-0.08758
31.94	-0.09479
31.95	-0.09613
31.96	-0.09332
31.97	-0.09053
31.98	-0.08898
31.99	-0.08748
32	-0.08509
32.01	-0.08194
32.02	-0.07876
32.03	-0.07662
32.04	-0.07560
32.05	-0.07460
32.06	-0.07303
32.07	-0.07104
32.08	-0.06901
32.09	-0.06695
32.1	-0.06475
32.11	-0.06230
32.12	-0.05961
32.13	-0.05675
32.14	-0.05376
32.15	-0.05061
32.16	-0.04730
32.17	-0.04455
32.18	-0.04700
32.19	-0.05427
32.2	-0.06185
32.21	-0.06779
32.22	-0.07305
32.23	-0.07657
32.24	-0.07565
32.25	-0.07253
32.26	-0.06990
32.27	-0.06810
32.28	-0.06611
32.29	-0.06355
32.3	-0.06070
32.31	-0.05794
32.32	-0.05377
32.33	-0.04585
32.34	-0.03587
32.35	-0.02633
32.36	-0.01762
32.37	-0.00894
32.38	0.00021
32.39	0.00960
32.4	0.01821
32.41	0.02153
32.42	0.02010
32.43	0.01824
32.44	0.01789
32.45	0.01797
32.46	0.01739
32.47	0.01609
32.48	0.01473
32.49	0.01360
32.5	0.01257
32.51	0.01142
32.52	0.01013
32.53	0.00876
32.54	0.00738
32.55	0.00595
32.56	0.00449
32.57	0.00295
32.58	0.00131
32.59	-0.00035
32.6	-0.00208
32.61	-0.00386
32.62	-0.00572
32.63	-0.00761
32.64	-0.00613
32.65	0.00270
32.66	0.01467
32.67	0.02530
32.68	0.03434
32.69	0.04353
32.7	0.05360
32.71	0.06400
32.72	0.07405
32.73	0.08372
32.74	0.09323
32.75	0.10110
32.76	0.10129
32.77	0.09505
32.78	0.08846
32.79	0.08381
32.8	0.07957
32.81	0.07424
32.82	0.06793
32.83	0.06157
32.84	0.05756
32.85	0.05732
32.86	0.05827
32.87	0.05818
32.88	0.05720
32.89	0.05628
32.9	0.05572
32.91	0.05514
32.92	0.05426
32.93	0.05306
32.94	0.05167
32.95	0.05017
32.96	0.04857
32.97	0.04677
32.98	0.04480
32.99	0.04268
33	0.04046
33.01	0.03807
33.02	0.03554
33.03	0.03295
33.04	0.03023
33.05	0.02739
33.06	0.02450
33.07	0.02151
33.08	0.01755
33.09	0.01018
33.1	0.00040
33.11	-0.00931
33.12	-0.01815
33.13	-0.02530
33.14	-0.02907
33.15	-0.03115
33.16	-0.03359
33.17	-0.03659
33.18	-0.03941
33.19	-0.04167
33.2	-0.04355
33.21	-0.04539
33.22	-0.04718
33.23	-0.04881
33.24	-0.05019
33.25	-0.05130
33.26	-0.05219
33.27	-0.05284
33.28	-0.05324
33.29	-0.05337
33.3	-0.05317
33.31	-0.05270
33.32	-0.05192
33.33	-0.05083
33.34	-0.04942
33.35	-0.04770
33.36	-0.04564
33.37	-0.04324
33.38	-0.04053
33.39	-0.03748
33.4	-0.03410
33.41	-0.03040
33.42	-0.02638
33.43	-0.02216
33.44	-0.02034
33.45	-0.02295
33.46	-0.02705
33.47	-0.02996
33.48	-0.03171
33.49	-0.03347
33.5	-0.03561
33.51	-0.03776
33.52	-0.03956
33.53	-0.04100
33.54	-0.04223
33.55	-0.04288
33.56	-0.03941
33.57	-0.03206
33.58	-0.02430
33.59	-0.01765
33.6	-0.01140
33.61	-0.00465
33.62	0.00260
33.63	0.00982
33.64	0.01679
33.65	0.02354
33.66	0.03021
33.67	0.03684
33.68	0.04333
33.69	0.04934
33.7	0.05290
33.71	0.05384
33.72	0.05415
33.73	0.05489
33.74	0.05571
33.75	0.05597
33.76	0.05562
33.77	0.05495
33.78	0.05408
33.79	0.05299
33.8	0.05157
33.81	0.05069
33.82	0.05173
33.83	0.05365
33.84	0.05494
33.85	0.05540
33.86	0.05554
33.87	0.05565
33.88	0.05556
33.89	0.05514
33.9	0.05429
33.91	0.05311
33.92	0.05166
33.93	0.04996
33.94	0.04801
33.95	0.04574
33.96	0.04343
33.97	0.04218
33.98	0.04192
33.99	0.04157
34	0.04064
34.01	0.03945
34.02	0.03825
34.03	0.03708
34.04	0.03584
34.05	0.03442
34.06	0.03289
34.07	0.03135
34.08	0.02977
34.09	0.02821
34.1	0.02663
34.11	0.02505
34.12	0.02332
34.13	0.01945
34.14	0.01294
34.15	0.00586
34.16	-0.00044
34.17	-0.00621
34.18	-0.01210
34.19	-0.01816
34.2	-0.02418
34.21	-0.02989
34.22	-0.03534
34.23	-0.04059
34.24	-0.04562
34.25	-0.04892
34.26	-0.04924
34.27	-0.04829
34.28	-0.04765
34.29	-0.04735
34.3	-0.04666
34.31	-0.04541
34.32	-0.04381
34.33	-0.04204
34.34	-0.04019
34.35	-0.03815
34.36	-0.03586
34.37	-0.03332
34.38	-0.03059
34.39	-0.02771
34.4	-0.02589
34.41	-0.02656
34.42	-0.02824
34.43	-0.02928
34.44	-0.02966
34.45	-0.02996
34.46	-0.03049
34.47	-0.03107
34.48	-0.03145
34.49	-0.03162
34.5	-0.03168
34.51	-0.03172
34.52	-0.03172
34.53	-0.03167
34.54	-0.03157
34.55	-0.03145
34.56	-0.03129
34.57	-0.03115
34.58	-0.03099
34.59	-0.03088
34.6	-0.03079
34.61	-0.03071
34.62	-0.03068
34.63	-0.03070
34.64	-0.03079
34.65	-0.03093
34.66	-0.03116
34.67	-0.03148
34.68	-0.03188
34.69	-0.03235
34.7	-0.03296
34.71	-0.03363
34.72	-0.03443
34.73	-0.03535
34.74	-0.03699
34.75	-0.04029
34.76	-0.04453
34.77	-0.04867
34.78	-0.05260
34.79	-0.05664
34.8	-0.06103
34.81	-0.06561
34.82	-0.06998
34.83	-0.07070
34.84	-0.06608
34.85	-0.05986
34.86	-0.05498
34.87	-0.05109
34.88	-0.04695
34.89	-0.04217
34.9	-0.03725
34.91	-0.03261
34.92	-0.02827
34.93	-0.02401
34.94	-0.01968
34.95	-0.01538
34.96	-0.01114
34.97	-0.00701
34.98	-0.00286
34.99	0.00123
35	0.00471
35.01	0.00646
35.02	0.00710
35.03	0.00787
35.04	0.00907
35.05	0.01028
35.06	0.01130
35.07	0.01219
35.08	0.01314
35.09	0.01419
35.1	0.01532
35.11	0.01646
35.12	0.01762
35.13	0.01883
35.14	0.02010
35.15	0.02145
35.16	0.02283
35.17	0.02431
35.18	0.02584
35.19	0.02744
35.2	0.02912
35.21	0.03086
35.22	0.03270
35.23	0.03461
35.24	0.03659
35.25	0.03805
35.26	0.03740
35.27	0.03531
35.28	0.03333
35.29	0.03200
35.3	0.03207
35.31	0.03493
35.32	0.03918
35.33	0.04318
35.34	0.04669
35.35	0.05035
35.36	0.05443
35.37	0.05874
35.38	0.06141
35.39	0.05939
35.4	0.05448
35.41	0.05007
35.42	0.04682
35.43	0.04368
35.44	0.03999
35.45	0.03592
35.46	0.03198
35.47	0.02827
35.48	0.02467
35.49	0.02102
35.5	0.01730
35.51	0.01361
35.52	0.00991
35.53	0.00625
35.54	0.00256
35.55	-0.00112
35.56	-0.00485
35.57	-0.00747
35.58	-0.00481
35.59	0.00221
35.6	0.00931
35.61	0.01491
35.62	0.02010
35.63	0.02591
35.64	0.03225
35.65	0.03853
35.66	0.04450
35.67	0.05024
35.68	0.05599
35.69	0.06013
35.7	0.06019
35.71	0.05809
35.72	0.05638
35.73	0.05550
35.74	0.05450
35.75	0.05293
35.76	0.05100
35.77	0.04907
35.78	0.04726
35.79	0.04542
35.8	0.04346
35.81	0.04135
35.82	0.03919
35.83	0.03697
35.84	0.03471
35.85	0.03239
35.86	0.03068
35.87	0.03045
35.88	0.03080
35.89	0.03087
35.9	0.03055
35.91	0.02987
35.92	0.02762
35.93	0.02396
35.94	0.02020
35.95	0.01679
35.96	0.01348
35.97	0.00991
35.98	0.00619
35.99	0.00243
36	-0.00125
36.01	-0.00478
36.02	-0.00715
36.03	-0.00830
36.04	-0.00926
36.05	-0.01055
36.06	-0.01198
36.07	-0.01329
36.08	-0.01439
36.09	-0.01548
36.1	-0.01658
36.11	-0.01774
36.12	-0.01884
36.13	-0.01992
36.14	-0.02092
36.15	-0.02193
36.16	-0.02291
36.17	-0.02563
36.18	-0.03453
36.19	-0.04783
36.2	-0.06091
36.21	-0.07239
36.22	-0.08165
36.23	-0.08253
36.24	-0.07648
36.25	-0.07016
36.26	-0.06594
36.27	-0.06222
36.28	-0.05740
36.29	-0.05163
36.3	-0.04587
36.31	-0.04049
36.32	-0.03531
36.33	-0.02997
36.34	-0.02450
36.35	-0.01896
36.36	-0.01477
36.37	-0.01433
36.38	-0.01622
36.39	-0.01775
36.4	-0.01838
36.41	-0.01894
36.42	-0.02000
36.43	-0.02135
36.44	-0.02264
36.45	-0.02374
36.46	-0.02478
36.47	-0.02589
36.48	-0.02706
36.49	-0.02824
36.5	-0.02939
36.51	-0.03053
36.52	-0.03172
36.53	-0.03290
36.54	-0.03213
36.55	-0.02717
36.56	-0.02037
36.57	-0.01435
36.58	-0.00917
36.59	-0.00388
36.6	0.00194
36.61	0.00797
36.62	0.01388
36.63	0.01958
36.64	0.02526
36.65	0.03095
36.66	0.03334
36.67	0.02858
36.68	0.02070
36.69	0.01401
36.7	0.00878
36.71	0.00461
36.72	0.00551
36.73	0.01093
36.74	0.01671
36.75	0.02120
36.76	0.02531
36.77	0.03008
36.78	0.03543
36.79	0.04083
36.8	0.04598
36.81	0.05059
36.82	0.05160
36.83	0.04880
36.84	0.04541
36.85	0.04313
36.86	0.04136
36.87	0.03923
36.88	0.03663
36.89	0.03400
36.9	0.03163
36.91	0.02946
36.92	0.02733
36.93	0.02517
36.94	0.02305
36.95	0.02102
36.96	0.01908
36.97	0.01721
36.98	0.01538
36.99	0.01365
37	0.01197
37.01	0.01036
37.02	0.00885
37.03	0.00737
37.04	0.00600
37.05	0.00467
37.06	0.00340
37.07	0.00222
37.08	0.00108
37.09	0.00001
37.1	-0.00098
37.11	-0.00196
37.12	-0.00285
37.13	-0.00367
37.14	-0.00449
37.15	-0.00523
37.16	-0.00572
37.17	-0.00408
37.18	0.00026
37.19	0.00525
37.2	0.00932
37.21	0.00914
37.22	0.00350
37.23	-0.00351
37.24	-0.00923
37.25	-0.01409
37.26	-0.01945
37.27	-0.02553
37.28	-0.03184
37.29	-0.03790
37.3	-0.04249
37.31	-0.04342
37.32	-0.04215
37.33	-0.04127
37.34	-0.04133
37.35	-0.04145
37.36	-0.04115
37.37	-0.04063
37.38	-0.04026
37.39	-0.04014
37.4	-0.04012
37.41	-0.04017
37.42	-0.04024
37.43	-0.04041
37.44	-0.04071
37.45	-0.04112
37.46	-0.04091
37.47	-0.03877
37.48	-0.03551
37.49	-0.03249
37.5	-0.03011
37.51	-0.02783
37.52	-0.02542
37.53	-0.02298
37.54	-0.02068
37.55	-0.01860
37.56	-0.01666
37.57	-0.01482
37.58	-0.01304
37.59	-0.01143
37.6	-0.00991
37.61	-0.00851
37.62	-0.00724
37.63	-0.00606
37.64	-0.00499
37.65	-0.00401
37.66	-0.00316
37.67	-0.00237
37.68	-0.00170
37.69	-0.00111
37.7	-0.00061
37.71	-0.00017
37.72	0.00019
37.73	0.00046
37.74	0.00068
37.75	0.00085
37.76	0.00092
37.77	0.00082
37.78	0.00067
37.79	0.00049
37.8	0.00028
37.81	0.00007
37.82	-0.00001
37.83	0.00039
37.84	0.00110
37.85	0.00178
37.86	0.00236
37.87	0.00292
37.88	0.00358
37.89	0.00394
37.9	0.00253
37.91	-0.00031
37.92	-0.00316
37.93	-0.00545
37.94	-0.00757
37.95	-0.00983
37.96	-0.01222
37.97	-0.01453
37.98	-0.01669
37.99	-0.01871
38	-0.02065
38.01	-0.02254
38.02	-0.02432
38.03	-0.02599
38.04	-0.02759
38.05	-0.02904
38.06	-0.03037
38.07	-0.03161
38.08	-0.03273
38.09	-0.03372
38.1	-0.03462
38.11	-0.03535
38.12	-0.03599
38.13	-0.03651
38.14	-0.03688
38.15	-0.03658
38.16	-0.03475
38.17	-0.03207
38.18	-0.02945
38.19	-0.02699
38.2	-0.02441
38.21	-0.02153
38.22	-0.01843
38.23	-0.01523
38.24	-0.01200
38.25	-0.00868
38.26	-0.00521
38.27	-0.00170
38.28	0.00118
38.29	0.00324
38.3	0.00516
38.31	0.00739
38.32	0.00988
38.33	0.01236
38.34	0.01480
38.35	0.01725
38.36	0.01987
38.37	0.02254
38.38	0.02528
38.39	0.02806
38.4	0.03087
38.41	0.03374
38.42	0.03663
38.43	0.03956
38.44	0.04242
38.45	0.04406
38.46	0.04388
38.47	0.04318
38.48	0.04286
38.49	0.04285
38.5	0.04270
38.51	0.04231
38.52	0.04181
38.53	0.04136
38.54	0.04097
38.55	0.04115
38.56	0.04263
38.57	0.04457
38.58	0.04628
38.59	0.04768
38.6	0.04903
38.61	0.05050
38.62	0.05199
38.63	0.05335
38.64	0.05454
38.65	0.05477
38.66	0.05346
38.67	0.05148
38.68	0.04972
38.69	0.04816
38.7	0.04639
38.71	0.04435
38.72	0.04212
38.73	0.03987
38.74	0.03757
38.75	0.03515
38.76	0.03333
38.77	0.03316
38.78	0.03379
38.79	0.03411
38.8	0.03395
38.81	0.03366
38.82	0.03353
38.83	0.03338
38.84	0.03311
38.85	0.03264
38.86	0.03206
38.87	0.03141
38.88	0.03062
38.89	0.02873
38.9	0.02499
38.91	0.02046
38.92	0.01621
38.93	0.01220
38.94	0.00801
38.95	0.00350
38.96	-0.00114
38.97	-0.00583
38.98	-0.01051
38.99	-0.01523
39	-0.02008
39.01	-0.02476
39.02	-0.02755
39.03	-0.02831
39.04	-0.02879
39.05	-0.02987
39.06	-0.03130
39.07	-0.03251
39.08	-0.03348
39.09	-0.03445
39.1	-0.03552
39.11	-0.03672
39.12	-0.03789
39.13	-0.03904
39.14	-0.04017
39.15	-0.04134
39.16	-0.04249
39.17	-0.04365
39.18	-0.04476
39.19	-0.04588
39.2	-0.04697
39.21	-0.04762
39.22	-0.04673
39.23	-0.04471
39.24	-0.04270
39.25	-0.04107
39.26	-0.03943
39.27	-0.03755
39.28	-0.03548
39.29	-0.03336
39.3	-0.03129
39.31	-0.02916
39.32	-0.02697
39.33	-0.02469
39.34	-0.02233
39.35	-0.01992
39.36	-0.01743
39.37	-0.01513
39.38	-0.01368
39.39	-0.01281
39.4	-0.01182
39.41	-0.01056
39.42	-0.00913
39.43	-0.00779
39.44	-0.00641
39.45	-0.00497
39.46	-0.00340
39.47	-0.00174
39.48	0.00001
39.49	0.00182
39.5	0.00359
39.51	0.00437
39.52	0.00389
39.53	0.00315
39.54	0.00282
39.55	0.00275
39.56	0.00268
39.57	0.00248
39.58	0.00229
39.59	0.00225
39.6	0.00232
39.61	0.00246
39.62	0.00262
39.63	0.00284
39.64	0.00313
39.65	0.00346
39.66	0.00359
39.67	0.00299
39.68	0.00198
39.69	0.00107
39.7	0.00039
39.71	-0.00026
39.72	-0.00096
39.73	-0.00171
39.74	-0.00240
39.75	-0.00302
39.76	-0.00364
39.77	-0.00422
39.78	-0.00482
39.79	-0.00539
39.8	-0.00595
39.81	-0.00651
39.82	-0.00696
39.83	-0.00643
39.84	-0.00443
39.85	-0.00196
39.86	0.00018
39.87	0.00204
39.88	0.00401
39.89	0.00613
39.9	0.00831
39.91	0.01040
39.92	0.01241
39.93	0.01440
39.94	0.01640
39.95	0.01845
39.96	0.02054
39.97	0.02259
39.98	0.02455
39.99	0.02651
40	0.02842
40.01	0.03029
40.02	0.03214
40.03	0.03393
40.04	0.03566
40.05	0.03738
40.06	0.03903
40.07	0.04064
40.08	0.04236
40.09	0.04442
40.1	0.04664
40.11	0.04877
40.12	0.05075
40.13	0.05267
40.14	0.05464
40.15	0.05656
40.16	0.05842
40.17	0.05896
40.18	0.05644
40.19	0.05231
40.2	0.04848
40.21	0.04527
40.22	0.04201
40.23	0.03832
40.24	0.03434
40.25	0.03045
40.26	0.02662
40.27	0.02278
40.28	0.01888
40.29	0.01490
40.3	0.01089
40.31	0.00783
40.32	0.00749
40.33	0.00882
40.34	0.00989
40.35	0.00997
40.36	0.00748
40.37	0.00306
40.38	-0.00141
40.39	-0.00517
40.4	-0.00848
40.41	-0.00950
40.42	-0.00826
40.43	-0.00682
40.44	-0.00604
40.45	-0.00547
40.46	-0.00461
40.47	-0.00347
40.48	-0.00233
40.49	-0.00204
40.5	-0.00365
40.51	-0.00617
40.52	-0.00842
40.53	-0.01026
40.54	-0.01212
40.55	-0.01423
40.56	-0.01645
40.57	-0.01862
40.58	-0.02072
40.59	-0.02275
40.6	-0.02481
40.61	-0.02689
40.62	-0.02896
40.63	-0.03100
40.64	-0.03302
40.65	-0.03501
40.66	-0.03702
40.67	-0.03837
40.68	-0.03748
40.69	-0.03496
40.7	-0.03249
40.71	-0.03058
40.72	-0.02874
40.73	-0.02659
40.74	-0.02421
40.75	-0.02186
40.76	-0.01958
40.77	-0.01731
40.78	-0.01500
40.79	-0.01267
40.8	-0.01031
40.81	-0.00793
40.82	-0.00562
40.83	-0.00482
40.84	-0.00673
40.85	-0.00965
40.86	-0.01201
40.87	-0.01386
40.88	-0.01583
40.89	-0.01810
40.9	-0.02055
40.91	-0.02286
40.92	-0.02506
40.93	-0.02703
40.94	-0.02645
40.95	-0.02220
40.96	-0.01671
40.97	-0.01203
40.98	-0.00798
40.99	-0.00368
41	0.00113
41.01	0.00609
41.02	0.01092
41.03	0.01537
41.04	0.01798
41.05	0.01868
41.06	0.01910
41.07	0.02003
41.08	0.02123
41.09	0.02222
41.1	0.02294
41.11	0.02363
41.12	0.02442
41.13	0.02529
41.14	0.02616
41.15	0.02699
41.16	0.02780
41.17	0.02863
41.18	0.02945
41.19	0.03029
41.2	0.03113
41.21	0.03195
41.22	0.03202
41.23	0.02985
41.24	0.02632
41.25	0.02297
41.26	0.02011
41.27	0.01734
41.28	0.01424
41.29	0.01098
41.3	0.00775
41.31	0.00463
41.32	0.00154
41.33	-0.00155
41.34	-0.00472
41.35	-0.00784
41.36	-0.01098
41.37	-0.01411
41.38	-0.01722
41.39	-0.02078
41.4	-0.02500
41.41	-0.02949
41.42	-0.03386
41.43	-0.03804
41.44	-0.04229
41.45	-0.04665
41.46	-0.05100
41.47	-0.05535
41.48	-0.05964
41.49	-0.06394
41.5	-0.06825
41.51	-0.07210
41.52	-0.07365
41.53	-0.07337
41.54	-0.07304
41.55	-0.07330
41.56	-0.07372
41.57	-0.07384
41.58	-0.07373
41.59	-0.07361
41.6	-0.07362
41.61	-0.07363
41.62	-0.07366
41.63	-0.07364
41.64	-0.07359
41.65	-0.07357
41.66	-0.07354
41.67	-0.07352
41.68	-0.07348
41.69	-0.07342
41.7	-0.07339
41.71	-0.07335
41.72	-0.07330
41.73	-0.07308
41.74	-0.07117
41.75	-0.06719
41.76	-0.06270
41.77	-0.05870
41.78	-0.05503
41.79	-0.05118
41.8	-0.04707
41.81	-0.04286
41.82	-0.03878
41.83	-0.03476
41.84	-0.03073
41.85	-0.02669
41.86	-0.02260
41.87	-0.01855
41.88	-0.01450
41.89	-0.01047
41.9	-0.00642
41.91	-0.00240
41.92	0.00163
41.93	0.00567
41.94	0.00969
41.95	0.01368
41.96	0.01752
41.97	0.02018
41.98	0.02173
41.99	0.02319
42	0.02498
42.01	0.02687
42.02	0.02860
42.03	0.03018
42.04	0.03175
42.05	0.03320
42.06	0.03341
42.07	0.03194
42.08	0.03003
42.09	0.02850
42.1	0.02725
42.11	0.02581
42.12	0.02415
42.13	0.02241
42.14	0.02073
42.15	0.01909
42.16	0.01743
42.17	0.01574
42.18	0.01470
42.19	0.01613
42.2	0.01932
42.21	0.02243
42.22	0.02489
42.23	0.02721
42.24	0.02985
42.25	0.03268
42.26	0.03548
42.27	0.03814
42.28	0.04073
42.29	0.04307
42.3	0.04305
42.31	0.04053
42.32	0.03752
42.33	0.03521
42.34	0.03320
42.35	0.03094
42.36	0.02830
42.37	0.02562
42.38	0.02305
42.39	0.02057
42.4	0.01807
42.41	0.01551
42.42	0.01294
42.43	0.01038
42.44	0.00782
42.45	0.00528
42.46	0.00273
42.47	0.00021
42.48	-0.00131
42.49	-0.00067
42.5	0.00091
42.51	0.00212
42.52	0.00292
42.53	0.00374
42.54	0.00412
42.55	0.00372
42.56	0.00307
42.57	0.00259
42.58	0.00226
42.59	0.00191
42.6	0.00151
42.61	0.00113
42.62	0.00078
42.63	0.00053
42.64	0.00031
42.65	0.00015
42.66	0.00000
42.67	-0.00009
42.68	-0.00013
42.69	-0.00012
42.7	-0.00004
42.71	0.00007
42.72	0.00022
42.73	0.00044
42.74	0.00073
42.75	0.00105
42.76	0.00139
42.77	0.00182
42.78	0.00229
42.79	0.00280
42.8	0.00328
42.81	0.00308
42.82	0.00220
42.83	0.00124
42.84	0.00051
42.85	-0.00011
42.86	-0.00075
42.87	-0.00146
42.88	-0.00214
42.89	-0.00166
42.9	0.00130
42.91	0.00533
42.92	0.00897
42.93	0.01210
42.94	0.01532
42.95	0.01884
42.96	0.02252
42.97	0.02611
42.98	0.02959
42.99	0.03305
43	0.03650
43.01	0.03996
43.02	0.04311
43.03	0.04497
43.04	0.04575
43.05	0.04646
43.06	0.04748
43.07	0.04854
43.08	0.04939
43.09	0.05005
43.1	0.05067
43.11	0.05132
43.12	0.05190
43.13	0.05242
43.14	0.05286
43.15	0.05325
43.16	0.05357
43.17	0.05387
43.18	0.05384
43.19	0.05173
43.2	0.04741
43.21	0.04266
43.22	0.03847
43.23	0.03449
43.24	0.03022
43.25	0.02561
43.26	0.02089
43.27	0.01626
43.28	0.01163
43.29	0.00696
43.3	0.00220
43.31	-0.00262
43.32	-0.00731
43.33	-0.01069
43.34	-0.01237
43.35	-0.01368
43.36	-0.01542
43.37	-0.01745
43.38	-0.01936
43.39	-0.02103
43.4	-0.02268
43.41	-0.02442
43.42	-0.02616
43.43	-0.02700
43.44	-0.02628
43.45	-0.02497
43.46	-0.02392
43.47	-0.02319
43.48	-0.02238
43.49	-0.02134
43.5	-0.02022
43.51	-0.01929
43.52	-0.01935
43.53	-0.02012
43.54	-0.02085
43.55	-0.02132
43.56	-0.02171
43.57	-0.02059
43.58	-0.01618
43.59	-0.01026
43.6	-0.00487
43.61	-0.00013
43.62	0.00469
43.63	0.00995
43.64	0.01540
43.65	0.02074
43.66	0.02595
43.67	0.03111
43.68	0.03631
43.69	0.04133
43.7	0.04530
43.71	0.04841
43.72	0.05148
43.73	0.05479
43.74	0.05814
43.75	0.06133
43.76	0.06438
43.77	0.06738
43.78	0.07037
43.79	0.07335
43.8	0.07628
43.81	0.07885
43.82	0.07996
43.83	0.07986
43.84	0.07969
43.85	0.07984
43.86	0.08005
43.87	0.08005
43.88	0.07984
43.89	0.07961
43.9	0.07940
43.91	0.07919
43.92	0.07894
43.93	0.07864
43.94	0.07832
43.95	0.07800
43.96	0.07767
43.97	0.07734
43.98	0.07705
43.99	0.07609
44	0.07296
44.01	0.06824
44.02	0.06363
44.03	0.05962
44.04	0.05577
44.05	0.05171
44.06	0.04752
44.07	0.04341
44.08	0.03950
44.09	0.03574
44.1	0.03208
44.11	0.02847
44.12	0.02500
44.13	0.02168
44.14	0.01849
44.15	0.01546
44.16	0.01257
44.17	0.00985
44.18	0.00729
44.19	0.00490
44.2	0.00268
44.21	0.00065
44.22	-0.00123
44.23	-0.00290
44.24	-0.00439
44.25	-0.00570
44.26	-0.00682
44.27	-0.00775
44.28	-0.00851
44.29	-0.00908
44.3	-0.00986
44.31	-0.01121
44.32	-0.01269
44.33	-0.01389
44.34	-0.01483
44.35	-0.01562
44.36	-0.01639
44.37	-0.01707
44.38	-0.01763
44.39	-0.01804
44.4	-0.01837
44.41	-0.01863
44.42	-0.01884
44.43	-0.01902
44.44	-0.01913
44.45	-0.01921
44.46	-0.01929
44.47	-0.01941
44.48	-0.01953
44.49	-0.01968
44.5	-0.01989
44.51	-0.02015
44.52	-0.02042
44.53	-0.02047
44.54	-0.02040
44.55	-0.02045
44.56	-0.02077
44.57	-0.02121
44.58	-0.02177
44.59	-0.02247
44.6	-0.02338
44.61	-0.02448
44.62	-0.02579
44.63	-0.02732
44.64	-0.02906
44.65	-0.03104
44.66	-0.03326
44.67	-0.03570
44.68	-0.03841
44.69	-0.04131
44.7	-0.04328
44.71	-0.04191
44.72	-0.03859
44.73	-0.03579
44.74	-0.03410
44.75	-0.03270
44.76	-0.03109
44.77	-0.02941
44.78	-0.02805
44.79	-0.02707
44.8	-0.02636
44.81	-0.02581
44.82	-0.02543
44.83	-0.02521
44.84	-0.02521
44.85	-0.02537
44.86	-0.02570
44.87	-0.02617
44.88	-0.02738
44.89	-0.03053
44.9	-0.03491
44.91	-0.03920
44.92	-0.04317
44.93	-0.04717
44.94	-0.05147
44.95	-0.05592
44.96	-0.06011
44.97	-0.06288
44.98	-0.06450
44.99	-0.06610
45	-0.06805
45.01	-0.07008
45.02	-0.07185
45.03	-0.07340
45.04	-0.07487
45.05	-0.07633
45.06	-0.07770
45.07	-0.07893
45.08	-0.08007
45.09	-0.08100
45.1	-0.08185
45.11	-0.08256
45.12	-0.08307
45.13	-0.08347
45.14	-0.08367
45.15	-0.08371
45.16	-0.08358
45.17	-0.08329
45.18	-0.08282
45.19	-0.08213
45.2	-0.08129
45.21	-0.08030
45.22	-0.07910
45.23	-0.07773
45.24	-0.07619
45.25	-0.07449
45.26	-0.07263
45.27	-0.07058
45.28	-0.06840
45.29	-0.06605
45.3	-0.06365
45.31	-0.06176
45.32	-0.06033
45.33	-0.05879
45.34	-0.05697
45.35	-0.05498
45.36	-0.05296
45.37	-0.05094
45.38	-0.04882
45.39	-0.04658
45.4	-0.04427
45.41	-0.04190
45.42	-0.03949
45.43	-0.03702
45.44	-0.03454
45.45	-0.03201
45.46	-0.02943
45.47	-0.02688
45.48	-0.02431
45.49	-0.02172
45.5	-0.01916
45.51	-0.01660
45.52	-0.01408
45.53	-0.01156
45.54	-0.00906
45.55	-0.00661
45.56	-0.00420
45.57	-0.00183
45.58	0.00049
45.59	0.00276
45.6	0.00499
45.61	0.00716
45.62	0.00925
45.63	0.01129
45.64	0.01306
45.65	0.01444
45.66	0.01565
45.67	0.01688
45.68	0.01810
45.69	0.01922
45.7	0.02027
45.71	0.02123
45.72	0.02212
45.73	0.02302
45.74	0.02381
45.75	0.02457
45.76	0.02526
45.77	0.02592
45.78	0.02649
45.79	0.02706
45.8	0.02758
45.81	0.02806
45.82	0.02849
45.83	0.02892
45.84	0.02929
45.85	0.02964
45.86	0.02997
45.87	0.03025
45.88	0.03054
45.89	0.03083
45.9	0.03106
45.91	0.03131
45.92	0.03153
45.93	0.03175
45.94	0.03198
45.95	0.03219
45.96	0.03239
45.97	0.03261
45.98	0.03282
45.99	0.03305
46	0.03326
46.01	0.03337
46.02	0.03232
46.03	0.02979
46.04	0.02692
46.05	0.02441
46.06	0.02214
46.07	0.01975
46.08	0.01717
46.09	0.01455
46.1	0.01202
46.11	0.00955
46.12	0.00708
46.13	0.00457
46.14	0.00207
46.15	-0.00042
46.16	-0.00289
46.17	-0.00533
46.18	-0.00782
46.19	-0.01028
46.2	-0.01275
46.21	-0.01500
46.22	-0.01561
46.23	-0.01469
46.24	-0.01367
46.25	-0.01311
46.26	-0.01274
46.27	-0.01250
46.28	-0.01267
46.29	-0.01301
46.3	-0.01338
46.31	-0.01366
46.32	-0.01399
46.33	-0.01437
46.34	-0.01478
46.35	-0.01519
46.36	-0.01550
46.37	-0.01477
46.38	-0.01276
46.39	-0.01045
46.4	-0.00846
46.41	-0.00670
46.42	-0.00483
46.43	-0.00280
46.44	-0.00075
46.45	0.00075
46.46	0.00100
46.47	0.00061
46.48	0.00041
46.49	0.00043
46.5	0.00044
46.51	0.00029
46.52	0.00005
46.53	-0.00018
46.54	-0.00037
46.55	-0.00055
46.56	-0.00078
46.57	-0.00098
46.58	-0.00120
46.59	-0.00144
46.6	-0.00167
46.61	-0.00190
46.62	-0.00213
46.63	-0.00237
46.64	-0.00260
46.65	-0.00285
46.66	-0.00309
46.67	-0.00332
46.68	-0.00355
46.69	-0.00378
46.7	-0.00400
46.71	-0.00407
46.72	-0.00347
46.73	-0.00231
46.74	-0.00109
46.75	-0.00006
46.76	0.00091
46.77	0.00197
46.78	0.00313
46.79	0.00428
46.8	0.00543
46.81	0.00649
46.82	0.00674
46.83	0.00550
46.84	0.00372
46.85	0.00221
46.86	0.00100
46.87	-0.00027
46.88	-0.00171
46.89	-0.00324
46.9	-0.00471
46.91	-0.00599
46.92	-0.00617
46.93	-0.00499
46.94	-0.00348
46.95	-0.00232
46.96	-0.00134
46.97	-0.00022
46.98	0.00106
46.99	0.00242
47	0.00370
47.01	0.00493
47.02	0.00619
47.03	0.00747
47.04	0.00875
47.05	0.01004
47.06	0.01132
47.07	0.01260
47.08	0.01390
47.09	0.01517
47.1	0.01649
47.11	0.01779
47.12	0.01908
47.13	0.02038
47.14	0.02167
47.15	0.02297
47.16	0.02426
47.17	0.02557
47.18	0.02688
47.19	0.02817
47.2	0.02947
47.21	0.03077
47.22	0.03206
47.23	0.03336
47.24	0.03464
47.25	0.03594
47.26	0.03723
47.27	0.03853
47.28	0.03981
47.29	0.04111
47.3	0.04239
47.31	0.04367
47.32	0.04496
47.33	0.04624
47.34	0.04751
47.35	0.04879
47.36	0.05009
47.37	0.05136
47.38	0.05264
47.39	0.05389
47.4	0.05516
47.41	0.05532
47.42	0.05305
47.43	0.04971
47.44	0.04682
47.45	0.04440
47.46	0.04192
47.47	0.03912
47.48	0.03617
47.49	0.03331
47.5	0.03053
47.51	0.02780
47.52	0.02498
47.53	0.02219
47.54	0.01938
47.55	0.01659
47.56	0.01381
47.57	0.01100
47.58	0.00821
47.59	0.00544
47.6	0.00263
47.61	-0.00015
47.62	-0.00294
47.63	-0.00573
47.64	-0.00850
47.65	-0.01128
47.66	-0.01408
47.67	-0.01684
47.68	-0.01963
47.69	-0.02238
47.7	-0.02517
47.71	-0.02794
47.72	-0.03070
47.73	-0.03348
47.74	-0.03623
47.75	-0.03899
47.76	-0.04177
47.77	-0.04423
47.78	-0.04382
47.79	-0.03985
47.8	-0.03498
47.81	-0.03101
47.82	-0.02758
47.83	-0.02385
47.84	-0.01961
47.85	-0.01528
47.86	-0.01111
47.87	-0.00706
47.88	-0.00301
47.89	0.00110
47.9	0.00524
47.91	0.00939
47.92	0.01350
47.93	0.01759
47.94	0.02172
47.95	0.02579
47.96	0.02868
47.97	0.02948
47.98	0.02954
47.99	0.02997
48	0.03081
48.01	0.03154
48.02	0.03199
48.03	0.03236
48.04	0.03278
48.05	0.03331
48.06	0.03385
48.07	0.03433
48.08	0.03480
48.09	0.03525
48.1	0.03574
48.11	0.03623
48.12	0.03672
48.13	0.03720
48.14	0.03767
48.15	0.03815
48.16	0.03862
48.17	0.03911
48.18	0.03957
48.19	0.04005
48.2	0.04053
48.21	0.04099
48.22	0.04146
48.23	0.04191
48.24	0.04240
48.25	0.04286
48.26	0.04332
48.27	0.04378
48.28	0.04424
48.29	0.04471
48.3	0.04518
48.31	0.04563
48.32	0.04608
48.33	0.04653
48.34	0.04698
48.35	0.04743
48.36	0.04668
48.37	0.04297
48.38	0.03773
48.39	0.03285
48.4	0.02862
48.41	0.02438
48.42	0.01974
48.43	0.01489
48.44	0.01009
48.45	0.00546
48.46	0.00085
48.47	-0.00382
48.48	-0.00850
48.49	-0.01320
48.5	-0.01788
48.51	-0.02254
48.52	-0.02722
48.53	-0.03192
48.54	-0.03660
48.55	-0.04127
48.56	-0.04481
48.57	-0.04504
48.58	-0.04328
48.59	-0.04178
48.6	-0.04102
48.61	-0.04034
48.62	-0.03924
48.63	-0.03786
48.64	-0.03656
48.65	-0.03537
48.66	-0.03425
48.67	-0.03309
48.68	-0.03188
48.69	-0.03068
48.7	-0.02949
48.71	-0.02829
48.72	-0.02710
48.73	-0.02591
48.74	-0.02473
48.75	-0.02351
48.76	-0.02232
48.77	-0.02113
48.78	-0.01993
48.79	-0.01872
48.8	-0.01751
48.81	-0.01631
48.82	-0.01511
48.83	-0.01390
48.84	-0.01269
48.85	-0.01147
48.86	-0.01038
48.87	-0.00971
48.88	-0.00944
48.89	-0.00916
48.9	-0.00875
48.91	-0.00834
48.92	-0.00795
48.93	-0.00762
48.94	-0.00729
48.95	-0.00692
48.96	-0.00581
48.97	-0.00311
48.98	0.00026
48.99	0.00337
49	0.00615
49.01	0.00900
49.02	0.01205
49.03	0.01519
49.04	0.01828
49.05	0.02133
49.06	0.02435
49.07	0.02739
49.08	0.03045
49.09	0.03323
49.1	0.03392
49.11	0.03264
49.12	0.03121
49.13	0.03038
49.14	0.02978
49.15	0.02889
49.16	0.02776
49.17	0.02660
49.18	0.02559
49.19	0.02463
49.2	0.02363
49.21	0.02262
49.22	0.02157
49.23	0.02057
49.24	0.01955
49.25	0.01855
49.26	0.01739
49.27	0.01519
49.28	0.01179
49.29	0.00824
49.3	0.00502
49.31	0.00191
49.32	-0.00131
49.33	-0.00468
49.34	-0.00805
49.35	-0.01109
49.36	-0.01381
49.37	-0.01652
49.38	-0.01930
49.39	-0.02215
49.4	-0.02496
49.41	-0.02774
49.42	-0.03050
49.43	-0.03327
49.44	-0.03608
49.45	-0.03888
49.46	-0.04167
49.47	-0.04447
49.48	-0.04727
49.49	-0.05006
49.5	-0.05286
49.51	-0.05569
49.52	-0.05849
49.53	-0.06131
49.54	-0.06371
49.55	-0.06410
49.56	-0.06284
49.57	-0.06155
49.58	-0.06080
49.59	-0.06019
49.6	-0.05934
49.61	-0.05830
49.62	-0.05724
49.63	-0.05630
49.64	-0.05539
49.65	-0.05449
49.66	-0.05356
49.67	-0.05263
49.68	-0.05171
49.69	-0.05080
49.7	-0.04989
49.71	-0.04899
49.72	-0.04773
49.73	-0.04558
49.74	-0.04295
49.75	-0.04043
49.76	-0.03811
49.77	-0.03581
49.78	-0.03339
49.79	-0.03092
49.8	-0.02848
49.81	-0.02606
49.82	-0.02367
49.83	-0.02127
49.84	-0.01889
49.85	-0.01649
49.86	-0.01410
49.87	-0.01171
49.88	-0.00935
49.89	-0.00698
49.9	-0.00461
49.91	-0.00225
49.92	0.00010
49.93	0.00246
49.94	0.00478
49.95	0.00678
49.96	0.00819
49.97	0.00933
49.98	0.01063
49.99	0.01204
50	0.01340
50.01	0.01468
50.02	0.01595
50.03	0.01722
50.04	0.01853
50.05	0.01984
50.06	0.02113
50.07	0.02242
50.08	0.02360
50.09	0.02380
50.1	0.02276
50.11	0.02144
50.12	0.02042
50.13	0.01958
50.14	0.01864
50.15	0.01755
50.16	0.01643
50.17	0.01534
50.18	0.01432
50.19	0.01331
50.2	0.01228
50.21	0.01124
50.22	0.01022
50.23	0.00921
50.24	0.00821
50.25	0.00722
50.26	0.00655
50.27	0.00705
50.28	0.00841
50.29	0.00970
50.3	0.01075
50.31	0.01174
50.32	0.01291
50.33	0.01416
50.34	0.01544
50.35	0.01669
50.36	0.01790
50.37	0.01879
50.38	0.01863
50.39	0.01782
50.4	0.01712
50.41	0.01667
50.42	0.01624
50.43	0.01574
50.44	0.01512
50.45	0.01453
50.46	0.01403
50.47	0.01354
50.48	0.01308
50.49	0.01259
50.5	0.01214
50.51	0.01168
50.52	0.01128
50.53	0.01088
50.54	0.01047
50.55	0.01010
50.56	0.00973
50.57	0.00939
50.58	0.00904
50.59	0.00873
50.6	0.00843
50.61	0.00837
50.62	0.00917
50.63	0.01060
50.64	0.01199
50.65	0.01318
50.66	0.01437
50.67	0.01566
50.68	0.01707
50.69	0.01845
50.7	0.01981
50.71	0.02118
50.72	0.02255
50.73	0.02395
50.74	0.02537
50.75	0.02678
50.76	0.02817
50.77	0.02961
50.78	0.03103
50.79	0.03247
50.8	0.03393
50.81	0.03536
50.82	0.03680
50.83	0.03825
50.84	0.03969
50.85	0.04097
50.86	0.04049
50.87	0.03780
50.88	0.03459
50.89	0.03190
50.9	0.02955
50.91	0.02701
50.92	0.02416
50.93	0.02127
50.94	0.01843
50.95	0.01569
50.96	0.01293
50.97	0.01012
50.98	0.00728
50.99	0.00446
51	0.00152
51.01	-0.00162
51.02	-0.00483
51.03	-0.00804
51.04	-0.01122
51.05	-0.01443
51.06	-0.01767
51.07	-0.02094
51.08	-0.02421
51.09	-0.02751
51.1	-0.03083
51.11	-0.03415
51.12	-0.03751
51.13	-0.04089
51.14	-0.04427
51.15	-0.04768
51.16	-0.05112
51.17	-0.05456
51.18	-0.05804
51.19	-0.06153
51.2	-0.06505
51.21	-0.06860
51.22	-0.07216
51.23	-0.07573
51.24	-0.07933
51.25	-0.08297
51.26	-0.08662
51.27	-0.09030
51.28	-0.09399
51.29	-0.09771
51.3	-0.10144
51.31	-0.10359
51.32	-0.10232
51.33	-0.09957
51.34	-0.09746
51.35	-0.09604
51.36	-0.09453
51.37	-0.09262
51.38	-0.09051
51.39	-0.08853
51.4	-0.08672
51.41	-0.08494
51.42	-0.08313
51.43	-0.08132
51.44	-0.07950
51.45	-0.07731
51.46	-0.07309
51.47	-0.06722
51.48	-0.06130
51.49	-0.05597
51.5	-0.05076
51.51	-0.04534
51.52	-0.03971
51.53	-0.03407
51.54	-0.02857
51.55	-0.02311
51.56	-0.01763
51.57	-0.01214
51.58	-0.00664
51.59	-0.00117
51.6	0.00430
51.61	0.00975
51.62	0.01523
51.63	0.02067
51.64	0.02613
51.65	0.03158
51.66	0.03704
51.67	0.04183
51.68	0.04334
51.69	0.04220
51.7	0.04099
51.71	0.04066
51.72	0.04057
51.73	0.04006
51.74	0.03923
51.75	0.03839
51.76	0.03775
51.77	0.03719
51.78	0.03660
51.79	0.03596
51.8	0.03533
51.81	0.03474
51.82	0.03417
51.83	0.03363
51.84	0.03306
51.85	0.03253
51.86	0.03200
51.87	0.03151
51.88	0.03101
51.89	0.03056
51.9	0.03011
51.91	0.02966
51.92	0.02927
51.93	0.02887
51.94	0.02850
51.95	0.02814
51.96	0.02802
51.97	0.02834
51.98	0.02888
51.99	0.02935
52	0.02975
52.01	0.03022
52.02	0.03075
52.03	0.03131
52.04	0.03189
52.05	0.03246
52.06	0.03306
52.07	0.03371
52.08	0.03435
52.09	0.03503
52.1	0.03571
52.11	0.03643
52.12	0.03717
52.13	0.03792
52.14	0.03871
52.15	0.03947
52.16	0.04029
52.17	0.04083
52.18	0.04042
52.19	0.03928
52.2	0.03820
52.21	0.03738
52.22	0.03665
52.23	0.03578
52.24	0.03484
52.25	0.03394
52.26	0.03308
52.27	0.03225
52.28	0.03144
52.29	0.03061
52.3	0.02981
52.31	0.02903
52.32	0.02824
52.33	0.02748
52.34	0.02675
52.35	0.02599
52.36	0.02527
52.37	0.02452
52.38	0.02382
52.39	0.02309
52.4	0.02240
52.41	0.02168
52.42	0.02099
52.43	0.02030
52.44	0.01963
52.45	0.01894
52.46	0.01826
52.47	0.01761
52.48	0.01692
52.49	0.01626
52.5	0.01558
52.51	0.01492
52.52	0.01424
52.53	0.01356
52.54	0.01288
52.55	0.01222
52.56	0.01154
52.57	0.01084
52.58	0.01017
52.59	0.00946
52.6	0.00877
52.61	0.00806
52.62	0.00736
52.63	0.00663
52.64	0.00593
52.65	0.00518
52.66	0.00446
52.67	0.00370
52.68	0.00294
52.69	0.00220
52.7	0.00141
52.71	0.00064
52.72	-0.00018
52.73	-0.00096
52.74	-0.00111
52.75	0.00042
52.76	0.00277
52.77	0.00493
52.78	0.00669
52.79	0.00846
52.8	0.01045
52.81	0.01251
52.82	0.01453
52.83	0.01648
52.84	0.01838
52.85	0.02030
52.86	0.02220
52.87	0.02411
52.88	0.02597
52.89	0.02783
52.9	0.02969
52.91	0.03154
52.92	0.03333
52.93	0.03515
52.94	0.03694
52.95	0.03872
52.96	0.04048
52.97	0.04222
52.98	0.04394
52.99	0.04566
53	0.04736
53.01	0.04902
53.02	0.05070
53.03	0.05235
53.04	0.05399
53.05	0.05561
53.06	0.05689
53.07	0.05659
53.08	0.05500
53.09	0.05337
53.1	0.05216
53.11	0.05102
53.12	0.04971
53.13	0.04819
53.14	0.04665
53.15	0.04519
53.16	0.04375
53.17	0.04228
53.18	0.04077
53.19	0.03926
53.2	0.03773
53.21	0.03620
53.22	0.03466
53.23	0.03310
53.24	0.03154
53.25	0.02996
53.26	0.02838
53.27	0.02679
53.28	0.02521
53.29	0.02361
53.3	0.02200
53.31	0.02037
53.32	0.01876
53.33	0.01711
53.34	0.01548
53.35	0.01384
53.36	0.01220
53.37	0.01056
53.38	0.00890
53.39	0.00725
53.4	0.00559
53.41	0.00294
53.42	-0.00314
53.43	-0.01172
53.44	-0.02017
53.45	-0.02778
53.46	-0.03520
53.47	-0.04308
53.48	-0.05072
53.49	-0.05357
53.5	-0.05119
53.51	-0.04789
53.52	-0.04604
53.53	-0.04490
53.54	-0.04319
53.55	-0.04079
53.56	-0.03827
53.57	-0.03599
53.58	-0.03390
53.59	-0.03179
53.6	-0.02955
53.61	-0.02725
53.62	-0.02499
53.63	-0.02274
53.64	-0.02052
53.65	-0.01888
53.66	-0.01961
53.67	-0.02199
53.68	-0.02431
53.69	-0.02602
53.7	-0.02712
53.71	-0.02614
53.72	-0.02343
53.73	-0.02065
53.74	-0.01835
53.75	-0.01618
53.76	-0.01374
53.77	-0.01146
53.78	-0.01009
53.79	-0.00919
53.8	-0.00818
53.81	-0.00696
53.82	-0.00571
53.83	-0.00454
53.84	-0.00344
53.85	-0.00228
53.86	-0.00110
53.87	0.00013
53.88	0.00135
53.89	0.00257
53.9	0.00382
53.91	0.00507
53.92	0.00636
53.93	0.00730
53.94	0.00532
53.95	0.00029
53.96	-0.00529
53.97	-0.00999
53.98	-0.01416
53.99	-0.01615
54	-0.01417
54.01	-0.01059
54.02	-0.00925
54.03	-0.00714
54.04	-0.00480
54.05	-0.00196
54.06	0.00110
54.07	0.00402
54.08	0.00677
54.09	0.00838
54.1	0.00725
54.11	0.00471
54.12	0.00251
54.13	0.00091
54.14	-0.00073
54.15	-0.00270
54.16	-0.00486
54.17	-0.00695
54.18	-0.00891
54.19	-0.01085
54.2	-0.01283
54.21	-0.01482
54.22	-0.01683
54.23	-0.01881
54.24	-0.02079
54.25	-0.02275
54.26	-0.02474
54.27	-0.02672
54.28	-0.02870
54.29	-0.03067
54.3	-0.03265
54.31	-0.03463
54.32	-0.03661
54.33	-0.03859
54.34	-0.04058
54.35	-0.04257
54.36	-0.04453
54.37	-0.04628
54.38	-0.04744
54.39	-0.04829
54.4	-0.04923
54.41	-0.05029
54.42	-0.05136
54.43	-0.05235
54.44	-0.05331
54.45	-0.05430
54.46	-0.05530
54.47	-0.05632
54.48	-0.05733
54.49	-0.05834
54.5	-0.05936
54.51	-0.06037
54.52	-0.06141
54.53	-0.06244
54.54	-0.06347
54.55	-0.06450
54.56	-0.06542
54.57	-0.06560
54.58	-0.06522
54.59	-0.06482
54.6	-0.06465
54.61	-0.06450
54.62	-0.06430
54.63	-0.06400
54.64	-0.06372
54.65	-0.06348
54.66	-0.06326
54.67	-0.06306
54.68	-0.06282
54.69	-0.06259
54.7	-0.06237
54.71	-0.06217
54.72	-0.06195
54.73	-0.06173
54.74	-0.06152
54.75	-0.06132
54.76	-0.06111
54.77	-0.06090
54.78	-0.06068
54.79	-0.06047
54.8	-0.06026
54.81	-0.06005
54.82	-0.05984
54.83	-0.05961
54.84	-0.05940
54.85	-0.05917
54.86	-0.05892
54.87	-0.05869
54.88	-0.05844
54.89	-0.05819
54.9	-0.05780
54.91	-0.05674
54.92	-0.05517
54.93	-0.05353
54.94	-0.05211
54.95	-0.05072
54.96	-0.04924
54.97	-0.04771
54.98	-0.04615
54.99	-0.04463
55	-0.04312
55.01	-0.04160
55.02	-0.04005
55.03	-0.03850
55.04	-0.03697
55.05	-0.03540
55.06	-0.03387
55.07	-0.03230
55.08	-0.03074
55.09	-0.02915
55.1	-0.02759
55.11	-0.02599
55.12	-0.02441
55.13	-0.02280
55.14	-0.02121
55.15	-0.01961
55.16	-0.01801
55.17	-0.01640
55.18	-0.01477
55.19	-0.01317
55.2	-0.01154
55.21	-0.00991
55.22	-0.00830
55.23	-0.00666
55.24	-0.00503
55.25	-0.00339
55.26	-0.00176
55.27	-0.00014
55.28	0.00156
55.29	0.00367
55.3	0.00617
55.31	0.00871
55.32	0.01111
55.33	0.01346
55.34	0.01585
55.35	0.01827
55.36	0.02069
55.37	0.02308
55.38	0.02542
55.39	0.02776
55.4	0.03011
55.41	0.03241
55.42	0.03472
55.43	0.03700
55.44	0.03925
55.45	0.04148
55.46	0.04368
55.47	0.04588
55.48	0.04805
55.49	0.05017
55.5	0.05229
55.51	0.05438
55.52	0.05644
55.53	0.05844
55.54	0.06000
55.55	0.06075
55.56	0.06123
55.57	0.06179
55.58	0.06250
55.59	0.06315
55.6	0.06367
55.61	0.06413
55.62	0.06459
55.63	0.06508
55.64	0.06553
55.65	0.06596
55.66	0.06632
55.67	0.06670
55.68	0.06702
55.69	0.06735
55.7	0.06762
55.71	0.06787
55.72	0.06811
55.73	0.06832
55.74	0.06849
55.75	0.06863
55.76	0.06875
55.77	0.06885
55.78	0.06890
55.79	0.06894
55.8	0.06895
55.81	0.06894
55.82	0.06883
55.83	0.06838
55.84	0.06765
55.85	0.06691
55.86	0.06623
55.87	0.06554
55.88	0.06482
55.89	0.06403
55.9	0.06324
55.91	0.06242
55.92	0.06161
55.93	0.06076
55.94	0.05992
55.95	0.05904
55.96	0.05816
55.97	0.05727
55.98	0.05635
55.99	0.05542
56	0.05449
56.01	0.05357
56.02	0.05262
56.03	0.05156
56.04	0.04977
56.05	0.04722
56.06	0.04459
56.07	0.04215
56.08	0.03984
56.09	0.03746
56.1	0.03499
56.11	0.03255
56.12	0.03013
56.13	0.02778
56.14	0.02547
56.15	0.02314
56.16	0.02084
56.17	0.01860
56.18	0.01636
56.19	0.01414
56.2	0.01198
56.21	0.00983
56.22	0.00773
56.23	0.00565
56.24	0.00363
56.25	0.00164
56.26	-0.00034
56.27	-0.00226
56.28	-0.00416
56.29	-0.00600
56.3	-0.00779
56.31	-0.00957
56.32	-0.01072
56.33	-0.01064
56.34	-0.01001
56.35	-0.00958
56.36	-0.00939
56.37	-0.00912
56.38	-0.00869
56.39	-0.00819
56.4	-0.00771
56.41	-0.00772
56.42	-0.00854
56.43	-0.00961
56.44	-0.01045
56.45	-0.01112
56.46	-0.01179
56.47	-0.01251
56.48	-0.01326
56.49	-0.01393
56.5	-0.01451
56.51	-0.01506
56.52	-0.01559
56.53	-0.01611
56.54	-0.01655
56.55	-0.01696
56.56	-0.01734
56.57	-0.01766
56.58	-0.01797
56.59	-0.01793
56.6	-0.01716
56.61	-0.01599
56.62	-0.01487
56.63	-0.01392
56.64	-0.01294
56.65	-0.01223
56.66	-0.01231
56.67	-0.01288
56.68	-0.01329
56.69	-0.01351
56.7	-0.01370
56.71	-0.01393
56.72	-0.01424
56.73	-0.01446
56.74	-0.01463
56.75	-0.01475
56.76	-0.01489
56.77	-0.01498
56.78	-0.01506
56.79	-0.01512
56.8	-0.01516
56.81	-0.01517
56.82	-0.01517
56.83	-0.01515
56.84	-0.01511
56.85	-0.01506
56.86	-0.01501
56.87	-0.01494
56.88	-0.01485
56.89	-0.01476
56.9	-0.01464
56.91	-0.01454
56.92	-0.01441
56.93	-0.01429
56.94	-0.01417
56.95	-0.01404
56.96	-0.01392
56.97	-0.01377
56.98	-0.01360
56.99	-0.01273
57	-0.01057
57.01	-0.00801
57.02	-0.00574
57.03	-0.00375
57.04	-0.00177
57.05	0.00033
57.06	0.00245
57.07	0.00445
57.08	0.00636
57.09	0.00818
57.1	0.01000
57.11	0.01176
57.12	0.01343
57.13	0.01505
57.14	0.01660
57.15	0.01809
57.16	0.01928
57.17	0.01920
57.18	0.01809
57.19	0.01699
57.2	0.01621
57.21	0.01549
57.22	0.01462
57.23	0.01363
57.24	0.01260
57.25	0.01170
57.26	0.01128
57.27	0.01151
57.28	0.01189
57.29	0.01209
57.3	0.01212
57.31	0.01220
57.32	0.01231
57.33	0.01242
57.34	0.01245
57.35	0.01243
57.36	0.01236
57.37	0.01228
57.38	0.01219
57.39	0.01203
57.4	0.01188
57.41	0.01166
57.42	0.01144
57.43	0.01117
57.44	0.01087
57.45	0.01057
57.46	0.01023
57.47	0.00985
57.48	0.00948
57.49	0.00906
57.5	0.00863
57.51	0.00817
57.52	0.00772
57.53	0.00722
57.54	0.00674
57.55	0.00622
57.56	0.00584
57.57	0.00579
57.58	0.00593
57.59	0.00596
57.6	0.00588
57.61	0.00578
57.62	0.00570
57.63	0.00561
57.64	0.00546
57.65	0.00530
57.66	0.00511
57.67	0.00488
57.68	0.00461
57.69	0.00400
57.7	0.00292
57.71	0.00171
57.72	0.00061
57.73	-0.00037
57.74	-0.00137
57.75	-0.00239
57.76	-0.00341
57.77	-0.00439
57.78	-0.00533
57.79	-0.00625
57.8	-0.00713
57.81	-0.00801
57.82	-0.00885
57.83	-0.00966
57.84	-0.01042
57.85	-0.01116
57.86	-0.01188
57.87	-0.01257
57.88	-0.01321
57.89	-0.01385
57.9	-0.01442
57.91	-0.01500
57.92	-0.01551
57.93	-0.01602
57.94	-0.01647
57.95	-0.01691
57.96	-0.01732
57.97	-0.01768
57.98	-0.01802
57.99	-0.01832
58	-0.01860
58.01	-0.01885
58.02	-0.01907
58.03	-0.01923
58.04	-0.01939
58.05	-0.01953
58.06	-0.01962
58.07	-0.01969
58.08	-0.01979
58.09	-0.01991
58.1	-0.02003
58.11	-0.02010
58.12	-0.02010
58.13	-0.02009
58.14	-0.02007
58.15	-0.02000
58.16	-0.01990
58.17	-0.01978
58.18	-0.01961
58.19	-0.01943
58.2	-0.01922
58.21	-0.01900
58.22	-0.01875
58.23	-0.01845
58.24	-0.01815
58.25	-0.01782
58.26	-0.01748
58.27	-0.01712
58.28	-0.01674
58.29	-0.01634
58.3	-0.01593
58.31	-0.01550
58.32	-0.01498
58.33	-0.01437
58.34	-0.01375
58.35	-0.01316
58.36	-0.01259
58.37	-0.01198
58.38	-0.01139
58.39	-0.01081
58.4	-0.01021
58.41	-0.00964
58.42	-0.00906
58.43	-0.00849
58.44	-0.00789
58.45	-0.00734
58.46	-0.00680
58.47	-0.00624
58.48	-0.00571
58.49	-0.00516
58.5	-0.00465
58.51	-0.00412
58.52	-0.00365
58.53	-0.00313
58.54	-0.00264
58.55	-0.00217
58.56	-0.00172
58.57	-0.00126
58.58	-0.00081
58.59	-0.00038
58.6	0.00002
58.61	0.00043
58.62	0.00082
58.63	0.00120
58.64	0.00157
58.65	0.00192
58.66	0.00226
58.67	0.00259
58.68	0.00292
58.69	0.00322
58.7	0.00351
58.71	0.00377
58.72	0.00404
58.73	0.00426
58.74	0.00452
58.75	0.00474
58.76	0.00494
58.77	0.00512
58.78	0.00530
58.79	0.00546
58.8	0.00564
58.81	0.00578
58.82	0.00591
58.83	0.00602
58.84	0.00611
58.85	0.00617
58.86	0.00622
58.87	0.00629
58.88	0.00632
58.89	0.00635
58.9	0.00638
58.91	0.00639
58.92	0.00640
58.93	0.00639
58.94	0.00640
58.95	0.00637
58.96	0.00633
58.97	0.00630
58.98	0.00624
58.99	0.00621
59	0.00615
59.01	0.00609
59.02	0.00602
59.03	0.00595
59.04	0.00587
59.05	0.00579
59.06	0.00569
59.07	0.00561
59.08	0.00551
59.09	0.00541
59.1	0.00531
59.11	0.00518
59.12	0.00507
59.13	0.00494
59.14	0.00483
59.15	0.00468
59.16	0.00453
59.17	0.00440
59.18	0.00425
59.19	0.00412
59.2	0.00398
59.21	0.00383
59.22	0.00368
59.23	0.00354
59.24	0.00338
59.25	0.00324
59.26	0.00308
59.27	0.00293
59.28	0.00278
59.29	0.00262
59.3	0.00247
59.31	0.00233
59.32	0.00217
59.33	0.00202
59.34	0.00188
59.35	0.00173
59.36	0.00159
59.37	0.00146
59.38	0.00133
59.39	0.00119
59.4	0.00105
59.41	0.00093
59.42	0.00081
59.43	0.00068
59.44	0.00057
59.45	0.00047
59.46	0.00035
59.47	0.00024
59.48	0.00013
59.49	0.00003
59.5	-0.00006
59.51	-0.00016
59.52	-0.00024
59.53	-0.00032
59.54	-0.00041
59.55	-0.00049
59.56	-0.00057
59.57	-0.00062
59.58	-0.00069
59.59	-0.00074
59.6	-0.00081
59.61	-0.00086
59.62	-0.00091
59.63	-0.00095
59.64	-0.00100
59.65	-0.00103
59.66	-0.00106
59.67	-0.00112
59.68	-0.00114
59.69	-0.00116
59.7	-0.00118
59.71	-0.00119
59.72	-0.00122
59.73	-0.00122
59.74	-0.00123
59.75	-0.00124
59.76	-0.00124
59.77	-0.00125
59.78	-0.00124
59.79	-0.00124
59.8	-0.00123
59.81	-0.00123
59.82	-0.00122
59.83	-0.00119
59.84	-0.00117
59.85	-0.00117
59.86	-0.00115
59.87	-0.00112
59.88	-0.00111
59.89	-0.00109
59.9	-0.00105
59.91	-0.00103
59.92	-0.00101
59.93	-0.00097
59.94	-0.00094
59.95	-0.00092
59.96	-0.00089
59.97	-0.00085
59.98	-0.00082
59.99	-0.00078
