1 3.50872e-05 0.000106296 0.00018131 0.00028116 0.000352468 0.000416232 0.000523468 0.00061643 0.000691888 0.000638979 0.000698311 0.000761214 0.000805827 0.000852716
2 4.81957e-05 0.000162446 0.000344888 0.000456714 0.000933224 0.000923612 0.0012363 0.00152853 0.00178406 0.00169029 0.00203646 0.0021664 0.00271992 0.00254418
3 4.29266e-05 0.00015342 0.00038087 0.000491235 0.00136266 0.00129401 0.00187589 0.00257602 0.00328121 0.00299787 0.00364846 0.00402179 0.00540482 0.0053245
4 3.22239e-05 0.000115729 0.00030407 0.000395684 0.00148248 0.00137936 0.00222506 0.00356018 0.0051327 0.0047807 0.00642001 0.00773144 0.0113081 0.0117342
5 2.73121e-05 9.62011e-05 0.00025523 0.000317717 0.00151974 0.00140352 0.00253081 0.00476957 0.00778195 0.00747888 0.011167 0.0146255 0.0227114 0.0248756
6 2.68595e-05 9.25398e-05 0.000236117 0.00028455 0.00146555 0.00136766 0.00269925 0.00596959 0.0109721 0.0108189 0.0178134 0.0253511 0.0409848 0.0471084
7 2.16173e-05 7.41209e-05 0.000188167 0.00021938 0.00125974 0.00117537 0.00256886 0.00670632 0.0140039 0.0141171 0.0253922 0.0389098 0.0634578 0.0748249
8 1.92303e-05 6.46761e-05 0.000158303 0.000182228 0.00104672 0.000961889 0.00229371 0.00702634 0.0165967 0.0169061 0.0326756 0.0532052 0.0855289 0.103411
9 1.73396e-05 5.75274e-05 0.000135798 0.000157471 0.000834038 0.000740076 0.00188517 0.00673731 0.0179799 0.0184307 0.0381219 0.0660797 0.103798 0.128136
10 1.6008e-05 5.257e-05 0.000119956 0.000141795 0.000659191 0.000555669 0.00145719 0.00601779 0.0181711 0.0187479 0.0415498 0.0769269 0.116677 0.145687
11 1.52247e-05 4.96369e-05 0.000110285 0.000133005 0.000537141 0.000430159 0.00109727 0.00514056 0.0175885 0.018281 0.0434468 0.0859818 0.12467 0.156472
12 1.47921e-05 4.80118e-05 0.000104801 0.000128289 0.000459398 0.000356141 0.000831157 0.00427893 0.0165949 0.0173826 0.0443134 0.0937439 0.129101 0.162273
13 1.45572e-05 4.71275e-05 0.0001018 0.000125772 0.000412109 0.000316459 0.000650973 0.00351178 0.0154283 0.0162898 0.0445335 0.100689 0.131197 0.16484
14 1.44331e-05 4.66614e-05 0.000100188 0.000124458 0.000384023 0.000296305 0.000537429 0.00286315 0.0142258 0.0151435 0.0443776 0.107173 0.131815 0.165418
15 1.43703e-05 4.64247e-05 9.93434e-05 0.000123797 0.000367581 0.000286315 0.000470269 0.00233033 0.0130568 0.014017 0.0440175 0.113443 0.131472 0.164784
16 1.434e-05 4.63097e-05 9.89088e-05 0.000123482 0.000358001 0.000281405 0.000432342 0.00190009 0.0119522 0.0129471 0.0435646 0.119653 0.130459 0.163392
17 1.43249e-05 4.6253e-05 9.86768e-05 0.000123335 0.000352337 0.000278969 0.000411524 0.00155717 0.0109223 0.0119465 0.0430751 0.125901 0.128936 0.161495
18 1.43163e-05 4.62252e-05 9.85433e-05 0.000123263 0.00034893 0.000277688 0.000400259 0.00128651 0.00996981 0.0110172 0.0425798 0.132267 0.126986 0.159244
19 1.43104e-05 4.62041e-05 9.84526e-05 0.00012322 0.000346761 0.000276943 0.000394101 0.00107544 0.00909176 0.0101571 0.0420971 0.138801 0.124658 0.15673
20 1.43038e-05 4.61811e-05 9.83697e-05 0.000123172 0.000345242 0.000276452 0.000390626 0.000913301 0.00828346 0.0093624 0.0416308 0.145535 0.121986 0.153998