1 2.43835e-05 7.12039e-05 0.000119949 0.000179947 0.000227602 0.000267396 0.000338047 0.000400305 0.000449383 0.000423848 0.000471745 0.000518147 0.000561238 0.000593996
2 2.7994e-05 9.15897e-05 0.000188511 0.000245816 0.000495526 0.000486703 0.000644377 0.000778015 0.000870315 0.000873368 0.00111199 0.00118045 0.00170086 0.0015486
3 3.32626e-05 0.000112677 0.000256584 0.000313275 0.000846708 0.000753963 0.00106239 0.00138394 0.00166811 0.00171119 0.00237638 0.00263381 0.00406242 0.00376792
4 3.4284e-05 0.000119068 0.000293883 0.000346552 0.00118781 0.00101341 0.00152952 0.00220302 0.00291558 0.00296539 0.00432767 0.00504064 0.00766932 0.00768958
5 3.14935e-05 0.000110104 0.000279437 0.000331852 0.00130282 0.00113155 0.00186648 0.00309948 0.00465208 0.00474386 0.00740073 0.00932518 0.0139964 0.0151063
6 2.71223e-05 9.45032e-05 0.000243216 0.000286638 0.00127105 0.00112586 0.00202189 0.00387449 0.00659901 0.00671112 0.0110945 0.0150654 0.0218655 0.0250875
7 2.35113e-05 8.07311e-05 0.000202397 0.000237908 0.00109456 0.000986844 0.00191402 0.00423304 0.0081909 0.00824305 0.0143084 0.0209515 0.0289368 0.0349468
8 2.07308e-05 7.00856e-05 0.000168187 0.000199508 0.000872984 0.000788377 0.00161917 0.00410695 0.00904866 0.00897946 0.0163002 0.025731 0.0333147 0.0420251
9 1.89589e-05 6.32903e-05 0.000145478 0.0001758 0.000690488 0.00061171 0.00128424 0.00367766 0.00924152 0.00903954 0.0171172 0.0291646 0.0349559 0.0457649
10 1.80605e-05 5.97821e-05 0.000133135 0.000163937 0.000571501 0.000492075 0.00100852 0.00316919 0.00907502 0.00875449 0.0172833 0.0318011 0.0350302 0.0475651
11 1.76494e-05 5.81479e-05 0.000127094 0.000158585 0.000501433 0.000422737 0.000813784 0.00269277 0.00875924 0.00834233 0.0171739 0.0341334 0.034423 0.0485294
12 1.74444e-05 5.7343e-05 0.000124102 0.000156052 0.000461464 0.000385568 0.00068632 0.00228022 0.00838123 0.0078893 0.0169449 0.0363947 0.0335221 0.0490694
13 1.73215e-05 5.68765e-05 0.000122474 0.000154653 0.000438458 0.000366063 0.000606537 0.00193475 0.00797558 0.00742905 0.0166579 0.0386897 0.0324883 0.0493585
14 1.72298e-05 5.65408e-05 0.00012142 0.000153687 0.000424638 0.000355475 0.000557579 0.00165047 0.00755648 0.00697337 0.0163331 0.0410596 0.0313837 0.0494714
15 1.71495e-05 5.62537e-05 0.000120596 0.000152879 0.000415706 0.000349197 0.000527577 0.00141905 0.0071307 0.00652707 0.0159776 0.0435172 0.0302365 0.0494288
16 1.70743e-05 5.59877e-05 0.00011987 0.000152134 0.000409356 0.000344967 0.000508788 0.00123265 0.0067031 0.00609357 0.015595 0.0460671 0.0290623 0.049236
17 1.70024e-05 5.5734e-05 0.000119193 0.000151423 0.000404395 0.00034172 0.000496565 0.0010846 0.0062784 0.00567477 0.0151881 0.0487093 0.0278726 0.0488928
18 1.69333e-05 5.54907e-05 0.000118551 0.000150739 0.000400212 0.000338973 0.000488068 0.000968472 0.00586048 0.00527277 0.0147598 0.0514426 0.0266715 0.0484014
19 1.68673e-05 5.52585e-05 0.000117939 0.000150082 0.000396505 0.000336511 0.0004817 0.000878544 0.00545275 0.00488949 0.0143132 0.0542628 0.0254659 0.047765
20 1.68046e-05 5.50377e-05 0.000117357 0.000149455 0.0003931 0.000334224 0.00047657 0.000809513 0.00505872 0.00452559 0.0138507 0.0571629 0.0242588 0.046999