1 8.25682e-05 0.000246067 0.000371812 0.000511699 0.00063584 0.000760331 0.000863411 0.000824804 0.00090782 0.000974029 0.0010353 0.00101121 0.00106576 0.00114611 0.00119617 0.00126205
2 0.000100098 0.000399863 0.000619424 0.000856961 0.00145631 0.00148358 0.00197803 0.00220611 0.00211626 0.00250207 0.00276137 0.00282502 0.00382564 0.00307205 0.00433415 0.00349283
3 7.96066e-05 0.000367333 0.000623258 0.000871029 0.00181425 0.00189521 0.00287721 0.00346023 0.0034507 0.00426581 0.00493278 0.00479275 0.00685731 0.00532219 0.00875507 0.00649125
4 5.51175e-05 0.000267813 0.000458541 0.00067395 0.00161058 0.00176227 0.00290862 0.00357008 0.00390913 0.00492288 0.00591091 0.00595137 0.00969177 0.00733845 0.0132498 0.0104468
5 4.323e-05 0.000207806 0.000314151 0.000518049 0.001423 0.00152839 0.00279635 0.00363478 0.00405621 0.00537852 0.00673653 0.00654678 0.0116138 0.00981729 0.0175172 0.0156134
6 4.09804e-05 0.000184645 0.00026467 0.000439087 0.00128436 0.00134384 0.00266807 0.00363078 0.00417504 0.00580034 0.00756409 0.0069981 0.0123483 0.0122065 0.0206816 0.0209518
7 3.93718e-05 0.000170303 0.000240782 0.000388761 0.00115118 0.00116851 0.00246748 0.00348387 0.00415571 0.00603021 0.00818848 0.00716936 0.0122621 0.0141467 0.0221514 0.025536
8 3.80329e-05 0.000160275 0.000226858 0.000355473 0.0010364 0.00101575 0.00223793 0.00325808 0.00402718 0.0060965 0.0086286 0.00714251 0.0117703 0.0156102 0.022585 0.029171
9 3.70918e-05 0.000153674 0.00021839 0.000334563 0.000948178 0.000896801 0.00202149 0.00301854 0.00384413 0.00606393 0.00895256 0.00701606 0.0111997 0.016715 0.0231162 0.0327124
10 3.63229e-05 0.000148636 0.000212141 0.000319869 0.000879379 0.000804809 0.00182543 0.00278134 0.00362204 0.00594226 0.00915848 0.00681 0.0105934 0.0174383 0.0237039 0.0370675
11 3.55049e-05 0.000143993 0.000206378 0.000307737 0.000821276 0.000732299 0.00164794 0.00254748 0.00336024 0.00572446 0.00921485 0.00652241 0.00994597 0.0179671 0.0245523 0.0423883
12 3.45885e-05 0.000139032 0.000200258 0.000295798 0.000768359 0.000671606 0.00148346 0.00231488 0.00306135 0.00539559 0.00907929 0.00614154 0.00923248 0.0184101 0.025768 0.0488969
13 3.35177e-05 0.000133451 0.000193212 0.000282859 0.00071584 0.000617049 0.00132712 0.00207909 0.00272584 0.00495032 0.0087059 0.00565248 0.00876046 0.0186532 0.0273475 0.0567338
14 3.22207e-05 0.000126949 0.000184843 0.000268178 0.000660552 0.000564591 0.00117552 0.00183836 0.00235878 0.00438675 0.00805602 0.0050448 0.00851848 0.0185826 0.0292533 0.0658903
15 3.06922e-05 0.00011951 0.000175122 0.00025168 0.000601601 0.000512382 0.0010281 0.00159725 0.00197624 0.0037292 0.00713418 0.00445725 0.00842033 0.018877 0.0313765 0.0760948
16 2.89152e-05 0.000111029 0.000163744 0.000232987 0.000539209 0.000459429 0.000885366 0.00135903 0.00159621 0.00301974 0.00611348 0.00399859 0.00837735 0.0194277 0.0335711 0.0869311
17 2.6951e-05 0.000101903 0.000151317 0.000213218 0.000475663 0.000407125 0.000751521 0.00115471 0.00124675 0.00245198 0.00523711 0.00359707 0.00828751 0.0200538 0.0355869 0.0977788
18 2.50528e-05 9.30768e-05 0.000139067 0.000194278 0.000416847 0.000360135 0.000635021 0.00101728 0.000979048 0.00200415 0.00445337 0.00321967 0.00808843 0.0205692 0.0371756 0.107955
19 2.33933e-05 8.55337e-05 0.000128483 0.000178104 0.000369005 0.000321576 0.000544999 0.00091994 0.000798208 0.0016514 0.00375187 0.00286117 0.00777198 0.0208556 0.0381884 0.11701
20 2.20632e-05 7.94433e-05 0.000119857 0.000165267 0.000342171 0.000291978 0.000490848 0.000847949 0.000677524 0.00137801 0.00313598 0.00252827 0.00736522 0.0208745 0.038614 0.124826