1 3.1148e-05 9.26325e-05 0.000159947 0.00024395 0.00031809 0.000373237 0.000474828 0.000568713 0.000644864 0.000607924 0.000675473 0.000738783 0.000799256 0.000842449
2 4.0094e-05 0.000133625 0.000288854 0.000368483 0.00082117 0.000786568 0.00106314 0.00133528 0.00157426 0.00155872 0.00197627 0.00217542 0.00295001 0.00281052
3 4.85057e-05 0.000170994 0.000427986 0.000517475 0.00163837 0.0014747 0.00218026 0.00308509 0.00403901 0.0040724 0.00564462 0.00667248 0.00941148 0.00945526
4 5.62915e-05 0.000205534 0.000571344 0.000709598 0.00286294 0.00267508 0.00436163 0.00710254 0.0103907 0.0103022 0.0149115 0.0186904 0.0251816 0.0266207
5 2.7232e-05 0.000102379 0.000309387 0.000417704 0.00198561 0.00206436 0.00373515 0.00722473 0.0121105 0.0118678 0.0180189 0.0239238 0.0299191 0.0320787
6 2.03587e-05 7.11045e-05 0.00019199 0.000248111 0.00129215 0.00143365 0.00289188 0.00661994 0.0127385 0.0123183 0.0195169 0.0274057 0.0312208 0.0335893
7 1.84701e-05 6.19658e-05 0.000148859 0.000184129 0.000888445 0.000979915 0.00215891 0.00580515 0.0128105 0.0122687 0.0203231 0.0301846 0.0311949 0.0335227
8 1.77e-05 5.85441e-05 0.00013215 0.000163264 0.000669672 0.000691983 0.00160136 0.00498368 0.0126234 0.0119903 0.0208152 0.0327977 0.030715 0.0329418
9 1.7299e-05 5.69119e-05 0.000124804 0.000155609 0.000551523 0.0005231 0.00120347 0.00424157 0.0122905 0.0115944 0.021137 0.0354368 0.0300571 0.0321794
10 1.70151e-05 5.58459e-05 0.00012113 0.000151877 0.000486473 0.000430146 0.000931584 0.00359531 0.0118734 0.0111315 0.0213418 0.0381527 0.0292858 0.0313087
11 1.68131e-05 5.50912e-05 0.000118974 0.000149442 0.00045014 0.000381725 0.000753136 0.00304505 0.0114304 0.0106529 0.0214572 0.0409576 0.0284153 0.030339
12 1.66887e-05 5.46288e-05 0.000117566 0.000147915 0.000430073 0.000357242 0.000640414 0.00258347 0.0109794 0.010176 0.0214993 0.0438455 0.0274428 0.0292582
13 1.66048e-05 5.4321e-05 0.000116726 0.000146998 0.000419043 0.000345022 0.000571618 0.00220087 0.0105336 0.00971139 0.0214979 0.0468138 0.0263711 0.028061
14 1.65496e-05 5.41193e-05 0.00011636 0.00014642 0.000413124 0.000338998 0.000530864 0.00188657 0.0101018 0.0092652 0.0214819 0.0498547 0.0252027 0.0267438
15 1.65303e-05 5.40244e-05 0.000116248 0.000146085 0.000410173 0.000336152 0.000507451 0.00163117 0.0096895 0.00884147 0.0214572 0.0529569 0.0239419 0.0253067
16 1.65446e-05 5.40621e-05 0.000116307 0.000145957 0.000409002 0.000335023 0.000494499 0.00142483 0.00930027 0.00844257 0.0214292 0.0561072 0.0225969 0.0237562
17 1.65739e-05 5.4159e-05 0.000116501 0.000146146 0.00040893 0.000334912 0.000487811 0.00125964 0.00893607 0.00806943 0.0214015 0.0593099 0.0211794 0.0221051
18 1.66118e-05 5.42887e-05 0.000116788 0.000146483 0.000409482 0.000335421 0.000484837 0.00112858 0.00859612 0.00772099 0.0213736 0.0625378 0.0197019 0.0203694
19 1.66552e-05 5.44389e-05 0.00011714 0.000146886 0.000410339 0.000336325 0.000484084 0.00102536 0.00827847 0.00739541 0.0213442 0.0657634 0.0181832 0.0185911
20 1.66977e-05 5.45876e-05 0.000117508 0.000147288 0.000411178 0.000337409 0.000484562 0.000944505 0.00797878 0.00708888 0.021308 0.0689506 0.0166452 0.0167912