1 4.57702e-05 0.000136061 0.000232144 0.000345665 0.000434967 0.000492256 0.000596673 0.00068365 0.00076119 0.000705551 0.000761331 0.000803922 0.000834704 0.000849756
2 5.97194e-05 0.000203748 0.000448399 0.000562266 0.00119877 0.00110917 0.00141455 0.00166516 0.00187035 0.00175682 0.00212634 0.00223797 0.00287758 0.00260759
3 5.26913e-05 0.000194927 0.000519241 0.000647276 0.00205502 0.00183333 0.00256688 0.00339474 0.00414863 0.00388359 0.00504868 0.00557239 0.00759896 0.00713475
4 4.43415e-05 0.000168168 0.000509955 0.00065982 0.00283102 0.00261775 0.00401337 0.00598946 0.00792794 0.00719753 0.00973063 0.0112557 0.0150937 0.0148593
5 3.23376e-05 0.000121074 0.000385691 0.000513599 0.0028435 0.00281223 0.00469233 0.00782345 0.0110413 0.00957283 0.0133389 0.016038 0.0205941 0.0210889
6 2.5652e-05 9.19729e-05 0.000280045 0.000360385 0.0024782 0.0026204 0.004773 0.00891831 0.013404 0.0111228 0.016021 0.0199981 0.0247074 0.0264585
7 2.27583e-05 7.85915e-05 0.000219113 0.000263081 0.00205637 0.00229407 0.00457633 0.00963913 0.0154716 0.0123138 0.0183831 0.0238305 0.0283188 0.0317871
8 2.1407e-05 7.24149e-05 0.000186921 0.000214851 0.00168754 0.00194443 0.00425352 0.0101612 0.0174658 0.0133314 0.0206355 0.0277071 0.0314879 0.037192
9 2.06235e-05 6.90625e-05 0.000169624 0.00019321 0.0013908 0.00161374 0.00386614 0.0105225 0.0194207 0.014183 0.0227062 0.0314331 0.0338935 0.0423306
10 2.00521e-05 6.67882e-05 0.000159265 0.000182665 0.00116197 0.0013207 0.00344563 0.0107192 0.0212842 0.0148217 0.0244382 0.0346874 0.0352276 0.0467339
11 1.95956e-05 6.50489e-05 0.000152342 0.000176387 0.000989964 0.0010747 0.00302063 0.0107576 0.0230157 0.0152172 0.025741 0.0372775 0.0354274 0.0501667
12 1.92485e-05 6.37459e-05 0.000147463 0.000172133 0.000864945 0.000879346 0.00261722 0.010671 0.0246346 0.0154042 0.026653 0.0392328 0.0347488 0.0527247
13 1.89875e-05 6.27667e-05 0.000144068 0.000169192 0.000775974 0.000732318 0.00225481 0.0105044 0.0262038 0.0154399 0.0272731 0.0406864 0.0335028 0.0546562
14 1.88159e-05 6.21171e-05 0.000141729 0.000167177 0.000713888 0.000627142 0.00194076 0.0102895 0.02778 0.0153792 0.0276859 0.0417909 0.0319458 0.0562146
15 1.8701e-05 6.16823e-05 0.00014015 0.000165832 0.00067113 0.00055515 0.00167605 0.0100536 0.0294134 0.0152558 0.027958 0.0426483 0.0302435 0.0575888
16 1.86241e-05 6.13918e-05 0.00013909 0.000164956 0.000641857 0.000507632 0.0014573 0.00980849 0.0311309 0.0150899 0.0281302 0.0433199 0.0284922 0.0588868
17 1.85727e-05 6.11983e-05 0.000138383 0.000164398 0.000621822 0.000477113 0.00127946 0.00956124 0.0329645 0.0148955 0.028219 0.0438488 0.0267466 0.0601743
18 1.85392e-05 6.10719e-05 0.000137925 0.000164048 0.000608087 0.000457884 0.00113707 0.00931568 0.034933 0.0146761 0.0282294 0.0442481 0.0250365 0.0614894
19 1.85183e-05 6.09935e-05 0.000137636 0.000163847 0.000598634 0.000445929 0.00102467 0.00907414 0.037049 0.0144321 0.0281605 0.0445226 0.0233802 0.0628567
20 1.85071e-05 6.09509e-05 0.000137466 0.000163755 0.000592097 0.000438584 0.00093722 0.0088412 0.0393231 0.0141626 0.0280082 0.0446735 0.0217897 0.0642931