1 3.15727e-05 9.44731e-05 0.000162494 0.000250415 0.000323695 0.000383276 0.000488015 0.000583239 0.000659248 0.000615133 0.000674962 0.000732 0.000776169 0.000814044
2 4.43505e-05 0.000148058 0.000316039 0.000408336 0.00087304 0.000848348 0.00113505 0.00139345 0.00160067 0.00151848 0.00182095 0.00189611 0.00239987 0.00219658
3 4.50199e-05 0.000159593 0.000395476 0.000491235 0.00145649 0.00132258 0.00190555 0.00256767 0.00316984 0.00289836 0.00353756 0.00366001 0.00465392 0.00432517
4 4.24721e-05 0.000154006 0.000417743 0.000518842 0.00191666 0.00176783 0.00272815 0.00401891 0.00525106 0.00445444 0.00553744 0.00601416 0.00760956 0.0071622
5 3.40855e-05 0.000123421 0.000345055 0.000436157 0.00188677 0.00182353 0.00300581 0.00484656 0.00673042 0.00549021 0.00701912 0.00768699 0.00890403 0.00867776
6 2.85135e-05 0.000100833 0.000273453 0.000340431 0.00161574 0.00163418 0.00287555 0.00508216 0.00756121 0.00595281 0.00766464 0.00824722 0.00987929 0.0103054
7 2.55564e-05 8.82486e-05 0.000225472 0.000273929 0.0013234 0.00137418 0.00257142 0.00497833 0.00794752 0.00601618 0.00775068 0.00874458 0.0110758 0.0123116
8 2.34546e-05 7.97903e-05 0.000194001 0.000232359 0.00106606 0.00110277 0.00217545 0.00461615 0.00793439 0.0057818 0.00746758 0.0093674 0.0124886 0.014773
9 2.163e-05 7.28505e-05 0.000170554 0.000204596 0.000855409 0.000854891 0.0017459 0.00405096 0.00755787 0.0053815 0.007253 0.0101238 0.0141346 0.0178419
10 1.97417e-05 6.59653e-05 0.000149611 0.000181669 0.000680807 0.000643773 0.00132146 0.00342952 0.00719471 0.00500725 0.00709914 0.011055 0.016047 0.0216952
11 1.76488e-05 5.85302e-05 0.00012927 0.000159248 0.000561479 0.000496263 0.00101404 0.00289475 0.00680385 0.0046396 0.006995 0.0121722 0.0182997 0.0264848
12 1.68166e-05 5.52901e-05 0.00012139 0.000149083 0.000489252 0.000412099 0.000797814 0.00240747 0.00631949 0.00422983 0.00689883 0.0134691 0.0208139 0.0321508
13 1.63153e-05 5.34045e-05 0.000115732 0.000143666 0.000437404 0.000359842 0.00064136 0.00194373 0.00568346 0.00374318 0.00675163 0.0147903 0.0232932 0.0384105
14 1.56082e-05 5.09705e-05 0.000109171 0.000137155 0.000391905 0.000321244 0.000526103 0.00151069 0.0048987 0.00326828 0.00649314 0.0159303 0.0253493 0.0445252
15 1.47975e-05 4.81903e-05 0.000102019 0.000129688 0.000358805 0.000289858 0.000442295 0.00119453 0.00424884 0.00285054 0.00612501 0.0166605 0.0266236 0.0497859
16 1.41025e-05 4.57793e-05 9.72131e-05 0.000123133 0.000343906 0.000273481 0.000401559 0.000962792 0.00368478 0.00248965 0.00570529 0.0170068 0.027127 0.054045
17 1.40967e-05 4.55093e-05 9.64881e-05 0.000121243 0.000337245 0.000268657 0.000383313 0.000795143 0.00319894 0.00217913 0.00527353 0.017029 0.0270055 0.0574182
18 1.42331e-05 4.59068e-05 9.71533e-05 0.000122027 0.000334517 0.000268664 0.000376698 0.000680394 0.00278949 0.00191801 0.00487466 0.0169134 0.026494 0.0602451
19 1.43533e-05 4.63105e-05 9.80458e-05 0.000123007 0.000334188 0.000270255 0.000375361 0.000604269 0.00244526 0.00170037 0.00452162 0.0167318 0.0257649 0.0627403
20 1.4432e-05 4.65865e-05 9.87576e-05 0.000123682 0.000335547 0.000271908 0.000375863 0.000554788 0.00215359 0.001518 0.0042104 0.0165275 0.0249235 0.0650098