1 5.93828e-05 0.000177664 0.000269968 0.000375721 0.000478893 0.000583792 0.000687045 0.000685851 0.000772991 0.000856519 0.000934854 0.000941124 0.00101955 0.00108548 0.00113532 0.00116764
2 7.58443e-05 0.000301744 0.000433591 0.000642852 0.00116177 0.00116232 0.00162608 0.00195875 0.00180316 0.00215932 0.0023449 0.00238851 0.00321537 0.00239325 0.00341486 0.00258684
3 7.81677e-05 0.000362041 0.000517236 0.000821177 0.00183583 0.00174452 0.00272551 0.00347429 0.00306273 0.003747 0.0040984 0.00389284 0.00570514 0.00391099 0.00635348 0.00434021
4 6.60952e-05 0.000328073 0.000473636 0.00079675 0.00205246 0.00199048 0.00335648 0.0043484 0.00391955 0.00483101 0.0054011 0.00498653 0.00759525 0.00507052 0.00810482 0.00535888
5 5.62837e-05 0.000276472 0.000405151 0.000689566 0.00196101 0.00196195 0.00354111 0.00457745 0.00427827 0.00533133 0.00620123 0.00548573 0.00825142 0.00542726 0.00874561 0.00613734
6 5.1425e-05 0.000244522 0.000358423 0.000602912 0.00179953 0.00185557 0.00353471 0.00453619 0.0044206 0.00556884 0.00671944 0.00566135 0.00827712 0.0057295 0.00946319 0.00679916
7 4.89341e-05 0.000224607 0.000327608 0.000539146 0.00163243 0.00171465 0.00341376 0.0043796 0.00442932 0.00565577 0.00708537 0.00567204 0.00800921 0.00599262 0.010221 0.00756761
8 4.72157e-05 0.000210996 0.000306417 0.000492726 0.00148484 0.00156311 0.00322798 0.00415854 0.00435571 0.00564083 0.00733979 0.00558772 0.00762354 0.00622044 0.0110422 0.00844394
9 4.57072e-05 0.000200421 0.000290381 0.000457458 0.00135613 0.00141257 0.00300643 0.00389806 0.00421961 0.00554485 0.00749618 0.00544332 0.00720558 0.00641026 0.0119251 0.00943938
10 4.42254e-05 0.000191143 0.00027683 0.000428654 0.00124175 0.00126943 0.00275983 0.00361188 0.00402638 0.00537369 0.00755017 0.00525328 0.0068474 0.00657091 0.0128721 0.0105721
11 4.26585e-05 0.000182125 0.000264059 0.00040291 0.00113857 0.00113499 0.00249427 0.00330543 0.00377448 0.00512029 0.00747787 0.00501526 0.00655316 0.00670464 0.0138891 0.0118687
12 4.09637e-05 0.000172885 0.00025128 0.000378233 0.00104318 0.00100969 0.00222383 0.00298346 0.00346616 0.00477785 0.00725142 0.00472369 0.00632062 0.00680203 0.0149826 0.013361
13 3.91015e-05 0.000163128 0.000238047 0.000353376 0.000952076 0.000893261 0.0019555 0.00265119 0.00311293 0.00435318 0.00684493 0.00437135 0.00613893 0.00685982 0.0161584 0.0150865
14 3.71817e-05 0.000152602 0.000223984 0.000327492 0.00086233 0.000784246 0.00169446 0.0023123 0.00272235 0.00385351 0.00626047 0.00395278 0.00599768 0.00695087 0.0174252 0.0170911
15 3.50919e-05 0.000140915 0.000208449 0.000300617 0.000770308 0.000680449 0.00143994 0.00198242 0.00230073 0.00328255 0.00561702 0.00355939 0.00588714 0.00708013 0.0187984 0.0194729
16 3.2686e-05 0.000129123 0.000191108 0.000273303 0.000674123 0.000582053 0.00119307 0.00166155 0.00186608 0.00283792 0.00508137 0.00325168 0.00579507 0.0072553 0.0203483 0.0223641
17 3.00006e-05 0.000116499 0.000172422 0.000244639 0.000576321 0.0004932 0.000981494 0.0014524 0.00155453 0.00248676 0.00462148 0.00300324 0.00571296 0.00749516 0.0221147 0.0258944
18 2.72302e-05 0.000105039 0.000153692 0.000218304 0.000520251 0.000434105 0.000849285 0.00130789 0.00132146 0.00219204 0.0041923 0.00277894 0.00565357 0.00780566 0.0240357 0.03013
19 2.63149e-05 0.000100397 0.000143839 0.000207324 0.00048371 0.000400448 0.000758479 0.00119279 0.00113731 0.00192535 0.00375524 0.00255496 0.0055927 0.00815487 0.0259256 0.0349767
20 2.56397e-05 9.67033e-05 0.000138714 0.000199395 0.000452452 0.000375955 0.000687194 0.001087 0.000983585 0.00167259 0.0032882 0.0023122 0.00552325 0.00852124 0.0276578 0.0402181