1 4.01543e-05 0.000119788 0.000205223 0.000311829 0.000399992 0.000465068 0.000580548 0.000677071 0.000750561 0.000690121 0.000745027 0.00079228 0.000830918 0.000856659
2 5.36788e-05 0.000181882 0.000397121 0.000507895 0.00109476 0.00104366 0.00136566 0.00163095 0.00183263 0.00171228 0.00205179 0.00216071 0.00271852 0.00249623
3 4.72155e-05 0.000171724 0.0004454 0.000562305 0.00168068 0.0015411 0.00217086 0.00284761 0.00344107 0.00312906 0.00401338 0.0044458 0.00571791 0.00544786
4 4.23145e-05 0.000156277 0.000447561 0.000569747 0.0022335 0.00207825 0.00316286 0.00460466 0.0060144 0.005245 0.00683952 0.00780634 0.00965661 0.0102561
5 4.09433e-05 0.000149961 0.000445359 0.000572039 0.00278249 0.0027222 0.00446286 0.00715901 0.00986449 0.00803736 0.0104704 0.0126438 0.0156271 0.0182601
6 3.42805e-05 0.000124651 0.000372478 0.000484101 0.00279022 0.00296361 0.00527662 0.00943184 0.0137621 0.0104382 0.0134706 0.0171586 0.0206368 0.0257689
7 2.81724e-05 0.000100099 0.000286368 0.000365154 0.00234507 0.0027223 0.00528493 0.0105975 0.016456 0.0115917 0.0146879 0.0189659 0.0220689 0.0292057
8 2.49859e-05 8.65136e-05 0.000230393 0.000281628 0.00185368 0.00230452 0.00488737 0.0110571 0.0183344 0.0119623 0.0147703 0.018972 0.0213655 0.0299682
9 2.3873e-05 8.12693e-05 0.000203414 0.00024173 0.00149492 0.00192138 0.00444853 0.0114217 0.0203105 0.0122656 0.014703 0.0186541 0.0203662 0.0303734
10 2.32957e-05 7.86984e-05 0.00018982 0.000223734 0.00124525 0.00159578 0.004015 0.0117565 0.0225165 0.0125795 0.0145949 0.0182257 0.0193807 0.0307522
11 2.28209e-05 7.68144e-05 0.000181549 0.000214244 0.00107069 0.00132449 0.00359161 0.0120375 0.0249435 0.0128842 0.0144273 0.017705 0.01842 0.0311279
12 2.23783e-05 7.51411e-05 0.00017548 0.000207864 0.00094639 0.00110408 0.00318476 0.0122477 0.0275866 0.0131652 0.0141907 0.0171107 0.017488 0.0315115
13 2.1952e-05 7.35622e-05 0.000170388 0.000202649 0.000855701 0.000929638 0.00280063 0.012373 0.03043 0.0134133 0.013882 0.0164589 0.0165908 0.0319108
14 2.15408e-05 7.20511e-05 0.000165802 0.00019796 0.000787551 0.00079498 0.00244497 0.0124013 0.0334548 0.0136181 0.0135026 0.015762 0.0157341 0.0323367
15 2.11452e-05 7.06044e-05 0.000161541 0.000193585 0.000734653 0.000693232 0.00212331 0.0123275 0.0366551 0.0137718 0.0130585 0.0150286 0.0149228 0.0327945
16 2.07619e-05 6.92119e-05 0.000157512 0.000189438 0.000692204 0.000617497 0.00183729 0.0121529 0.0400068 0.0138675 0.012557 0.014265 0.0141612 0.0332763
17 2.03937e-05 6.78784e-05 0.000153698 0.000185509 0.000657325 0.000561539 0.00158878 0.011882 0.0434856 0.0139014 0.0120075 0.0134777 0.0134505 0.0337737
18 2.00415e-05 6.66064e-05 0.000150097 0.000181797 0.000627996 0.000520203 0.001377 0.0115287 0.0470793 0.0138719 0.0114202 0.0126744 0.012791 0.0342817
19 1.97046e-05 6.53914e-05 0.000146695 0.000178287 0.000603056 0.000489334 0.00120061 0.0111097 0.0507726 0.0137771 0.0108033 0.0118629 0.0121813 0.0347912
20 1.93831e-05 6.42339e-05 0.000143491 0.000174972 0.000582117 0.000465801 0.00105718 0.0106435 0.0545391 0.0136152 0.0101684 0.0110672 0.0116186 0.0352793