1 3.1002e-05 9.29266e-05 0.000141401 0.000197419 0.000252885 0.000307919 0.00036228 0.000362404 0.000411307 0.000460032 0.000508324 0.000521264 0.000580599 0.000635936 0.000690221 0.000729704
2 3.94125e-05 0.000142319 0.000208726 0.00029573 0.000510097 0.00050692 0.000701802 0.000871088 0.000794597 0.000989532 0.00108948 0.00120625 0.00183394 0.00131137 0.00237673 0.00177163
3 4.74295e-05 0.000187691 0.000270613 0.000394989 0.000817227 0.000743378 0.00115845 0.0016203 0.00135545 0.00182472 0.00207923 0.00237795 0.00428419 0.00269374 0.00595289 0.00401707
4 4.8589e-05 0.000208344 0.000289878 0.000449983 0.00108753 0.000946766 0.00164135 0.00248828 0.00203572 0.00294399 0.00353295 0.0040757 0.00802485 0.00502697 0.0116957 0.007834
5 4.03727e-05 0.000180012 0.000247792 0.000398216 0.00107932 0.000927819 0.00176593 0.00283163 0.00235859 0.00364638 0.00463497 0.00530035 0.0108895 0.00706742 0.0162512 0.0111727
6 3.51335e-05 0.000152926 0.00020869 0.000336908 0.000966479 0.000823266 0.00168381 0.00281876 0.00241757 0.00397932 0.00536124 0.00603972 0.0127441 0.00893842 0.0194114 0.0142469
7 3.18785e-05 0.00013344 0.000183111 0.000288722 0.000832442 0.000700648 0.00149988 0.00259249 0.00228824 0.00398972 0.0056931 0.00629796 0.0135481 0.0105331 0.0212563 0.0166703
8 2.97602e-05 0.000120431 0.000168537 0.000255832 0.000716591 0.000594245 0.00129455 0.00228823 0.00206072 0.0037815 0.00570612 0.0061951 0.0135436 0.0118859 0.0221228 0.0185519
9 2.86259e-05 0.000112523 0.000160618 0.000235767 0.000632253 0.000517185 0.00111766 0.00200072 0.00181357 0.00347773 0.00553324 0.00593544 0.0131798 0.0131263 0.0224821 0.0201641
10 2.80441e-05 0.000107709 0.000155997 0.000225391 0.000573817 0.000465553 0.000979394 0.00176123 0.00158428 0.00314449 0.00526459 0.00561769 0.0126709 0.014331 0.0225754 0.0216611
11 2.76405e-05 0.000105114 0.000152902 0.000219462 0.000532662 0.000435123 0.000874844 0.00157023 0.00138791 0.00281371 0.00496403 0.00527488 0.0120876 0.0155276 0.0225106 0.0231014
12 2.73178e-05 0.000103365 0.000150546 0.000215471 0.000502664 0.000416556 0.000801505 0.00141906 0.0012329 0.0025092 0.00464793 0.00492636 0.0114698 0.0167255 0.0223262 0.0245116
13 2.7041e-05 0.000101982 0.000148612 0.000212337 0.000483549 0.000404282 0.000751391 0.00129885 0.00111226 0.00224718 0.00432857 0.0045815 0.0108368 0.0179223 0.0220475 0.0258868
14 2.6796e-05 0.00010079 0.000146942 0.000209707 0.000470371 0.000395479 0.00071612 0.00120978 0.0010191 0.00202457 0.00401451 0.00424769 0.0102071 0.0191133 0.021681 0.027221
15 2.65788e-05 9.97678e-05 0.000145484 0.000207427 0.000460541 0.000388677 0.000690433 0.00114627 0.000947753 0.00183826 0.00371184 0.00393196 0.00959231 0.0202882 0.0212391 0.0285022
16 2.63903e-05 9.88643e-05 0.000144212 0.000205409 0.000452729 0.000383108 0.000671055 0.00109965 0.00089316 0.00168432 0.00342613 0.00363759 0.00900152 0.0214457 0.0207318 0.0297161
17 2.62228e-05 9.80625e-05 0.000143116 0.000203675 0.000446251 0.000378395 0.000656054 0.0010644 0.000851274 0.00155813 0.00316095 0.00336751 0.00844545 0.0225777 0.020167 0.0308597
18 2.60751e-05 9.73612e-05 0.00014215 0.000202164 0.00044074 0.000374426 0.000644027 0.00103695 0.000818992 0.00145524 0.00291846 0.0031228 0.00792719 0.0236823 0.0195601 0.0319209
19 2.59505e-05 9.6757e-05 0.000141325 0.000200838 0.000436051 0.000371019 0.000634148 0.00101506 0.000793878 0.00137228 0.00269927 0.00290473 0.00745115 0.0247588 0.0189198 0.0328894
20 2.58402e-05 9.62236e-05 0.000140617 0.000199663 0.000431977 0.000368049 0.00062586 0.000997255 0.000774093 0.0013056 0.00250328 0.00271181 0.00701911 0.025803 0.0182545 0.0337623