1 1.71916e-05 5.1686e-05 8.90144e-05 0.000137628 0.000177139 0.000209223 0.000266034 0.000318889 0.000362543 0.000341708 0.000380613 0.000419209 0.000454868 0.000483085
2 2.06203e-05 6.65624e-05 0.000133597 0.000178538 0.000345945 0.000344156 0.000452329 0.000540418 0.000588671 0.000599069 0.000773271 0.000799661 0.00119546 0.00104797
3 2.25228e-05 7.44488e-05 0.000160734 0.000201978 0.00049487 0.000446039 0.00061096 0.000762587 0.000867467 0.000916695 0.00130983 0.00139857 0.00239869 0.00206543
4 2.51261e-05 8.39769e-05 0.000188822 0.00023039 0.000664031 0.000563272 0.000808906 0.00108221 0.00132939 0.00143929 0.00224625 0.00255366 0.00467629 0.00420681
5 2.75505e-05 9.31463e-05 0.000218965 0.000259217 0.000881784 0.000715555 0.0010862 0.00159062 0.00215112 0.00236652 0.00400644 0.00489147 0.00919575 0.00877629
6 2.52817e-05 8.6375e-05 0.000210611 0.000244472 0.000962526 0.000766034 0.00123998 0.00202622 0.00304463 0.00336853 0.0061058 0.00794677 0.0148487 0.0147743
7 2.09699e-05 7.13094e-05 0.000174255 0.000201099 0.000858166 0.000678009 0.00116511 0.00213495 0.00357652 0.00395309 0.00759715 0.0104611 0.0192161 0.0200452
8 1.84533e-05 6.17495e-05 0.000145819 0.000170376 0.000712415 0.000557468 0.0009946 0.00202096 0.00377506 0.00415324 0.00841659 0.0124071 0.0220659 0.0244787
9 1.68391e-05 5.56562e-05 0.000125585 0.000151886 0.000576928 0.000446413 0.000799831 0.00175957 0.0036571 0.00400065 0.00858119 0.0137757 0.0235826 0.0277316
10 1.60882e-05 5.27415e-05 0.000115372 0.000142902 0.000475829 0.000373242 0.0006423 0.00146271 0.0033914 0.00371051 0.00842114 0.0147269 0.0242099 0.0301361
11 1.56772e-05 5.11777e-05 0.000110042 0.000138204 0.000416934 0.000332758 0.000539541 0.0012065 0.00308158 0.00337438 0.00809481 0.0154289 0.0243367 0.0320546
12 1.54338e-05 5.02729e-05 0.000107107 0.000135559 0.000382986 0.000311203 0.000477272 0.00100204 0.00276841 0.0030371 0.00769412 0.0159869 0.0241903 0.0337199
13 1.52758e-05 4.96966e-05 0.000105339 0.000133917 0.00036308 0.000299503 0.000441114 0.000846477 0.00247076 0.00271884 0.00726358 0.0164565 0.023892 0.0352463
14 1.5162e-05 4.92885e-05 0.000104153 0.000132769 0.000350944 0.000292739 0.000420173 0.00073226 0.00219743 0.00242716 0.00682566 0.0168662 0.0234998 0.0366971
15 1.50713e-05 4.89675e-05 0.000103261 0.000131874 0.000343069 0.0002884 0.000407626 0.000651016 0.00195059 0.00216481 0.00639236 0.0172271 0.0230416 0.038102
16 1.49934e-05 4.86945e-05 0.000102526 0.000131116 0.000337528 0.000285267 0.0003996 0.000594437 0.00173118 0.00193099 0.00597042 0.0175437 0.0225331 0.0394731
17 1.49241e-05 4.84527e-05 0.000101887 0.000130447 0.000333303 0.000282774 0.000394012 0.000555674 0.00153788 0.00172535 0.00556378 0.0178186 0.0219881 0.0408183
18 1.48606e-05 4.82323e-05 0.00010131 0.000129839 0.000329839 0.000280657 0.000389746 0.000529352 0.00136869 0.0015454 0.00517578 0.0180525 0.0214142 0.0421415
19 1.48022e-05 4.80295e-05 0.000100782 0.000129279 0.000326862 0.000278787 0.000386253 0.000511351 0.00122242 0.00138885 0.00480826 0.0182478 0.0208171 0.0434514
20 1.47476e-05 4.78403e-05 0.000100292 0.000128758 0.000324208 0.000277086 0.000383237 0.000498768 0.00109701 0.0012542 0.00446179 0.0184043 0.0202009 0.0447504