1 7.89712e-05 0.000234034 0.00034502 0.000474152 0.000604836 0.000716594 0.000821397 0.000796205 0.000873698 0.00095106 0.00101011 0.000977909 0.00104422 0.0010892 0.0011225 0.0011611
2 0.00010251 0.000423592 0.000579803 0.000890523 0.00159757 0.00154802 0.00208318 0.00238483 0.00212414 0.00248744 0.00262257 0.00259795 0.00348274 0.00264385 0.00371068 0.00290632
3 8.66272e-05 0.000432976 0.000591193 0.00100391 0.00219401 0.00204313 0.00297497 0.00345318 0.00295032 0.00341268 0.00372609 0.00363245 0.00527811 0.00378407 0.00577437 0.00441473
4 6.40458e-05 0.000339387 0.000468692 0.000844892 0.00211053 0.00197827 0.00316462 0.00389935 0.00339678 0.00417109 0.00478315 0.00456204 0.00689347 0.00515456 0.0078376 0.00623363
5 4.88312e-05 0.000252946 0.000348171 0.000655641 0.00189564 0.00184163 0.00326913 0.00420926 0.00379401 0.00485894 0.00580689 0.00530546 0.00799475 0.00640669 0.00914275 0.0077794
6 4.45753e-05 0.000213633 0.000294463 0.000537942 0.00168534 0.00167338 0.0032399 0.00431163 0.00404995 0.00535721 0.00661421 0.00571261 0.00837542 0.00726743 0.00940098 0.00864874
7 4.29479e-05 0.000194315 0.000269139 0.00046733 0.00151001 0.00150999 0.00314836 0.0043079 0.00421436 0.00573327 0.00728018 0.00589817 0.00831513 0.00783782 0.00907249 0.00903325
8 4.22989e-05 0.000185531 0.000257851 0.00042911 0.0013832 0.00137647 0.00304708 0.00427384 0.00435278 0.00606479 0.00788766 0.00597583 0.00808932 0.00828766 0.00856971 0.00921474
9 4.2063e-05 0.000181716 0.000253301 0.000409465 0.00129813 0.00127437 0.00295574 0.00423909 0.00448684 0.00640058 0.00850273 0.00600298 0.00780733 0.00869134 0.00805626 0.00932166
10 4.19817e-05 0.000180137 0.000251607 0.000399727 0.00124244 0.00119821 0.00287729 0.00420898 0.00462038 0.00674562 0.00913101 0.00599557 0.00750014 0.00906979 0.00757493 0.00939044
11 4.19543e-05 0.000179535 0.00025109 0.000395084 0.00120678 0.00114199 0.0028103 0.00418249 0.00475205 0.00709771 0.00976875 0.00595544 0.00717946 0.00942846 0.00713688 0.00943148
12 4.19422e-05 0.000179338 0.000251027 0.000392976 0.00118415 0.00110055 0.00275252 0.0041596 0.00488217 0.00745299 0.0104092 0.00588354 0.00685294 0.00976971 0.00674364 0.00944936
13 4.19339e-05 0.00017931 0.000251132 0.000392117 0.00116998 0.00107003 0.00270225 0.00414483 0.00501684 0.00780832 0.011046 0.0057819 0.00652966 0.0100959 0.00639633 0.00944651
14 4.1944e-05 0.000179311 0.000251241 0.000391783 0.00116104 0.00104737 0.00265926 0.00413493 0.00515315 0.00815839 0.0116698 0.00565239 0.00621454 0.0104073 0.00609083 0.00942317
15 4.197e-05 0.00017928 0.00025128 0.0003916 0.0011552 0.00103023 0.00262444 0.00412728 0.00528848 0.00849858 0.0122725 0.00549853 0.00591548 0.0107054 0.00582321 0.00938065
16 4.19867e-05 0.000179192 0.000251225 0.000391391 0.00115106 0.00101689 0.00259552 0.00411991 0.00542047 0.00883482 0.0128549 0.00532448 0.00563549 0.0109912 0.0055895 0.0093199
17 4.1992e-05 0.000179048 0.000251081 0.000391089 0.00114778 0.00100616 0.00257085 0.00411149 0.0055473 0.00916762 0.0134178 0.00513445 0.00537832 0.0112653 0.00538719 0.00924063
18 4.1981e-05 0.000178828 0.000250828 0.000390624 0.00114471 0.000997082 0.00254881 0.00410066 0.00566683 0.00949307 0.0139544 0.00493222 0.0051434 0.0115267 0.00521084 0.0091423
19 4.19567e-05 0.000178549 0.000250487 0.000390008 0.00114153 0.000989094 0.00252839 0.00408691 0.00577786 0.00980871 0.0144606 0.00472245 0.00492991 0.0117762 0.00505687 0.00902651
20 4.19231e-05 0.000178229 0.000250088 0.000389281 0.00113817 0.000982653 0.00250897 0.00407027 0.00587985 0.0101132 0.0149342 0.00450978 0.00473698 0.0120152 0.00492235 0.00889536