1 6.97033e-05 0.000207223 0.000308931 0.000419674 0.000522314 0.000616049 0.000710031 0.000700383 0.000787875 0.000866449 0.000939144 0.00093077 0.000987198 0.00105039 0.00109596 0.001146
2 8.77792e-05 0.00035486 0.000495649 0.000735158 0.00130033 0.00128158 0.00176107 0.0020738 0.00191696 0.00227853 0.00247971 0.00253968 0.00344333 0.00272747 0.00393388 0.0032014
3 8.96144e-05 0.000427226 0.000607159 0.000966181 0.00209525 0.00201175 0.00306682 0.0037731 0.0034626 0.00422542 0.00474817 0.00460055 0.00684321 0.00546183 0.00854188 0.00685524
4 7.27242e-05 0.000370716 0.000558025 0.000916318 0.00224798 0.00227323 0.00368854 0.0044897 0.00441098 0.00575095 0.00709465 0.00682823 0.0103246 0.00907638 0.0136163 0.0115112
5 5.5042e-05 0.000272975 0.000432055 0.000697898 0.00183655 0.00199144 0.00338021 0.00410098 0.0045518 0.00651261 0.00878568 0.00820889 0.0127609 0.0129618 0.0183255 0.0166944
6 4.3885e-05 0.000200674 0.000323224 0.00049567 0.00132282 0.00149283 0.0026138 0.00354247 0.00401309 0.00626789 0.00929372 0.00853001 0.0139581 0.0167577 0.0219172 0.0218639
7 3.69863e-05 0.000155385 0.000250078 0.000360169 0.000946089 0.0010326 0.00197813 0.00297682 0.00336196 0.00572181 0.0090651 0.00826134 0.0139097 0.0200487 0.0239101 0.0262974
8 3.27579e-05 0.000129579 0.000206527 0.000285637 0.000734455 0.00074889 0.00150415 0.00248306 0.00276185 0.00512827 0.00859918 0.00778188 0.0134634 0.0228176 0.0245531 0.0299384
9 3.06397e-05 0.000119013 0.000181215 0.000253967 0.000616325 0.000586914 0.00117585 0.00208543 0.00224758 0.00454107 0.00803525 0.00721298 0.0130481 0.0251629 0.0242527 0.0329209
10 2.98165e-05 0.000113675 0.000170885 0.000239023 0.000551426 0.000497985 0.000981526 0.00177917 0.00184348 0.00398821 0.00745578 0.0066402 0.0126787 0.0272342 0.0233652 0.0354042
11 2.93217e-05 0.000110548 0.000165967 0.000231089 0.000519172 0.000450268 0.000866537 0.00154973 0.001547 0.00348551 0.00687497 0.00611521 0.0123523 0.0291781 0.0222875 0.0375467
12 2.89154e-05 0.000108353 0.000162956 0.00022602 0.000502585 0.000426697 0.000797312 0.00137953 0.00133107 0.00303933 0.00630194 0.00563109 0.0120563 0.0310555 0.0212988 0.0393636
13 2.85852e-05 0.000106559 0.000160776 0.000222159 0.000492572 0.000414767 0.000754411 0.00126098 0.00117405 0.00264808 0.00574449 0.00518095 0.0117756 0.0328739 0.0203919 0.040804
14 2.83392e-05 0.000105656 0.000159113 0.000219176 0.000485662 0.000408129 0.000726112 0.00118211 0.00106034 0.002312 0.00520831 0.00476305 0.0115028 0.0346557 0.0195657 0.0418763
15 2.81578e-05 0.000105074 0.000157886 0.000217448 0.000479769 0.000403593 0.000706644 0.00112777 0.000977751 0.00203538 0.00469928 0.00437728 0.0112338 0.0364288 0.0188179 0.0430612
16 2.79362e-05 0.000104321 0.000156528 0.000215729 0.000473389 0.000399151 0.000690824 0.00108617 0.000915551 0.00181249 0.00422159 0.00401942 0.0109611 0.0381151 0.0181245 0.0443115
17 2.76911e-05 0.000103366 0.00015503 0.000213766 0.000466447 0.000394264 0.000676357 0.0010513 0.000866918 0.00163214 0.00377976 0.00368823 0.0106809 0.0396656 0.0174735 0.0455794
18 2.74427e-05 0.000102289 0.000153611 0.000211661 0.000458977 0.000389045 0.000662479 0.00102054 0.000827744 0.00148574 0.00337477 0.00338381 0.0103935 0.0410545 0.0168568 0.0468286
19 2.72253e-05 0.000101181 0.000152287 0.000209481 0.000451335 0.000383742 0.000649116 0.000992949 0.000795557 0.00136814 0.0030117 0.00310654 0.010102 0.0422672 0.0162713 0.0480779
20 2.7028e-05 0.000100128 0.000151015 0.000207343 0.000443889 0.000378576 0.000636532 0.000968255 0.000768809 0.00127534 0.0026957 0.00285654 0.00980967 0.0433053 0.0157184 0.0493955