1 3.115e-05 9.31932e-05 0.000159686 0.000243345 0.000310975 0.000362476 0.000453999 0.000531901 0.000591669 0.000545034 0.000590019 0.000631123 0.000663045 0.000688499
2 4.11001e-05 0.000136886 0.000290106 0.000370502 0.00077647 0.000741547 0.000967102 0.00114446 0.00126828 0.00119029 0.00141601 0.00143708 0.00187778 0.00165479
3 3.9335e-05 0.000138393 0.000338664 0.000410389 0.00119331 0.00105738 0.00147192 0.0018851 0.00223212 0.00205246 0.00254019 0.00260073 0.0034316 0.00302446
4 3.79112e-05 0.000135042 0.000354444 0.000424238 0.00153823 0.00134827 0.0020075 0.00281938 0.00358594 0.00314265 0.00390372 0.00401988 0.00503631 0.00470716
5 3.51426e-05 0.000125164 0.000337268 0.000404361 0.0017097 0.0015368 0.00245043 0.00378879 0.00516179 0.00422183 0.00512832 0.00558843 0.00730814 0.00726529
6 3.22606e-05 0.000113841 0.000304763 0.000365757 0.00169359 0.00158904 0.0027148 0.00464004 0.00676506 0.00528332 0.00706975 0.00837949 0.0112216 0.0118596
7 2.75111e-05 9.5908e-05 0.000248218 0.000298725 0.00148176 0.00142423 0.00269989 0.00543096 0.00909603 0.00722739 0.010451 0.0133671 0.018058 0.0202668
8 2.4891e-05 8.57961e-05 0.000220555 0.000256984 0.00139923 0.00136091 0.0028289 0.00663155 0.0125882 0.0100188 0.015459 0.0213171 0.0284445 0.033549
9 2.39672e-05 8.15624e-05 0.000202837 0.000235164 0.00126273 0.00124052 0.00279953 0.0076277 0.0163257 0.0128274 0.0207823 0.0305611 0.0399783 0.049104
10 2.15212e-05 7.27539e-05 0.000175736 0.000205462 0.00103008 0.00101175 0.00244989 0.00775789 0.0187517 0.0143931 0.0241544 0.037595 0.0465432 0.0585063
11 1.95694e-05 6.551e-05 0.000152958 0.000181689 0.000813938 0.000779323 0.00197572 0.00723517 0.0198064 0.0148035 0.0256061 0.041879 0.0478414 0.0612186
12 1.86954e-05 6.20399e-05 0.000140576 0.000169946 0.000670319 0.000612578 0.00156071 0.0065267 0.0202816 0.014761 0.0262809 0.0450392 0.0469893 0.0610161
13 1.83588e-05 6.06326e-05 0.000134819 0.000165103 0.000585041 0.000509457 0.0012443 0.00582316 0.0205691 0.0145935 0.0267495 0.0480001 0.045513 0.0598129
14 1.82014e-05 5.9987e-05 0.000132093 0.000162964 0.000535184 0.000450043 0.00101594 0.00517146 0.0207746 0.0143872 0.0271708 0.051048 0.0438383 0.0581675
15 1.81009e-05 5.9601e-05 0.000130603 0.000161769 0.000505622 0.000416951 0.000856114 0.00457992 0.0209208 0.0141587 0.0275769 0.0542605 0.0420668 0.0562326
16 1.80166e-05 5.92919e-05 0.000129585 0.000160883 0.000487363 0.00039843 0.000746883 0.00404714 0.0210042 0.0139075 0.0279669 0.0576602 0.0402264 0.0540656
17 1.79371e-05 5.90088e-05 0.000128737 0.000160078 0.000475344 0.00038755 0.000673526 0.00356944 0.0210176 0.0136302 0.0283315 0.0612561 0.0383311 0.0517034
18 1.78519e-05 5.87074e-05 0.000127906 0.00015925 0.000466584 0.000380497 0.000624439 0.00314275 0.0209473 0.0133198 0.0286573 0.065053 0.0363931 0.0491821
19 1.77559e-05 5.83725e-05 0.000127005 0.000158314 0.000459334 0.000375101 0.000591004 0.00276214 0.0207778 0.0129705 0.0289279 0.0690532 0.0344272 0.0465415
20 1.76415e-05 5.79727e-05 0.000125968 0.000157214 0.00045252 0.000370261 0.000567238 0.00242253 0.0204908 0.0125743 0.029125 0.073256 0.0324549 0.0438261